Label: Box
Position: -2.58876, 0.376934, -0.0736412
Orientation (Quaternion): 0.10314, -0.411295, -0.16503, 0.890485
5.27193
5.23792
5.20554
5.1749
5.14603
5.11866
5.09296
5.06885
5.04621
5.02504
5.0052
4.98688
2.75049
2.68814
2.62205
2.56569
2.51317
2.46341
2.41621
2.37142
2.32888
2.28844
2.24997
2.21856
2.17079
2.14978
2.10835
2.08416
2.05753
2.01705
2.04683
4.89726
4.90612
4.91615
4.92775
4.94047
4.95467
4.97014
4.98688
5.0052
5.02504
5.04621
5.06885
5.09296
5.11866
5.14603
5.1749
5.20554
5.23792
5.27193
5.23786
5.204
5.17185
5.14144
5.11264
5.08553
5.06004
5.03606
5.01344
4.99248
4.97291
2.76028
2.69616
2.63562
2.57842
2.52429
2.47303
2.42444
2.37834
2.33457
2.30079
2.2649
2.22705
2.1781
2.15665
2.11784
2.08606
2.06159
2.03417
2.00051
2.04935
2.08688
4.87431
4.88442
4.89588
4.90853
4.92262
4.93796
4.95467
4.97291
4.99248
5.01344
5.03606
5.06004
5.08553
5.11264
5.14144
5.17185
5.204
5.23786
5.20561
5.17193
5.13997
5.10979
5.08121
5.05419
5.02873
5.00491
4.98253
4.9617
4.94217
2.7162
2.65364
2.59455
2.53869
2.48581
2.43571
2.38821
2.34312
2.3164
2.25959
2.23683
2.18402
2.16469
2.12732
2.091
2.06416
2.0385
2.01093
2.01544
2.0522
2.08866
2.13408
4.85432
4.86566
4.87826
4.89225
4.90746
4.92415
4.94217
4.9617
4.98253
5.00491
5.02873
5.05419
5.08121
5.10979
5.13997
5.17193
5.20561
5.17485
5.14152
5.10977
5.07972
5.05124
5.02444
4.9992
4.97553
4.95323
4.93254
4.91315
2.6753
2.61419
2.55643
2.5204
2.46888
2.42002
2.37364
2.3296
2.28774
2.24792
2.21002
2.17393
2.13414
2.10524
2.06632
2.04273
2.01666
1.98726
2.01905
2.05513
2.0936
2.13034
2.18042
4.83698
4.8496
4.86331
4.87863
4.89519
4.91315
4.93254
4.95323
4.97553
4.9992
5.02444
5.05124
5.07972
5.10977
5.14152
5.17485
5.14604
5.11271
5.08118
5.05132
5.02301
4.99633
4.97128
4.94769
4.92554
4.90491
2.70073
2.63741
2.59681
2.5407
2.48763
2.43732
2.38962
2.34433
2.3013
2.2604
2.22149
2.18445
2.14917
2.11491
2.08346
2.0463
2.02184
1.98982
1.98127
2.02292
2.05796
2.09107
2.14202
2.18775
2.23358
4.8224
4.83623
4.8513
4.86776
4.8857
4.90491
4.92554
4.94769
4.97128
4.99633
5.02301
5.05132
5.08118
5.11271
5.14604
5.11873
5.08549
5.05415
5.02444
4.99635
4.96984
4.94486
4.92145
4.89936
4.87888
2.66434
2.60233
2.56301
2.50826
2.45641
2.39099
2.36066
2.3164
2.27434
2.23434
2.19628
2.16004
2.12552
2.09261
2.04849
2.02664
2.00153
1.96904
1.98425
2.02684
2.06044
2.0961
2.14894
2.19356
2.23412
2.28808
4.81049
4.82563
4.84199
4.85966
4.87888
4.89936
4.92145
4.94486
4.96984
4.99635
5.02444
5.05415
5.08549
5.11873
5.09291
5.05997
5.02883
4.99918
4.97117
4.94488
4.91999
4.89666
4.87477
2.69513
2.63072
2.56992
2.51247
2.47737
2.4267
2.37866
2.33307
2.28977
2.24861
2.20948
2.17222
2.13674
2.10293
2.06748
2.03044
2.00741
1.97278
1.95988
1.9927
2.03063
2.06233
2.10974
2.1553
2.20005
2.2473
2.29051
2.34756
4.80135
4.81767
4.8353
4.85427
4.87477
4.89666
4.91999
4.94488
4.97117
4.99918
5.02883
5.05997
5.09291
5.06874
5.03604
5.00494
4.97547
4.94765
4.92145
4.89664
4.87345
4.85157
2.66293
2.59973
2.54005
2.48363
2.43023
2.39842
2.35139
2.30678
2.2644
2.2241
2.18576
2.14927
2.1145
2.08137
2.04978
2.01262
1.98569
1.95388
1.95928
2.00186
2.03406
2.07181
2.11804
2.14689
2.20725
2.24088
2.29437
2.35121
2.41166
4.79476
4.8123
4.83132
4.85157
4.87345
4.89664
4.92145
4.94765
4.97547
5.00494
5.03604
5.06874
5.04619
5.01352
4.98256
4.95323
4.92557
4.89943
4.87474
4.85166
2.69915
2.63333
2.57123
2.51257
2.4571
2.42003
2.35482
2.32544
2.28175
2.24021
2.20072
2.16315
2.12737
2.09329
2.06079
2.0165
1.99512
1.95883
1.94371
1.96373
2.00655
2.03687
2.08226
2.12021
2.16982
2.21515
2.26302
2.29968
2.35636
2.41665
2.48088
2.5478
4.8097
4.82996
4.85166
4.87474
4.89943
4.92557
4.95323
4.98256
5.01352
5.04619
5.02494
4.9924
4.96167
4.93248
4.90468
4.87884
4.85427
4.83133
2.67091
2.60619
2.5451
2.48738
2.43277
2.38106
2.33205
2.30075
2.24137
2.21718
2.17845
2.14159
2.10649
2.06214
2.04026
2.00061
1.97126
1.94148
1.93986
1.96955
2.01088
2.05473
2.09374
2.13482
2.17811
2.22378
2.272
2.30643
2.363
2.4232
2.48733
2.55573
2.62749
4.80973
4.83133
4.85427
4.87884
4.90468
4.93248
4.96167
4.9924
5.02494
5.00522
4.9729
4.94222
4.91316
4.88557
4.85973
4.83533
2.70869
2.64353
2.5814
2.52124
2.46437
2.4173
2.36812
2.31125
2.26538
2.2218
2.19523
2.15722
2.12104
2.08658
2.05374
2.01737
1.9894
1.96406
1.93116
1.9561
1.98042
2.01458
2.05788
2.10208
2.14347
2.1871
2.23312
2.28174
2.33312
2.37115
2.43131
2.4954
2.56378
2.63446
2.71431
4.81234
4.83533
4.85973
4.88557
4.91316
4.94222
4.9729
5.00522
4.98698
4.95475
4.92416
4.89523
4.86777
4.8419
2.7457
2.66899
2.61412
2.5539
2.49701
2.44323
2.39037
2.34006
2.29235
2.25485
2.21358
2.17434
2.137
2.10146
2.0676
2.03534
1.99559
1.9752
1.9472
1.92626
1.96391
1.994
2.03379
2.07145
2.10017
2.15282
2.19681
2.24323
2.29227
2.3441
2.39895
2.44099
2.50512
2.57354
2.64666
2.72844
2.81864
4.81768
4.8419
4.86777
4.89523
4.92416
4.95475
4.98698
4.97017
4.93796
4.9075
4.87866
4.85138
4.82554
2.70219
2.64879
2.58621
2.52714
2.47133
2.41854
2.36856
2.32118
2.27437
2.22794
2.18416
2.15445
2.11775
2.08282
2.03467
2.00389
1.97825
1.94901
1.92255
1.93024
1.97232
2.00079
2.04043
2.08078
2.12076
2.16287
2.20727
2.25411
2.30359
2.35592
2.41131
2.45226
2.51648
2.58503
2.65829
2.74026
4.77857
4.80137
4.82554
4.85138
4.87866
4.9075
4.93796
4.97017
4.95469
4.9226
4.89222
4.86341
4.83624
4.81046
2.68631
2.62116
2.54899
2.50175
2.44695
2.3951
2.346
2.29944
2.25527
2.21332
2.17345
2.13225
2.09325
2.06507
2.02166
2.00072
1.96269
1.94291
1.91632
1.94831
1.96904
2.01599
2.04778
2.09078
2.13113
2.17362
2.21847
2.26576
2.31575
2.3686
2.42454
2.48387
2.52952
2.59826
2.67173
2.7504
4.76369
4.7864
4.81046
4.83624
4.86341
4.89222
4.9226
4.95469
4.94054
4.90857
4.87823
4.84961
4.82245
4.79687
2.65893
2.59497
2.52974
2.47767
2.42382
2.37286
2.32458
2.2788
2.23535
2.19408
2.15485
2.11753
2.08201
2.0468
2.01194
1.9852
1.95161
1.92309
1.9201
1.94967
1.97953
2.02594
2.06274
2.10146
2.14222
2.18516
2.23043
2.27823
2.32873
2.38215
2.4387
2.49869
2.54426
2.61325
2.68703
2.76603
4.75006
4.7727
4.79687
4.82245
4.84961
4.87823
4.90857
4.94054
4.92773
4.89582
4.86567
4.83695
4.80995
2.70028
2.63301
2.57015
2.51085
2.45485
2.40189
2.35176
2.30425
2.2592
2.21644
2.17581
2.13718
2.10044
2.06545
2.03213
1.99768
1.97008
1.94119
1.90537
1.932
1.9675
1.99316
2.03653
2.07372
2.11284
2.15402
2.19743
2.24319
2.29152
2.34259
2.39661
2.45383
2.49579
2.56072
2.63005
2.7042
4.71658
4.73765
4.76041
4.78445
4.80995
4.83695
4.86567
4.89582
4.92773
4.91617
4.88441
4.85422
4.82565
4.79877
2.67408
2.60848
2.54666
2.48833
2.43322
2.3811
2.33175
2.28498
2.24062
2.1985
2.15847
2.12042
2.0842
2.04973
2.01688
1.97766
1.95571
1.92723
1.90776
1.9456
1.97801
2.00036
2.03827
2.08538
2.12493
2.16658
2.21047
2.25677
2.29015
2.35733
2.39495
2.45242
2.51364
2.57894
2.64869
2.7233
4.70563
4.72671
4.7493
4.77328
4.79877
4.82565
4.85422
4.88441
4.91617
4.90614
4.8743
4.84431
4.8158
2.73159
2.64626
2.58528
2.52444
2.46702
2.41276
2.36142
2.31281
2.26673
2.22301
2.18149
2.14204
2.10451
2.06881
2.03481
2.00241
1.95956
1.94206
1.90586
1.92516
1.95639
1.98915
2.02356
2.05695
2.09174
2.13776
2.1799
2.22432
2.26022
2.30834
2.37299
2.41377
2.4716
2.53322
2.59897
2.66921
4.67622
4.69593
4.71695
4.7393
4.76339
4.78888
4.8158
4.84431
4.8743
4.90614
4.89723
4.86553
4.83546
4.80711
2.6849
2.61181
2.55453
2.49989
2.44687
2.3934
2.34281
2.29488
2.24945
2.20633
2.16539
2.12647
2.08945
2.05422
2.02067
1.98869
1.95821
1.92914
1.90377
1.93621
1.96779
1.99858
2.03576
2.07236
2.11084
2.14982
2.18878
2.22971
2.28646
2.32806
2.38959
2.43424
2.49249
2.55459
2.62085
2.69167
4.66778
4.68731
4.70845
4.7309
4.75473
4.78015
4.80711
4.83546
4.86553
4.89723
4.88972
4.858
4.82802
4.79963
2.67158
2.60531
2.54267
2.47074
2.42008
2.37161
2.32521
2.27794
2.23312
2.19057
2.15016
2.11174
2.0752
2.04041
2.00728
1.97571
1.94559
1.9057
1.90565
1.94786
1.97012
2.0134
2.04865
2.08571
2.12469
2.16572
2.20894
2.25452
2.29851
2.34936
2.40717
2.4564
2.51515
2.57778
2.64464
2.71611
4.66058
4.68023
4.7012
4.72364
4.74753
4.77285
4.79963
4.82802
4.858
4.88972
4.88335
4.85182
4.82186
2.72517
2.65051
2.58495
2.52319
2.46492
2.39409
2.34701
2.30678
2.26081
2.21743
2.17568
2.13577
2.09783
2.06173
2.02736
1.99463
1.95574
1.93368
1.90276
1.9293
1.94563
1.99254
2.02654
2.06225
2.0998
2.1393
2.18089
2.2247
2.27091
2.31969
2.37123
2.42462
2.4803
2.53961
2.60286
2.6704
4.63631
4.65454
4.67415
4.69517
4.71757
4.74142
4.76673
4.79351
4.82186
4.85182
4.88335
4.87837
4.84678
4.81696
4.78858
2.63408
2.56579
2.50483
2.44733
2.393
2.34161
2.28118
2.24432
2.20109
2.16026
2.12165
2.0847
2.04902
2.01505
1.98269
1.95184
1.90862
1.90407
1.94183
1.96976
2.00592
2.04038
2.07659
2.11466
2.15471
2.19689
2.24133
2.28822
2.33772
2.39003
2.44539
2.50402
2.56596
2.6299
2.69819
4.63146
4.64976
4.66938
4.69035
4.71272
4.73654
4.76172
4.78858
4.81696
4.84678
4.87837
4.87451
4.84302
4.81305
4.78486
4.75808
4.73288
2.4876
2.43079
2.37711
2.32634
2.27827
2.21879
2.18637
2.14563
2.10944
2.07235
2.03619
2.00345
1.96295
1.94092
1.90491
1.92479
1.95501
1.98672
2.02
2.05495
2.09168
2.1303
2.17094
2.21374
2.25886
2.30646
2.35672
2.40986
2.4661
2.52569
2.58892
2.65609
2.72755
4.62791
4.64624
4.66579
4.68675
4.70899
4.73288
4.75808
4.78486
4.81305
4.84302
4.87451
4.87209
4.84054
4.81064
4.78238
4.75568
4.73044
4.70656
2.41762
2.3622
2.312
2.26446
2.21839
2.17325
2.13256
2.09408
2.05767
2.02321
1.98913
1.96086
1.93065
1.90549
1.93821
1.95592
2.00104
2.0348
2.07027
2.10755
2.14676
2.18802
2.23149
2.27731
2.32567
2.37675
2.43076
2.48794
2.54855
2.61286
2.68122
4.6087
4.62561
4.64374
4.66335
4.68427
4.70656
4.73044
4.75568
4.78238
4.81064
4.84054
4.87209
4.87073
4.83939
4.80942
4.78106
4.75444
4.72918
4.70545
4.68307
4.66219
2.29857
2.25152
2.20264
2.15442
2.12102
2.08619
2.04612
2.01527
1.97321
1.93886
1.91066
1.9085
1.95229
1.97735
2.01606
2.05035
2.08637
2.12423
2.16405
2.20598
2.25015
2.29673
2.34589
2.39783
2.45277
2.51095
2.56414
2.63811
2.70772
4.60752
4.62437
4.64247
4.66219
4.68307
4.70545
4.72918
4.75444
4.78106
4.80942
4.83939
4.87073
4.87073
4.83939
4.80942
4.78106
4.75444
4.72918
4.70545
4.68307
4.66219
4.64247
4.62437
2.19527
2.15335
2.11099
2.07246
2.036
2.00541
1.96565
1.9403
1.91021
1.93153
1.96419
1.9955
2.03085
2.0666
2.10326
2.14174
2.18222
2.22485
2.26976
2.31714
2.36716
2.42002
2.47594
2.53053
2.598
2.65148
4.59186
4.60752
4.62437
4.64247
4.66219
4.68307
4.70545
4.72918
4.75444
4.78106
4.80942
4.83939
4.87073
4.87209
4.84054
4.81064
4.78238
4.75568
4.73044
4.70656
4.68427
4.66335
4.64374
4.62561
4.6087
2.14387
2.09822
2.06386
2.03019
1.98776
1.96096
1.93213
1.91505
1.94995
1.97221
2.01465
2.04837
2.08178
2.11972
2.15968
2.2013
2.24466
2.29037
2.33859
2.38951
2.44335
2.50032
2.56068
2.62472
2.69275
4.5931
4.6087
4.62561
4.64374
4.66335
4.68427
4.70656
4.73044
4.75568
4.78238
4.81064
4.84054
4.87209
4.87451
4.84302
4.81305
4.78486
4.75808
4.73288
4.70899
4.68675
4.66579
4.64624
4.62791
4.61109
4.59551
4.5812
2.05671
2.02003
1.98546
1.95389
1.91968
1.93691
1.96312
1.991
2.0314
2.0657
2.10172
2.13689
2.17724
2.21979
2.26469
2.312
2.36112
2.413
2.46787
2.52594
2.5875
2.65284
2.72227
4.59551
4.61109
4.62791
4.64624
4.66579
4.68675
4.70899
4.73288
4.75808
4.78486
4.81305
4.84302
4.87451
4.87837
4.84678
4.81696
4.78858
4.76172
4.73654
4.71272
4.69035
4.66938
4.64976
4.63146
4.61461
4.59903
4.5847
4.57155
4.55984
1.97966
1.94737
1.9221
1.95246
1.98056
2.01232
2.04894
2.08038
2.11712
2.15581
2.19661
2.23963
2.28504
2.33302
2.38227
2.43658
2.49363
2.55289
2.61572
2.68242
4.5847
4.59903
4.61461
4.63146
4.64976
4.66938
4.69035
4.71272
4.73654
4.76172
4.78858
4.81696
4.84678
4.87837
4.88335
4.85182
4.82186
4.79351
4.76673
4.74142
4.71757
4.69517
4.67415
4.65454
4.63631
4.61944
4.60381
4.5894
4.57631
4.56452
4.55383
1.92956
1.941
1.96861
2.001
2.03148
2.06499
2.10027
2.13742
2.17657
2.21256
2.24879
2.29946
2.34362
2.39657
2.45308
2.51344
2.57798
2.64538
2.71355
4.5894
4.60381
4.61944
4.63631
4.65454
4.67415
4.69517
4.71757
4.74142
4.76673
4.79351
4.82186
4.85182
4.88335
4.88972
4.858
4.82802
4.79963
4.77285
4.74753
4.72364
4.7012
4.68023
4.66058
4.64217
4.6253
4.60972
4.59529
4.5821
4.57036
4.55974
4.55032
4.54212
4.53508
4.52929
2.05239
2.07415
2.12041
2.16079
2.20084
2.24298
2.28735
2.33415
2.38351
2.43565
2.49078
2.53074
2.59579
2.66543
4.5821
4.59529
4.60972
4.6253
4.64217
4.66058
4.68023
4.7012
4.72364
4.74753
4.77285
4.79963
4.82802
4.858
4.88972
4.89723
4.86553
4.83546
4.80711
4.78015
4.75473
4.7309
4.70845
4.68731
4.66778
4.64942
4.63248
4.61687
4.60246
4.58934
4.57748
4.56682
4.55734
4.54905
4.54197
4.53631
4.53154
4.52813
4.52579
4.52459
2.22807
2.26622
2.31152
2.3593
2.40972
2.46298
2.51931
2.57897
2.64221
2.70094
4.58934
4.60246
4.61687
4.63248
4.64942
4.66778
4.68731
4.70845
4.7309
4.75473
4.78015
4.80711
4.83546
4.86553
4.89723
4.90614
4.8743
4.84431
4.8158
4.78888
4.76339
4.7393
4.71695
4.69593
4.67622
4.65791
4.64093
4.62521
4.61077
4.59766
4.5857
4.57502
4.56553
4.5574
4.55033
4.54443
4.53978
4.53619
4.53395
4.5328
4.5328
4.53395
4.53619
4.53978
4.54443
2.49215
2.54929
2.61032
2.67506
4.5857
4.59766
4.61077
4.62521
4.64093
4.65791
4.67622
4.69593
4.71695
4.7393
4.76339
4.78888
4.8158
4.84431
4.8743
4.90614
4.91617
4.88441
4.85422
4.82565
4.79877
4.77328
4.7493
4.72671
4.70563
4.68585
4.66748
4.65041
4.63475
4.62035
4.60713
4.59521
4.58447
4.57505
4.56674
4.55969
4.55388
4.54908
4.54568
4.54334
4.54219
4.54219
4.54334
4.54568
4.54908
4.55388
4.55969
4.56674
4.57505
4.58447
4.59521
4.60713
4.62035
4.63475
4.65041
4.66748
4.68585
4.70563
4.72671
4.7493
4.77328
4.79877
4.82565
4.85422
4.88441
4.91617
4.92773
4.89582
4.86567
4.83695
4.80995
4.78445
4.76041
4.73765
4.71658
4.69681
4.6784
4.66126
4.64556
4.6311
4.61789
4.60594
4.59518
4.58574
4.57738
4.57035
4.5645
4.55976
4.55622
4.55391
4.55281
4.55281
4.55391
4.55622
4.55976
4.5645
4.57035
4.57738
4.58574
4.59518
4.60594
4.61789
4.6311
4.64556
4.66126
4.6784
4.69681
4.71658
4.73765
4.76041
4.78445
4.80995
4.83695
4.86567
4.89582
4.92773
4.94054
4.90857
4.87823
4.84961
4.82245
4.79687
4.7727
4.75006
4.72882
4.70901
4.69057
4.6734
4.65762
4.64301
4.62973
4.61783
4.60712
4.5976
4.58933
4.58218
4.57625
4.5715
4.56805
4.56577
4.56457
4.56457
4.56577
4.56805
4.5715
4.57625
4.58218
4.58933
4.5976
4.60712
4.61783
4.62973
4.64301
4.65762
4.6734
4.69057
4.70901
4.72882
4.75006
4.7727
4.79687
4.82245
4.84961
4.87823
4.90857
4.94054
4.95469
4.9226
4.89222
4.86341
4.83624
4.81046
4.7864
4.76369
4.74232
4.72243
4.70392
4.68681
4.67094
4.65636
4.64313
4.63105
4.62028
4.61072
4.60242
4.59523
4.5894
4.58464
4.58117
4.57871
4.57768
4.57768
4.57871
4.58117
4.58464
4.5894
4.59523
4.60242
4.61072
4.62028
4.63105
4.64313
4.65636
4.67094
4.68681
4.70392
4.72243
4.74232
4.76369
4.7864
4.81046
4.83624
4.86341
4.89222
4.9226
4.95469
4.97017
4.93796
4.9075
4.87866
4.85138
4.82554
4.80137
4.77857
4.75715
4.73715
4.7186
4.70148
4.68555
4.67088
4.65764
4.64554
4.63475
4.62513
4.61676
4.60959
4.60381
4.59904
4.59535
4.59312
4.59194
4.59194
4.59312
4.59535
4.59904
4.60381
4.60959
4.61676
4.62513
4.63475
4.64554
4.65764
4.67088
4.68555
4.70148
4.7186
4.73715
4.75715
4.77857
4.80137
4.82554
4.85138
4.87866
4.9075
4.93796
4.97017
4.98698
4.95475
4.92416
4.89523
4.86777
4.8419
4.81768
4.79475
4.77328
4.75335
4.7347
4.71728
4.70143
4.68682
4.67339
4.66129
4.65052
4.64086
4.6324
4.62524
4.61944
4.61467
4.61109
4.60872
4.60747
4.60747
4.60872
4.61109
4.61467
4.61944
4.62524
4.6324
4.64086
4.65052
4.66129
4.67339
4.68682
4.70143
4.71728
4.7347
4.75335
4.77328
4.79475
4.81768
4.8419
4.86777
4.89523
4.92416
4.95475
4.98698
5.00522
4.9729
4.94222
4.91316
4.88557
4.85973
4.83533
4.81234
4.79087
4.77075
4.75204
4.73471
4.71866
4.70399
4.69059
4.67841
4.66748
4.65784
4.64953
4.64231
4.63636
4.6316
4.62799
4.62561
4.62433
4.62433
4.62561
4.62799
4.6316
4.63636
4.64231
4.64953
4.65784
4.66748
4.67841
4.69059
4.70399
4.71866
4.73471
4.75204
4.77075
4.79087
4.81234
4.83533
4.85973
4.88557
4.91316
4.94222
4.9729
5.00522
5.02494
4.9924
4.96167
4.93248
4.90468
4.87884
4.85427
4.83133
4.80973
4.7895
4.77078
4.75334
4.73726
4.72251
4.70902
4.69682
4.68589
4.67623
4.66783
4.66062
4.65463
4.64971
4.64622
4.64383
4.64267
4.64267
4.64383
4.64622
4.64971
4.65463
4.66062
4.66783
4.67623
4.68589
4.69682
4.70902
4.72251
4.73726
4.75334
4.77078
4.7895
4.80973
4.83133
4.85427
4.87884
4.90468
4.93248
4.96167
4.9924
5.02494
5.04619
5.01352
4.98256
4.95323
4.92557
4.89943
4.87474
4.85166
4.82996
4.8097
4.79087
4.77336
4.75715
4.74226
4.72885
4.71665
4.70553
4.69587
4.68742
4.68019
4.67415
4.66937
4.66578
4.66335
4.66211
4.66211
4.66335
4.66578
4.66937
4.67415
4.68019
4.68742
4.69587
4.70553
4.71665
4.72885
4.74226
4.75715
4.77336
4.79087
4.8097
4.82996
4.85166
4.87474
4.89943
4.92557
4.95323
4.98256
5.01352
5.04619
5.06874
5.03604
5.00494
4.97547
4.94765
4.92145
4.89664
4.87345
4.85157
4.83132
4.8123
4.79476
4.77856
4.76371
4.7501
4.73783
4.72677
4.717
4.70854
4.70107
4.69521
4.69036
4.68664
4.68433
4.68308
4.68308
4.68433
4.68664
4.69036
4.69521
4.70107
4.70854
4.717
4.72677
4.73783
4.7501
4.76371
4.77856
4.79476
4.8123
4.83132
4.85157
4.87345
4.89664
4.92145
4.94765
4.97547
5.00494
5.03604
5.06874
5.09291
5.05997
5.02883
4.99918
4.97117
4.94488
4.91999
4.89666
4.87477
4.85427
4.8353
4.81767
4.80135
4.78643
4.77277
4.76042
4.74929
4.7395
4.73092
4.72354
4.71757
4.71274
4.70906
4.70665
4.7055
4.7055
4.70665
4.70906
4.71274
4.71757
4.72354
4.73092
4.7395
4.74929
4.76042
4.77277
4.78643
4.80135
4.81767
4.8353
4.85427
4.87477
4.89666
4.91999
4.94488
4.97117
4.99918
5.02883
5.05997
5.09291
5.11873
5.08549
5.05415
5.02444
4.99635
4.96984
4.94486
4.92145
4.89936
4.87888
4.85966
4.84199
4.82563
4.81049
4.79679
4.78443
4.77332
4.76344
4.75483
4.74753
4.7414
4.73655
4.73283
4.73028
4.72921
4.72921
4.73028
4.73283
4.73655
4.7414
4.74753
4.75483
4.76344
4.77332
4.78443
4.79679
4.81049
4.82563
4.84199
4.85966
4.87888
4.89936
4.92145
4.94486
4.96984
4.99635
5.02444
5.05415
5.08549
5.11873
5.14604
5.11271
5.08118
5.05132
5.02301
4.99633
4.97128
4.94769
4.92554
4.90491
4.8857
4.86776
4.8513
4.83623
4.8224
4.80994
4.79877
4.78885
4.78022
4.77281
4.7667
4.76177
4.75808
4.75563
4.75445
4.75445
4.75563
4.75808
4.76177
4.7667
4.77281
4.78022
4.78885
4.79877
4.80994
4.8224
4.83623
4.8513
4.86776
4.8857
4.90491
4.92554
4.94769
4.97128
4.99633
5.02301
5.05132
5.08118
5.11271
5.14604
5.17485
5.14152
5.10977
5.07972
5.05124
5.02444
4.9992
4.97553
4.95323
4.93254
4.91315
4.89519
4.87863
4.86331
4.8496
4.83698
4.8258
4.81579
4.80702
4.79962
4.7935
4.78853
4.78486
4.78241
4.7812
4.7812
4.78241
4.78486
4.78853
4.7935
4.79962
4.80702
4.81579
4.8258
4.83698
4.8496
4.86331
4.87863
4.89519
4.91315
4.93254
4.95323
4.97553
4.9992
5.02444
5.05124
5.07972
5.10977
5.14152
5.17485
5.20561
5.17193
5.13997
5.10979
5.08121
5.05419
5.02873
5.00491
4.98253
4.9617
4.94217
4.92415
4.90746
4.89225
4.87826
4.86566
4.85432
4.84423
4.83555
4.82793
4.8219
4.81682
4.81314
4.81066
4.80953
4.80953
4.81066
4.81314
4.81682
4.8219
4.82793
4.83555
4.84423
4.85432
4.86566
4.87826
4.89225
4.90746
4.92415
4.94217
4.9617
4.98253
5.00491
5.02873
5.05419
5.08121
5.10979
5.13997
5.17193
5.20561
5.23786
5.204
5.17185
5.14144
5.11264
5.08553
5.06004
5.03606
5.01344
4.99248
4.97291
4.95467
4.93796
4.92262
4.90853
4.89588
4.88442
4.87431
4.86559
4.85806
4.85177
4.84681
4.84297
4.84057
4.83932
4.83932
4.84057
4.84297
4.84681
4.85177
4.85806
4.86559
4.87431
4.88442
4.89588
4.90853
4.92262
4.93796
4.95467
4.97291
4.99248
5.01344
5.03606
5.06004
5.08553
5.11264
5.14144
5.17185
5.204
5.23786
5.27193
5.23792
5.20554
5.1749
5.14603
5.11866
5.09296
5.06885
5.04621
5.02504
5.0052
4.98688
4.97014
4.95467
4.94047
4.92775
4.91615
4.90612
4.89726
4.88972
4.88341
4.87834
4.87464
4.872
4.87086
4.87086
4.872
4.87464
4.87834
4.88341
4.88972
4.89726
4.90612
4.91615
4.92775
4.94047
4.95467
4.97014
4.98688
5.0052
5.02504
5.04621
5.06885
5.09296
5.11866
5.14603
5.1749
5.20554
5.23792
5.27193
