Label: Box
Position: -2.33094, 0.495163, -0.0604572
Orientation (Quaternion): 0.170324, 0.0827432, 0.499798, 0.845189
5.27193
5.23792
5.20554
5.1749
5.14603
5.11866
5.09296
5.06885
5.04621
5.02504
5.0052
4.98688
1.87632
1.87142
1.86701
1.86311
1.8597
1.85677
1.84638
1.85238
1.8509
1.8499
1.84938
1.84933
1.84975
1.85065
1.85203
1.85389
1.85623
1.85905
1.86236
1.86616
1.87046
4.91615
4.92775
4.94047
4.95467
4.97014
4.98688
5.0052
5.02504
5.04621
5.06885
5.09296
5.11866
5.14603
5.1749
5.20554
5.23792
5.27193
5.23786
5.204
5.17185
5.14144
5.11264
5.08553
5.06004
5.03606
5.01344
4.99248
4.97291
1.8816
1.87618
1.87127
1.85836
1.86297
1.85955
1.85663
1.8447
1.85224
1.85076
1.84976
1.84923
1.84918
1.84961
1.85051
1.85189
1.85007
1.85609
1.85891
1.86222
1.86602
1.87032
1.87512
1.8808
4.90853
4.92262
4.93796
4.95467
4.97291
4.99248
5.01344
5.03606
5.06004
5.08553
5.11264
5.14144
5.17185
5.204
5.23786
5.20561
5.17193
5.13997
5.10979
5.08121
5.05419
5.02873
5.00491
4.98253
4.9617
4.94217
1.88193
1.87652
1.86673
1.86363
1.8633
1.85989
1.85696
1.85453
1.85257
1.85109
1.85009
1.84957
1.84952
1.84994
1.85084
1.85222
1.85408
1.85642
1.85924
1.86255
1.86635
1.87066
1.87546
1.88077
1.87712
4.89225
4.90746
4.92415
4.94217
4.9617
4.98253
5.00491
5.02873
5.05419
5.08121
5.10979
5.13997
5.17193
5.20561
5.17485
5.14152
5.10977
5.07972
5.05124
5.02444
4.9992
4.97553
4.95323
4.93254
1.88869
1.88275
1.87717
1.87242
1.86297
1.86411
1.8607
1.85777
1.85533
1.85327
1.8519
1.8509
1.85037
1.85032
1.85075
1.85165
1.85303
1.85489
1.85258
1.86006
1.86337
1.86717
1.87148
1.87628
1.88159
1.88743
1.88625
1.90079
4.89519
4.91315
4.93254
4.95323
4.97553
4.9992
5.02444
5.05124
5.07972
5.10977
5.14152
5.17485
5.14604
5.11271
5.08118
5.05132
5.02301
4.99633
4.97128
4.94769
4.92554
4.90491
1.88999
1.88405
1.87863
1.87371
1.86931
1.8654
1.86198
1.85906
1.85661
1.85283
1.85318
1.85218
1.85166
1.85161
1.85203
1.85294
1.85432
1.85618
1.85852
1.85231
1.86466
1.86847
1.87278
1.87759
1.88291
1.88874
1.8951
1.902
1.90578
1.91817
4.90491
4.92554
4.94769
4.97128
4.99633
5.02301
5.05132
5.08118
5.11271
5.14604
5.11873
5.08549
5.05415
5.02444
4.99635
4.96984
4.94486
4.92145
4.89936
1.89849
1.89178
1.88583
1.87638
1.87549
1.87108
1.86717
1.86375
1.86082
1.85838
1.853
1.85494
1.85394
1.85342
1.85337
1.8538
1.8547
1.85609
1.85795
1.8603
1.86313
1.86645
1.87025
1.87457
1.87938
1.88471
1.89055
1.89692
1.90382
1.91126
1.9132
1.92783
4.89936
4.92145
4.94486
4.96984
4.99635
5.02444
5.05415
5.08549
5.11873
5.09291
5.05997
5.02883
4.99918
4.97117
4.94488
4.91999
4.89666
4.87477
1.90053
1.89405
1.8881
1.87651
1.87774
1.87333
1.86941
1.86599
1.86306
1.86062
1.85376
1.85718
1.85521
1.85566
1.85561
1.85604
1.85695
1.85833
1.8602
1.86255
1.86539
1.86871
1.87253
1.87685
1.88167
1.887
1.89285
1.89923
1.90614
1.91359
1.9216
1.93018
1.9374
1.94912
4.91999
4.94488
4.97117
4.99918
5.02883
5.05997
5.09291
5.06874
5.03604
5.00494
4.97547
4.94765
4.92145
4.89664
4.87345
1.91033
1.9033
1.89681
1.89085
1.88541
1.88049
1.87607
1.87215
1.86872
1.86579
1.86335
1.85512
1.85249
1.8589
1.85671
1.85833
1.85877
1.85968
1.86107
1.86294
1.86529
1.86813
1.87146
1.87529
1.87961
1.88444
1.88979
1.89565
1.90203
1.90896
1.91642
1.92445
1.93303
1.9422
1.95196
1.96232
1.97073
4.94765
4.97547
5.00494
5.03604
5.06874
5.04619
5.01352
4.98256
4.95323
4.92557
4.89943
4.87474
4.85166
1.9136
1.90657
1.90007
1.88836
1.8845
1.88372
1.87929
1.87537
1.87194
1.86901
1.86656
1.86459
1.86311
1.85866
1.85695
1.86155
1.86198
1.86289
1.86429
1.86616
1.86852
1.87137
1.87471
1.87854
1.88288
1.88772
1.89307
1.89894
1.90534
1.91228
1.91976
1.9278
1.9364
1.94559
1.95537
1.96575
1.97107
1.98937
4.95323
4.98256
5.01352
5.04619
5.02494
4.9924
4.96167
4.93248
4.90468
4.87884
4.85427
1.92497
1.91738
1.91033
1.90382
1.89785
1.89239
1.88745
1.88302
1.87909
1.87565
1.87271
1.87026
1.86829
1.85997
1.8598
1.85764
1.86525
1.86569
1.8666
1.868
1.86988
1.87225
1.8751
1.87845
1.88229
1.88664
1.89149
1.89686
1.90274
1.90916
1.91611
1.92361
1.93166
1.94029
1.94949
1.95929
1.9697
1.98
4.90468
4.93248
4.96167
4.9924
5.02494
5.00522
4.9729
4.94222
4.91316
4.88557
4.85973
4.83533
1.92927
1.92166
1.9146
1.90808
1.90209
1.89663
1.89168
1.88723
1.8833
1.87986
1.87691
1.87446
1.87249
1.86804
1.87
1.86737
1.86945
1.86989
1.87081
1.87221
1.8741
1.87647
1.87934
1.88269
1.88655
1.8909
1.89577
1.90115
1.90705
1.91348
1.92045
1.92797
1.93604
1.94469
1.95392
1.96374
1.97418
4.85973
4.88557
4.91316
4.94222
4.9729
5.00522
4.98698
4.95475
4.92416
4.89523
4.86777
4.8419
1.94259
1.93408
1.92646
1.91938
1.91284
1.90461
1.90137
1.89641
1.89196
1.88801
1.88457
1.88162
1.87916
1.87719
1.8757
1.8747
1.87418
1.87302
1.87459
1.87551
1.87692
1.87882
1.8812
1.88407
1.88744
1.89131
1.89568
1.90056
1.90595
1.91187
1.91832
1.92531
1.93285
1.94095
1.94962
1.95887
1.96873
1.9731
4.8419
4.86777
4.89523
4.92416
4.95475
4.98698
4.97017
4.93796
4.9075
4.87866
4.85138
4.82554
1.94762
1.93941
1.93177
1.9228
1.91812
1.91087
1.90662
1.90165
1.89719
1.89324
1.88978
1.88683
1.88437
1.88239
1.88091
1.87867
1.87107
1.87935
1.8798
1.88073
1.88215
1.88405
1.88644
1.88932
1.8927
1.89658
1.90097
1.90586
1.91128
1.91721
1.92369
1.9307
1.93826
1.94639
1.95509
1.96437
1.97425
4.80137
4.82554
4.85138
4.87866
4.9075
4.93796
4.97017
4.95469
4.9226
4.89222
4.86341
4.83624
1.96411
1.9535
1.94527
1.9376
1.93049
1.92392
1.91789
1.91239
1.90741
1.90294
1.89898
1.89552
1.89255
1.89009
1.88811
1.88662
1.88077
1.88308
1.88133
1.88552
1.88646
1.88788
1.88979
1.8922
1.89509
1.89848
1.90238
1.90186
1.91169
1.91713
1.92309
1.92958
1.93662
1.94421
1.95236
1.96109
1.9704
1.98045
4.7864
4.81046
4.83624
4.86341
4.89222
4.9226
4.95469
4.94054
4.90857
4.87823
4.84961
4.82245
1.96874
1.95991
1.95166
1.94397
1.93684
1.9238
1.92421
1.91869
1.91369
1.90921
1.90524
1.90177
1.8988
1.89633
1.89435
1.89286
1.89186
1.89134
1.89131
1.89177
1.89271
1.89414
1.8943
1.89848
1.90139
1.90278
1.90511
1.91312
1.91806
1.92351
1.92949
1.93601
1.94307
1.95069
1.95888
1.96764
1.97699
4.75006
4.7727
4.79687
4.82245
4.84961
4.87823
4.90857
4.94054
4.92773
4.89582
4.86567
4.83695
4.80995
1.97573
1.96687
1.95859
1.94382
1.94163
1.93712
1.93106
1.92552
1.92051
1.91602
1.91203
1.90856
1.90558
1.9031
1.90112
1.89963
1.89863
1.89667
1.89602
1.89855
1.89384
1.8976
1.90287
1.90529
1.90616
1.90788
1.91557
1.92
1.92496
1.93044
1.93644
1.94299
1.95008
1.95773
1.96595
1.97475
1.98413
4.73765
4.76041
4.78445
4.80995
4.83695
4.86567
4.89582
4.92773
4.91617
4.88441
4.85422
4.82565
1.99275
1.98327
1.97438
1.96607
1.95834
1.95116
1.94453
1.93845
1.9329
1.92787
1.92337
1.91937
1.91588
1.9129
1.91042
1.90843
1.90694
1.90593
1.89531
1.9054
1.90586
1.90682
1.90495
1.90724
1.91046
1.9111
1.91903
1.92298
1.92743
1.93241
1.93791
1.94395
1.95052
1.95765
1.96533
1.97359
1.98242
1.99185
4.72671
4.7493
4.77328
4.79877
4.82565
4.85422
4.88441
4.91617
4.90614
4.8743
4.84431
4.8158
2.00089
1.99137
1.97935
1.97412
1.96635
1.95915
1.9525
1.9464
1.94083
1.93019
1.93127
1.92726
1.92376
1.91603
1.91828
1.91629
1.91479
1.90734
1.91328
1.90891
1.90929
1.91135
1.91616
1.91569
1.91463
1.92352
1.92697
1.93094
1.93542
1.94043
1.94596
1.95202
1.95863
1.96579
1.97351
1.9818
4.67622
4.69593
4.71695
4.7393
4.76339
4.78888
4.8158
4.84431
4.8743
4.90614
4.89723
4.86553
4.83546
2.01097
2.00961
2.00006
1.9911
1.98274
1.97494
1.96771
1.96104
1.95491
1.94932
1.94426
1.93973
1.93571
1.92577
1.9231
1.9267
1.92471
1.92321
1.91755
1.9217
1.9179
1.92216
1.92044
1.92185
1.92657
1.92847
1.93201
1.93549
1.93948
1.94398
1.94901
1.95457
1.96067
1.96731
1.9745
1.98226
1.99059
4.66778
4.68731
4.70845
4.7309
4.75473
4.78015
4.80711
4.83546
4.86553
4.89723
4.88972
4.858
4.82802
2.02913
2.01757
2.00773
2.00034
1.99194
1.97702
1.97443
1.97016
1.96401
1.9584
1.95332
1.94877
1.94473
1.94121
1.9382
1.93066
1.92891
1.9322
1.9269
1.93069
1.92649
1.93116
1.92955
1.93139
1.93227
1.93809
1.94108
1.94458
1.94859
1.95312
1.95818
1.96377
1.9699
1.97658
1.98381
1.99161
4.64217
4.66058
4.68023
4.7012
4.72364
4.74753
4.77285
4.79963
4.82802
4.858
4.88972
4.88335
4.85182
2.05147
2.03597
2.02826
2.0178
2.00725
2.00174
1.99388
1.9866
1.97987
1.97369
1.96806
1.96296
1.95839
1.95434
1.94666
1.94383
1.9415
1.94327
1.93826
1.94077
1.93692
1.94026
1.93826
1.9398
1.93598
1.94523
1.94773
1.95074
1.95426
1.9583
1.96286
1.96795
1.97357
1.97973
1.98645
1.99373
2.00193
4.63631
4.65454
4.67415
4.69517
4.71757
4.74142
4.76673
4.79351
4.82186
4.85182
4.88335
4.87837
4.84678
4.81696
2.04943
2.03847
2.02958
2.02063
2.01215
2.00426
1.99694
1.99019
1.98398
1.97833
1.9732
1.96862
1.96455
1.95552
1.95253
1.95546
1.95345
1.95194
1.94408
1.95044
1.95044
1.94858
1.95194
1.95057
1.95546
1.95798
1.96101
1.96455
1.96862
1.97321
1.97833
1.98398
1.99019
1.99694
2.00426
4.61461
4.63146
4.64976
4.66938
4.69035
4.71272
4.73654
4.76172
4.78858
4.81696
4.84678
4.87837
4.87451
4.84302
4.81305
4.78486
4.75808
2.04082
2.03171
2.02319
2.01526
2.00791
1.99831
1.99489
1.98856
1.98407
1.97946
1.97538
1.97182
1.96878
1.96625
1.96423
1.96272
1.9617
1.96026
1.96123
1.9595
1.9551
1.95967
1.9663
1.96884
1.97189
1.97546
1.97955
1.98417
1.98933
1.99502
2.00127
2.00807
4.59551
4.61109
4.62791
4.64624
4.66579
4.68675
4.70899
4.73288
4.75808
4.78486
4.81305
4.84302
4.87451
4.87209
4.84054
4.81064
4.78238
4.75568
4.73044
2.03963
2.03259
2.02691
2.01952
2.00798
2.00644
2.00073
1.99556
1.99093
1.98683
1.98326
1.98021
1.97767
1.97565
1.97414
1.97313
1.97264
1.97265
1.97096
1.97187
1.97478
1.97778
1.98033
1.98341
1.98701
1.99113
1.99578
2.00097
2.00671
2.01299
2.01984
4.5931
4.6087
4.62561
4.64374
4.66335
4.68427
4.70656
4.73044
4.75568
4.78238
4.81064
4.84054
4.87209
4.87073
4.83939
4.80942
4.78106
4.75444
4.72918
4.70545
4.68307
2.03891
2.03178
2.02492
2.01863
2.01289
2.0077
2.00305
1.99894
1.99535
1.99228
1.98974
1.98771
1.98619
1.98519
1.9847
1.98472
1.98294
1.98544
1.98783
1.98965
1.99248
1.99558
1.99921
2.00336
2.00805
2.01328
2.01906
2.02539
4.57765
4.59186
4.60752
4.62437
4.64247
4.66219
4.68307
4.70545
4.72918
4.75444
4.78106
4.80942
4.83939
4.87073
4.87073
4.83939
4.80942
4.78106
4.75444
4.72918
4.70545
4.68307
4.66219
4.64247
2.03782
2.0315
2.02573
2.02051
2.01584
2.0117
2.0081
2.00502
2.00247
2.00043
1.99892
1.99791
1.99742
1.99745
1.9954
1.99885
2.00061
2.00269
2.0053
2.00842
2.01208
2.01627
2.02099
2.02626
2.03208
4.56458
4.57765
4.59186
4.60752
4.62437
4.64247
4.66219
4.68307
4.70545
4.72918
4.75444
4.78106
4.80942
4.83939
4.87073
4.87209
4.84054
4.81064
4.78238
4.75568
4.73044
4.70656
4.68427
4.66335
4.64374
4.62561
2.04506
2.03926
2.03401
2.02932
2.02516
2.02154
2.01845
2.01588
2.01384
2.01232
2.01132
2.01083
2.01086
2.00729
2.01228
2.01407
2.01617
2.0188
2.02195
2.02564
2.02987
2.03463
2.03995
2.04581
4.56561
4.57879
4.5931
4.6087
4.62561
4.64374
4.66335
4.68427
4.70656
4.73044
4.75568
4.78238
4.81064
4.84054
4.87209
4.87451
4.84302
4.81305
4.78486
4.75808
4.73288
4.70899
4.68675
4.66579
4.64624
4.62791
4.61109
4.59551
4.5812
2.04442
2.03932
2.03568
2.03258
2.03
2.02795
2.02643
2.02543
2.02495
2.02499
2.02555
2.02592
2.02823
2.03036
2.03302
2.0362
2.03992
2.04418
2.04899
2.05435
4.55632
4.56808
4.5812
4.59551
4.61109
4.62791
4.64624
4.66579
4.68675
4.70899
4.73288
4.75808
4.78486
4.81305
4.84302
4.87451
4.87837
4.84678
4.81696
4.78858
4.76172
4.73654
4.71272
4.69035
4.66938
4.64976
4.63146
4.61461
4.59903
4.5847
4.57155
4.55984
2.05143
2.04743
2.04485
2.04279
2.04126
2.04026
2.03979
2.03983
2.04041
2.03997
2.04313
2.04528
2.04796
2.05118
2.05494
2.05924
2.06409
2.07005
4.55984
4.57155
4.5847
4.59903
4.61461
4.63146
4.64976
4.66938
4.69035
4.71272
4.73654
4.76172
4.78858
4.81696
4.84678
4.87837
4.88335
4.85182
4.82186
4.79351
4.76673
4.74142
4.71757
4.69517
4.67415
4.65454
4.63631
4.61944
4.60381
4.5894
4.57631
4.56452
4.55383
4.54452
2.06128
2.05838
2.05685
2.05585
2.05538
2.05543
2.05602
2.05463
2.05878
2.06095
2.06367
2.06692
2.07071
2.07505
2.07995
4.55383
4.56452
4.57631
4.5894
4.60381
4.61944
4.63631
4.65454
4.67415
4.69517
4.71757
4.74142
4.76673
4.79351
4.82186
4.85182
4.88335
4.88972
4.858
4.82802
4.79963
4.77285
4.74753
4.72364
4.7012
4.68023
4.66058
4.64217
4.6253
4.60972
4.59529
4.5821
4.57036
4.55974
4.55032
4.54212
2.07474
4.52929
2.07221
2.07174
2.07181
2.07241
2.07135
2.07521
2.07741
2.08015
2.08344
2.08727
2.09166
4.55032
4.55974
4.57036
4.5821
4.59529
4.60972
4.6253
4.64217
4.66058
4.68023
4.7012
4.72364
4.74753
4.77285
4.79963
4.82802
4.858
4.88972
4.89723
4.86553
4.83546
4.80711
4.78015
4.75473
4.7309
4.70845
4.68731
4.66778
4.64942
4.63248
4.61687
4.60246
4.58934
4.57748
4.56682
4.55734
4.54905
4.54197
4.53631
4.53154
4.52813
2.08899
2.0896
2.09075
2.09199
2.09467
2.09745
2.10077
2.10394
2.11608
4.55734
4.56682
4.57748
4.58934
4.60246
4.61687
4.63248
4.64942
4.66778
4.68731
4.70845
4.7309
4.75473
4.78015
4.80711
4.83546
4.86553
4.89723
4.90614
4.8743
4.84431
4.8158
4.78888
4.76339
4.7393
4.71695
4.69593
4.67622
4.65791
4.64093
4.62521
4.61077
4.59766
4.5857
4.57502
4.56553
4.5574
4.55033
4.54443
4.53978
4.53619
4.53395
4.5328
2.10632
2.10933
2.11277
2.11558
2.11894
2.11819
4.5574
4.56553
4.57502
4.5857
4.59766
4.61077
4.62521
4.64093
4.65791
4.67622
4.69593
4.71695
4.7393
4.76339
4.78888
4.8158
4.84431
4.8743
4.90614
4.91617
4.88441
4.85422
4.82565
4.79877
4.77328
4.7493
4.72671
4.70563
4.68585
4.66748
4.65041
4.63475
4.62035
4.60713
4.59521
4.58447
4.57505
4.56674
4.55969
4.55388
4.54908
4.54568
4.54334
4.54219
4.54219
4.54334
2.13155
2.1244
2.13232
4.55969
4.56674
4.57505
4.58447
4.59521
4.60713
4.62035
4.63475
4.65041
4.66748
4.68585
4.70563
4.72671
4.7493
4.77328
4.79877
4.82565
4.85422
4.88441
4.91617
4.92773
4.89582
4.86567
4.83695
4.80995
4.78445
4.76041
4.73765
4.71658
4.69681
4.6784
4.66126
4.64556
4.6311
4.61789
4.60594
4.59518
4.58574
4.57738
4.57035
4.5645
4.55976
4.55622
4.55391
4.55281
4.55281
4.55391
4.55622
4.55976
2.16182
4.57035
4.57738
4.58574
4.59518
4.60594
4.61789
4.6311
4.64556
4.66126
4.6784
4.69681
4.71658
4.73765
4.76041
4.78445
4.80995
4.83695
4.86567
4.89582
4.92773
4.94054
4.90857
4.87823
4.84961
4.82245
4.79687
4.7727
4.75006
4.72882
4.70901
4.69057
4.6734
4.65762
4.64301
4.62973
4.61783
4.60712
4.5976
4.58933
4.58218
4.57625
4.5715
4.56805
4.56577
4.56457
4.56457
4.56577
4.56805
4.5715
4.57625
4.58218
4.58933
4.5976
4.60712
4.61783
4.62973
4.64301
4.65762
4.6734
4.69057
4.70901
4.72882
4.75006
4.7727
4.79687
4.82245
4.84961
4.87823
4.90857
4.94054
4.95469
4.9226
4.89222
4.86341
4.83624
4.81046
4.7864
4.76369
4.74232
4.72243
4.70392
4.68681
4.67094
4.65636
4.64313
4.63105
4.62028
4.61072
4.60242
4.59523
4.5894
4.58464
4.58117
4.57871
4.57768
4.57768
4.57871
4.58117
4.58464
4.5894
4.59523
4.60242
4.61072
4.62028
4.63105
4.64313
4.65636
4.67094
4.68681
4.70392
4.72243
4.74232
4.76369
4.7864
4.81046
4.83624
4.86341
4.89222
4.9226
4.95469
4.97017
4.93796
4.9075
4.87866
4.85138
4.82554
4.80137
4.77857
4.75715
4.73715
4.7186
4.70148
4.68555
4.67088
4.65764
4.64554
4.63475
4.62513
4.61676
4.60959
4.60381
4.59904
4.59535
4.59312
4.59194
4.59194
4.59312
4.59535
4.59904
4.60381
4.60959
4.61676
4.62513
4.63475
4.64554
4.65764
4.67088
4.68555
4.70148
4.7186
4.73715
4.75715
4.77857
4.80137
4.82554
4.85138
4.87866
4.9075
4.93796
4.97017
4.98698
4.95475
4.92416
4.89523
4.86777
4.8419
4.81768
4.79475
4.77328
4.75335
4.7347
4.71728
4.70143
4.68682
4.67339
4.66129
4.65052
4.64086
4.6324
4.62524
4.61944
4.61467
4.61109
4.60872
4.60747
4.60747
4.60872
4.61109
4.61467
4.61944
4.62524
4.6324
4.64086
4.65052
4.66129
4.67339
4.68682
4.70143
4.71728
4.7347
4.75335
4.77328
4.79475
4.81768
4.8419
4.86777
4.89523
4.92416
4.95475
4.98698
5.00522
4.9729
4.94222
4.91316
4.88557
4.85973
4.83533
4.81234
4.79087
4.77075
4.75204
4.73471
4.71866
4.70399
4.69059
4.67841
4.66748
4.65784
4.64953
4.64231
4.63636
4.6316
4.62799
4.62561
4.62433
4.62433
4.62561
4.62799
4.6316
4.63636
4.64231
4.64953
4.65784
4.66748
4.67841
4.69059
4.70399
4.71866
4.73471
4.75204
4.77075
4.79087
4.81234
4.83533
4.85973
4.88557
4.91316
4.94222
4.9729
5.00522
5.02494
4.9924
4.96167
4.93248
4.90468
4.87884
4.85427
4.83133
4.80973
4.7895
4.77078
4.75334
4.73726
4.72251
4.70902
4.69682
4.68589
4.67623
4.66783
4.66062
4.65463
4.64971
4.64622
4.64383
4.64267
4.64267
4.64383
4.64622
4.64971
4.65463
4.66062
4.66783
4.67623
4.68589
4.69682
4.70902
4.72251
4.73726
4.75334
4.77078
4.7895
4.80973
4.83133
4.85427
4.87884
4.90468
4.93248
4.96167
4.9924
5.02494
5.04619
5.01352
4.98256
4.95323
4.92557
4.89943
4.87474
4.85166
4.82996
4.8097
4.79087
4.77336
4.75715
4.74226
4.72885
4.71665
4.70553
4.69587
4.68742
4.68019
4.67415
4.66937
4.66578
4.66335
4.66211
4.66211
4.66335
4.66578
4.66937
4.67415
4.68019
4.68742
4.69587
4.70553
4.71665
4.72885
4.74226
4.75715
4.77336
4.79087
4.8097
4.82996
4.85166
4.87474
4.89943
4.92557
4.95323
4.98256
5.01352
5.04619
5.06874
5.03604
5.00494
4.97547
4.94765
4.92145
4.89664
4.87345
4.85157
4.83132
4.8123
4.79476
4.77856
4.76371
4.7501
4.73783
4.72677
4.717
4.70854
4.70107
4.69521
4.69036
4.68664
4.68433
4.68308
4.68308
4.68433
4.68664
4.69036
4.69521
4.70107
4.70854
4.717
4.72677
4.73783
4.7501
4.76371
4.77856
4.79476
4.8123
4.83132
4.85157
4.87345
4.89664
4.92145
4.94765
4.97547
5.00494
5.03604
5.06874
5.09291
5.05997
5.02883
4.99918
4.97117
4.94488
4.91999
4.89666
4.87477
4.85427
4.8353
4.81767
4.80135
4.78643
4.77277
4.76042
4.74929
4.7395
4.73092
4.72354
4.71757
4.71274
4.70906
4.70665
4.7055
4.7055
4.70665
4.70906
4.71274
4.71757
4.72354
4.73092
4.7395
4.74929
4.76042
4.77277
4.78643
4.80135
4.81767
4.8353
4.85427
4.87477
4.89666
4.91999
4.94488
4.97117
4.99918
5.02883
5.05997
5.09291
5.11873
5.08549
5.05415
5.02444
4.99635
4.96984
4.94486
4.92145
4.89936
4.87888
4.85966
4.84199
4.82563
4.81049
4.79679
4.78443
4.77332
4.76344
4.75483
4.74753
4.7414
4.73655
4.73283
4.73028
4.72921
4.72921
4.73028
4.73283
4.73655
4.7414
4.74753
4.75483
4.76344
4.77332
4.78443
4.79679
4.81049
4.82563
4.84199
4.85966
4.87888
4.89936
4.92145
4.94486
4.96984
4.99635
5.02444
5.05415
5.08549
5.11873
5.14604
5.11271
5.08118
5.05132
5.02301
4.99633
4.97128
4.94769
4.92554
4.90491
4.8857
4.86776
4.8513
4.83623
4.8224
4.80994
4.79877
4.78885
4.78022
4.77281
4.7667
4.76177
4.75808
4.75563
4.75445
4.75445
4.75563
4.75808
4.76177
4.7667
4.77281
4.78022
4.78885
4.79877
4.80994
4.8224
4.83623
4.8513
4.86776
4.8857
4.90491
4.92554
4.94769
4.97128
4.99633
5.02301
5.05132
5.08118
5.11271
5.14604
5.17485
5.14152
5.10977
5.07972
5.05124
5.02444
4.9992
4.97553
4.95323
4.93254
4.91315
4.89519
4.87863
4.86331
4.8496
4.83698
4.8258
4.81579
4.80702
4.79962
4.7935
4.78853
4.78486
4.78241
4.7812
4.7812
4.78241
4.78486
4.78853
4.7935
4.79962
4.80702
4.81579
4.8258
4.83698
4.8496
4.86331
4.87863
4.89519
4.91315
4.93254
4.95323
4.97553
4.9992
5.02444
5.05124
5.07972
5.10977
5.14152
5.17485
5.20561
5.17193
5.13997
5.10979
5.08121
5.05419
5.02873
5.00491
4.98253
4.9617
4.94217
4.92415
4.90746
4.89225
4.87826
4.86566
4.85432
4.84423
4.83555
4.82793
4.8219
4.81682
4.81314
4.81066
4.80953
4.80953
4.81066
4.81314
4.81682
4.8219
4.82793
4.83555
4.84423
4.85432
4.86566
4.87826
4.89225
4.90746
4.92415
4.94217
4.9617
4.98253
5.00491
5.02873
5.05419
5.08121
5.10979
5.13997
5.17193
5.20561
5.23786
5.204
5.17185
5.14144
5.11264
5.08553
5.06004
5.03606
5.01344
4.99248
4.97291
4.95467
4.93796
4.92262
4.90853
4.89588
4.88442
4.87431
4.86559
4.85806
4.85177
4.84681
4.84297
4.84057
4.83932
4.83932
4.84057
4.84297
4.84681
4.85177
4.85806
4.86559
4.87431
4.88442
4.89588
4.90853
4.92262
4.93796
4.95467
4.97291
4.99248
5.01344
5.03606
5.06004
5.08553
5.11264
5.14144
5.17185
5.204
5.23786
5.27193
5.23792
5.20554
5.1749
5.14603
5.11866
5.09296
5.06885
5.04621
5.02504
5.0052
4.98688
4.97014
4.95467
4.94047
4.92775
4.91615
4.90612
4.89726
4.88972
4.88341
4.87834
4.87464
4.872
4.87086
4.87086
4.872
4.87464
4.87834
4.88341
4.88972
4.89726
4.90612
4.91615
4.92775
4.94047
4.95467
4.97014
4.98688
5.0052
5.02504
5.04621
5.06885
5.09296
5.11866
5.14603
5.1749
5.20554
5.23792
5.27193
