Label: Box
Position: -2.46803, -0.215796, -0.623829
Orientation (Quaternion): -0.607024, 0.235735, 0.740887, 0.164429
5.27193
5.23792
5.20554
5.1749
5.14603
5.11866
5.09296
5.06885
5.04621
5.02504
5.0052
4.98688
4.97014
4.95467
4.94047
4.92775
4.91615
4.90612
4.89726
4.88972
4.88341
4.87834
4.87464
4.872
4.87086
4.87086
4.872
4.87464
4.87834
4.88341
4.88972
4.89726
4.90612
4.91615
4.92775
4.94047
4.95467
4.97014
4.98688
5.0052
5.02504
5.04621
5.06885
5.09296
5.11866
5.14603
5.1749
5.20554
5.23792
5.27193
5.23786
5.204
5.17185
5.14144
5.11264
5.08553
5.06004
5.03606
5.01344
4.99248
4.97291
4.95467
4.93796
4.92262
4.90853
4.89588
4.88442
4.87431
4.86559
4.85806
4.85177
4.84681
4.84297
4.84057
4.83932
4.83932
4.84057
4.84297
4.84681
4.85177
4.85806
4.86559
4.87431
4.88442
4.89588
4.90853
4.92262
4.93796
4.95467
4.97291
4.99248
5.01344
5.03606
5.06004
5.08553
5.11264
5.14144
5.17185
5.204
5.23786
5.20561
5.17193
5.13997
5.10979
5.08121
5.05419
5.02873
5.00491
4.98253
4.9617
4.94217
4.92415
4.90746
4.89225
4.87826
4.86566
4.85432
4.84423
4.83555
4.82793
4.8219
4.81682
4.81314
4.81066
4.80953
4.80953
4.81066
4.81314
4.81682
4.8219
4.82793
4.83555
4.84423
4.85432
4.86566
4.87826
4.89225
4.90746
4.92415
4.94217
4.9617
4.98253
5.00491
5.02873
5.05419
5.08121
5.10979
5.13997
5.17193
5.20561
5.17485
5.14152
5.10977
5.07972
5.05124
5.02444
4.9992
4.97553
4.95323
4.93254
4.91315
4.89519
4.87863
4.86331
4.8496
4.83698
4.8258
4.81579
4.80702
4.79962
4.7935
4.78853
4.78486
4.78241
4.7812
4.7812
4.78241
4.78486
4.78853
4.7935
4.79962
4.80702
4.81579
4.8258
4.83698
4.8496
4.86331
4.87863
4.89519
4.91315
4.93254
4.95323
4.97553
4.9992
5.02444
5.05124
5.07972
5.10977
5.14152
5.17485
5.14604
5.11271
5.08118
5.05132
5.02301
4.99633
4.97128
4.94769
4.92554
4.90491
4.8857
4.86776
4.8513
4.83623
4.8224
4.80994
4.79877
4.78885
4.78022
4.77281
4.7667
4.76177
4.75808
4.75563
4.75445
4.75445
4.75563
4.75808
4.76177
4.7667
4.77281
4.78022
4.78885
4.79877
4.80994
4.8224
4.83623
4.8513
4.86776
4.8857
4.90491
4.92554
4.94769
4.97128
4.99633
5.02301
5.05132
5.08118
5.11271
5.14604
5.11873
5.08549
5.05415
5.02444
4.99635
4.96984
4.94486
4.92145
4.89936
4.87888
4.85966
4.84199
4.82563
4.81049
4.79679
4.78443
4.77332
4.76344
4.75483
4.74753
4.7414
4.73655
4.73283
4.73028
4.72921
4.72921
4.73028
4.73283
4.73655
4.7414
4.74753
4.75483
4.76344
4.77332
4.78443
4.79679
4.81049
4.82563
4.84199
4.85966
4.87888
4.89936
4.92145
4.94486
4.96984
4.99635
5.02444
5.05415
5.08549
5.11873
5.09291
5.05997
5.02883
4.99918
4.97117
4.94488
4.91999
4.89666
4.87477
4.85427
4.8353
4.81767
4.80135
4.78643
4.77277
4.76042
4.74929
4.7395
4.73092
4.72354
4.71757
4.71274
4.70906
4.70665
4.7055
4.7055
4.70665
4.70906
4.71274
4.71757
4.72354
4.73092
4.7395
4.74929
4.76042
4.77277
4.78643
4.80135
4.81767
4.8353
4.85427
4.87477
4.89666
4.91999
4.94488
4.97117
4.99918
5.02883
5.05997
5.09291
5.06874
5.03604
5.00494
4.97547
4.94765
4.92145
4.89664
4.87345
4.85157
4.83132
4.8123
4.79476
4.77856
4.76371
4.7501
4.73783
4.72677
4.717
4.70854
4.70107
4.69521
4.69036
4.68664
4.68433
4.68308
4.68308
4.68433
4.68664
4.69036
4.69521
4.70107
4.70854
4.717
4.72677
4.73783
4.7501
4.76371
4.77856
4.79476
4.8123
4.83132
4.85157
4.87345
4.89664
4.92145
4.94765
4.97547
5.00494
5.03604
5.06874
5.04619
5.01352
4.98256
4.95323
4.92557
4.89943
4.87474
4.85166
4.82996
4.8097
4.79087
4.77336
4.75715
4.74226
4.72885
4.71665
4.70553
4.69587
4.68742
4.68019
4.67415
4.66937
4.66578
4.66335
4.66211
4.66211
4.66335
4.66578
4.66937
4.67415
4.68019
4.68742
4.69587
4.70553
4.71665
4.72885
4.74226
4.75715
4.77336
4.79087
4.8097
4.82996
4.85166
4.87474
4.89943
4.92557
4.95323
4.98256
5.01352
5.04619
5.02494
4.9924
4.96167
4.93248
4.90468
4.87884
4.85427
4.83133
4.80973
4.7895
4.77078
4.75334
4.73726
4.72251
4.70902
4.69682
4.68589
4.67623
4.66783
4.66062
4.65463
4.64971
4.64622
4.64383
4.64267
4.64267
4.64383
4.64622
4.64971
4.65463
4.66062
4.66783
4.67623
4.68589
4.69682
4.70902
4.72251
4.73726
4.75334
4.77078
4.7895
4.80973
4.83133
4.85427
4.87884
4.90468
4.93248
4.96167
4.9924
5.02494
5.00522
4.9729
4.94222
4.91316
4.88557
4.85973
4.83533
4.81234
4.79087
4.77075
4.75204
4.73471
4.71866
4.70399
4.69059
4.67841
4.66748
4.65784
4.64953
4.64231
4.63636
4.6316
4.62799
4.62561
4.62433
4.62433
4.62561
4.62799
4.6316
4.63636
4.64231
4.64953
4.65784
4.66748
4.67841
4.69059
4.70399
4.71866
4.73471
4.75204
4.77075
4.79087
4.81234
4.83533
4.85973
4.88557
4.91316
4.94222
4.9729
5.00522
4.98698
4.95475
4.92416
4.89523
4.86777
4.8419
4.81768
4.79475
4.77328
4.75335
4.7347
4.71728
4.70143
4.68682
4.67339
4.66129
4.65052
4.64086
4.6324
4.62524
4.61944
4.61467
4.61109
4.60872
4.60747
4.60747
4.60872
4.61109
4.61467
4.61944
4.62524
4.6324
4.64086
4.65052
4.66129
4.67339
4.68682
4.70143
4.71728
4.7347
4.75335
4.77328
4.79475
4.81768
4.8419
4.86777
4.89523
4.92416
4.95475
4.98698
4.97017
4.93796
4.9075
4.87866
4.85138
4.82554
4.80137
4.77857
4.75715
4.73715
4.7186
4.70148
4.68555
4.67088
4.65764
4.64554
4.63475
4.62513
2.75988
4.60959
4.60381
4.59904
4.59535
4.59312
4.59194
4.59194
4.59312
4.59535
4.59904
4.60381
4.60959
4.61676
4.62513
4.63475
4.64554
4.65764
4.67088
4.68555
4.70148
4.7186
4.73715
4.75715
4.77857
4.80137
4.82554
4.85138
4.87866
4.9075
4.93796
4.97017
4.95469
4.9226
4.89222
4.86341
4.83624
4.81046
4.7864
4.76369
4.74232
4.72243
4.70392
2.73662
2.72222
2.70866
2.69593
2.684
2.67286
2.6625
2.65289
2.63943
4.5894
4.58464
4.58117
4.57871
4.57768
4.57768
4.57871
4.58117
4.58464
4.5894
4.59523
4.60242
4.61072
4.62028
4.63105
4.64313
4.65636
4.67094
4.68681
4.70392
4.72243
4.74232
4.76369
4.7864
4.81046
4.83624
4.86341
4.89222
4.9226
4.95469
4.94054
4.90857
3.1246
2.75183
2.75405
2.7341
2.70903
2.69707
2.67996
2.66374
2.64838
2.63388
2.62021
2.60734
2.59527
2.58396
2.57341
2.56361
2.55453
2.53844
4.57625
4.5715
4.56805
4.56577
4.56457
4.56457
4.56577
4.56805
4.5715
4.57625
4.58218
4.58933
4.5976
4.60712
4.61783
4.62973
4.64301
4.65762
4.6734
4.69057
4.70901
4.72882
4.75006
4.7727
4.79687
4.82245
4.84961
4.87823
4.90857
4.94054
2.72703
2.71694
2.69486
2.66773
2.65382
2.63477
2.60636
2.59945
2.58312
2.56766
2.55304
2.53922
2.52621
2.51396
2.50248
2.49174
2.48172
2.47242
2.46381
2.44876
4.5645
4.55976
4.55622
4.55391
4.55281
4.55281
4.55391
4.55622
4.55976
4.5645
4.57035
4.57738
4.58574
4.59518
4.60594
4.61789
4.6311
4.64556
4.66126
4.6784
4.69681
4.71658
4.73765
4.76041
4.78445
4.80995
4.83695
4.86567
4.89582
4.92773
2.6438
2.62165
2.60054
2.58043
2.56127
2.54305
2.52573
2.50789
2.49368
2.47891
2.46494
2.45175
2.43933
2.42765
2.41671
2.40647
2.39694
2.38809
2.37992
2.3659
2.35017
4.54908
4.54568
4.54334
4.54219
4.54219
4.54334
4.54568
4.54908
4.55388
4.55969
4.56674
4.57505
4.58447
4.59521
4.60713
4.62035
4.63475
4.65041
4.66748
4.68585
4.70563
4.72671
4.7493
4.77328
4.79877
4.82565
4.85422
4.88441
4.91617
2.53817
2.53348
2.51324
2.49396
2.4756
2.45813
2.44154
2.42029
2.41084
2.3967
2.38333
2.37071
2.35883
2.34767
2.33721
2.32744
2.31834
2.30991
2.30213
2.29447
2.27512
4.53978
4.53619
4.53395
4.5328
4.5328
4.53395
4.53619
4.53978
4.54443
4.55033
4.5574
4.56553
4.57502
4.5857
4.59766
4.61077
4.62521
4.64093
4.65791
4.67622
4.69593
4.71695
4.7393
4.76339
4.78888
4.8158
4.84431
4.8743
4.90614
2.47208
2.45168
2.43223
2.41371
2.39608
2.37931
2.36338
2.33926
2.33392
2.32036
2.30753
2.29544
2.28405
2.27336
2.26335
2.254
2.24531
2.23725
2.22982
2.22235
2.21504
4.53154
4.52813
4.52579
4.52459
4.52459
4.52579
4.52813
4.53154
4.53631
4.54197
4.54905
4.55734
4.56682
4.57748
4.58934
4.60246
4.61687
4.63248
4.64942
4.66778
4.68731
4.70845
4.7309
4.75473
4.78015
4.80711
4.83546
4.86553
4.89723
2.39524
2.37561
2.3569
2.33907
2.32211
2.30597
2.28014
2.26971
2.26031
2.2493
2.23698
2.22536
2.21443
2.20418
2.19457
2.18561
2.17728
2.16957
2.16246
2.15514
2.14916
2.14177
4.52112
4.51874
4.51767
4.51767
4.51874
4.52112
4.52461
4.52929
4.53508
4.54212
4.55032
4.55974
4.57036
4.5821
4.59529
4.60972
4.6253
4.64217
4.66058
4.68023
4.7012
4.72364
4.74753
4.77285
4.79963
4.82802
4.858
4.88972
2.32364
2.30288
2.28668
2.26948
2.25315
2.23759
2.22284
2.19437
2.19017
2.18302
2.17117
2.15999
2.14948
2.13962
2.13039
2.12178
2.11379
2.10639
2.09958
2.09335
2.0877
2.08218
4.51525
4.51288
4.51184
4.51184
4.51288
4.51525
4.51881
4.52344
4.52923
4.53629
4.54452
4.55383
4.56452
4.57631
4.5894
4.60381
4.61944
4.63631
4.65454
4.67415
4.69517
4.71757
4.74142
4.76673
4.79351
4.82186
4.85182
4.88335
2.25678
2.2385
2.2211
2.2045
2.18873
2.17374
2.15949
2.12945
2.1249
2.12108
2.10965
2.09888
2.08876
2.07926
2.07037
2.0621
2.05441
2.0473
2.04077
2.03368
2.02938
2.02361
4.51064
4.50831
4.50722
4.50722
4.50831
4.51064
4.51417
4.51881
4.52461
4.53163
4.53979
4.54919
4.55984
4.57155
4.5847
4.59903
4.61461
4.63146
4.64976
4.66938
4.69035
4.71272
4.73654
4.76172
4.78858
4.81696
4.84678
4.87837
2.19422
2.17656
2.15972
2.14369
2.12844
2.11395
2.08102
2.07302
2.06074
2.04868
2.04444
2.04166
2.03189
2.02273
2.01416
2.00619
1.99878
1.99194
1.97782
1.96259
1.97425
1.96945
1.95654
4.50483
4.50359
4.50359
4.50483
4.50715
4.51064
4.51526
4.52111
4.52811
4.53626
4.5456
4.55632
4.56808
4.5812
4.59551
4.61109
4.62791
4.64624
4.66579
4.68675
4.70899
4.73288
4.75808
4.78486
4.81305
4.84302
4.87451
2.13558
2.11849
2.08415
2.07071
2.07192
2.04764
2.04219
2.01268
2.01017
2.00869
1.99802
1.98797
1.97853
1.96968
1.96142
1.93511
1.94658
1.93999
1.93394
1.92842
1.91871
1.91552
1.9147
4.50252
4.50135
4.50135
4.50252
4.50483
4.50832
4.51288
4.51876
4.52582
4.53399
4.5434
4.55392
4.56561
4.57879
4.5931
4.6087
4.62561
4.64374
4.66335
4.68427
4.70656
4.73044
4.75568
4.78238
4.81064
4.84054
4.87209
2.08056
2.06398
2.04817
2.03019
2.00648
2.00524
1.99235
1.98012
1.96853
1.95203
1.94726
1.93686
1.92819
1.91985
1.91185
1.90442
1.89752
1.89115
1.88532
1.87784
1.85775
1.85907
1.86137
1.86388
4.50029
4.50029
4.50135
4.50359
4.50722
4.51184
4.51766
4.52458
4.53279
4.54218
4.55279
4.56458
4.57765
4.59186
4.60752
4.62437
4.64247
4.66219
4.68307
4.70545
4.72918
4.75444
4.78106
4.80942
4.83939
4.87073
2.01898
2.00934
1.97843
1.98279
1.96891
1.94128
1.92731
1.93081
1.92011
1.90365
1.8995
1.89008
1.88123
1.87293
1.84763
1.84598
1.84519
1.84561
1.8471
1.85013
1.85558
1.86465
1.8709
1.87969
4.50029
4.50029
4.50135
4.50359
4.50722
4.51184
4.51766
4.52458
4.53279
4.54218
4.55279
4.56458
4.57765
4.59186
4.60752
4.62437
4.64247
4.66219
4.68307
4.70545
4.72918
4.75444
4.78106
4.80942
4.83939
4.87073
1.98008
1.96331
1.94912
1.93155
1.9219
1.90909
1.89694
1.88542
1.86515
1.85393
1.84515
1.84859
1.84743
1.84739
1.84868
1.85159
1.85499
1.85919
1.86417
1.87067
1.87593
1.88434
1.88967
1.8984
4.50135
4.50135
4.50252
4.50483
4.50832
4.51288
4.51876
4.52582
4.53399
4.5434
4.55392
4.56561
4.57879
4.5931
4.6087
4.62561
4.64374
4.66335
4.68427
4.70656
4.73044
4.75568
4.78238
4.81064
4.84054
4.87209
1.93416
1.91894
1.88876
1.8808
1.87441
1.86935
1.86546
1.86261
1.86071
1.8599
1.85944
1.85766
1.86238
1.86708
1.87404
1.87795
1.88131
1.88518
1.88938
1.89442
1.89705
1.90298
1.91036
1.91118
4.50359
4.50359
4.50483
4.50715
4.51064
4.51526
4.52111
4.52811
4.53626
4.5456
4.55632
4.56808
4.5812
4.59551
4.61109
4.62791
4.64624
4.66579
4.68675
4.70899
4.73288
4.75808
4.78486
4.81305
4.84302
4.87451
1.90193
1.89659
1.89244
1.88931
1.88708
1.88567
1.88501
1.88505
1.88577
1.88713
1.88304
1.88454
1.89126
1.89327
1.89576
1.89875
1.90224
1.90623
1.91052
1.91575
1.92129
1.92447
1.92896
1.93006
4.50722
4.50722
4.50831
4.51064
4.51417
4.51881
4.52461
4.53163
4.53979
4.54919
4.55984
4.57155
4.5847
4.59903
4.61461
4.63146
4.64976
4.66938
4.69035
4.71272
4.73654
4.76172
4.78858
4.81696
4.84678
4.87837
1.92509
1.92082
1.9169
1.9133
1.90999
1.90694
1.90414
1.90736
1.90911
1.90926
1.9099
1.91103
1.91127
1.91477
1.91738
1.9205
1.92412
1.92825
1.93262
1.93598
1.94074
1.94695
1.94594
1.9641
4.51184
4.51184
4.51288
4.51525
4.51881
4.52344
4.52923
4.53629
4.54452
4.55383
4.56452
4.57631
4.5894
4.60381
4.61944
4.63631
4.65454
4.67415
4.69517
4.71757
4.74142
4.76673
4.79351
4.82186
4.85182
4.88335
1.94432
1.93943
1.93477
1.9293
1.93504
1.9333
1.93205
1.9313
1.93105
1.93129
1.93203
1.93327
1.93027
1.93724
1.93998
1.94323
1.94699
1.95127
1.95574
1.95921
1.96411
1.96862
1.98063
1.98816
4.51767
4.51767
4.51874
4.52112
4.52461
4.52929
4.53508
4.54212
4.55032
4.55974
4.57036
4.5821
4.59529
4.60972
4.6253
4.64217
4.66058
4.68023
4.7012
4.72364
4.74753
4.77285
4.79963
4.82802
4.858
4.88972
1.96623
1.96565
1.96245
1.95977
1.9576
1.95593
1.95477
1.95412
1.95396
1.95431
1.95516
1.95651
1.95837
1.96037
1.96361
1.967
1.97091
1.97535
1.97992
1.98352
1.98856
1.98681
2.00561
2.01334
4.52459
4.52459
4.52579
4.52813
4.53154
4.53631
4.54197
4.54905
4.55734
4.56682
4.57748
4.58934
4.60246
4.61687
4.63248
4.64942
4.66778
4.68731
4.70845
4.7309
4.75473
4.78015
4.80711
4.83546
4.86553
4.89723
1.99263
1.98898
1.98586
1.98325
1.98116
1.97958
1.97851
1.97796
1.97791
1.97836
1.97933
1.98081
1.98279
1.98111
1.98832
1.99186
1.99593
2.00053
2.00522
2.00895
2.0124
2.02438
2.03174
2.03969
4.5328
4.5328
4.53395
4.53619
4.53978
4.54443
4.55033
4.5574
4.56553
4.57502
4.5857
4.59766
4.61077
4.62521
4.64093
4.65791
4.67622
4.69593
4.71695
4.7393
4.76339
4.78888
4.8158
4.84431
4.8743
4.90614
2.01693
2.01335
2.0103
2.00778
2.00577
2.00429
2.00332
2.00287
2.00293
2.0035
2.00459
2.0062
2.00833
2.00266
2.01415
2.01786
2.02209
2.02687
2.03169
2.03556
2.03401
2.05151
2.0591
2.06727
4.54219
4.54219
4.54334
4.54568
4.54908
4.55388
4.55969
4.56674
4.57505
4.58447
4.59521
4.60713
4.62035
4.63475
4.65041
4.66748
4.68585
4.70563
4.72671
4.7493
4.77328
4.79877
4.82565
4.85422
4.88441
4.91617
2.0423
2.0388
2.03583
2.0334
2.03148
2.0301
2.02924
2.0289
2.02908
2.02978
2.03101
2.03276
2.03503
2.03784
2.03761
2.04505
2.04947
2.05443
2.05939
2.05964
2.06069
2.07991
2.08773
2.09615
4.55281
4.55281
4.55391
4.55622
4.55976
4.5645
4.57035
4.57738
4.58574
4.59518
4.60594
4.61789
4.6311
4.64556
4.66126
4.6784
4.69681
4.71658
4.73765
4.76041
4.78445
4.80995
4.83695
4.86567
4.89582
4.92773
2.0688
2.06538
2.0625
2.06016
2.05836
2.05708
2.05633
2.05611
2.05642
2.05726
2.05863
2.06053
2.06296
2.06594
2.06408
2.07351
2.07811
2.08328
2.08839
2.08803
2.08862
2.10965
2.11773
2.12641
4.56457
4.56457
4.56577
4.56805
4.5715
4.57625
4.58218
4.58933
4.5976
4.60712
4.61783
4.62973
4.64301
4.65762
4.6734
4.69057
4.70901
4.72882
4.75006
4.7727
4.79687
4.82245
4.84961
4.87823
4.90857
4.94054
2.09648
2.09315
2.09037
2.08814
2.08644
2.08528
2.08466
2.08457
2.08502
2.086
2.08752
2.08958
2.09219
2.09533
2.09903
2.10145
2.1081
2.11348
2.11788
2.11777
2.13309
2.14081
2.14914
2.1581
4.57768
4.57768
4.57871
4.58117
4.58464
4.5894
4.59523
4.60242
4.61072
4.62028
4.63105
4.64313
4.65636
4.67094
4.68681
4.70392
4.72243
4.74232
4.76369
4.7864
4.81046
4.83624
4.86341
4.89222
4.9226
4.95469
2.12541
2.12218
2.11951
2.11738
2.1158
2.11477
2.11428
2.11433
2.11493
2.11607
2.11775
2.11999
2.12277
2.12611
2.11883
2.12953
2.1395
2.14511
2.14949
2.14892
2.16546
2.17345
2.18207
2.19132
4.59194
4.59194
4.59312
4.59535
4.59904
4.60381
4.60959
4.61676
4.62513
4.63475
4.64554
4.65764
4.67088
4.68555
4.70148
4.7186
4.73715
4.75715
4.77857
4.80137
4.82554
4.85138
4.87866
4.9075
4.93796
4.97017
2.15565
2.15253
2.14996
2.14796
2.14651
2.14561
2.14526
2.14547
2.14622
2.14753
2.1494
2.15181
2.15479
2.15833
2.16245
2.15911
2.17108
2.17825
2.18262
2.18156
2.1994
2.20768
2.21659
2.22616
2.23905
4.60747
4.60872
4.61109
4.61467
4.61944
4.62524
4.6324
4.64086
4.65052
4.66129
4.67339
4.68682
4.70143
4.71728
4.7347
4.75335
4.77328
4.79475
4.81768
4.8419
4.86777
4.89523
4.92416
4.95475
4.98698
2.17584
2.18426
2.18182
2.17995
2.17863
2.17788
2.17769
2.17806
2.17899
2.18048
2.18253
2.18515
2.18834
2.1921
2.19643
2.19027
2.20228
2.21298
2.21735
2.2158
2.23498
2.24357
2.25281
2.26271
2.2729
4.62433
4.62561
4.62799
4.6316
4.63636
4.64231
4.64953
4.65784
4.66748
4.67841
4.69059
4.70399
4.71866
4.73471
4.75204
4.77075
4.79087
4.81234
4.83533
4.85973
4.88557
4.91316
4.94222
4.9729
5.00522
2.22033
2.21746
2.21515
2.20562
2.21226
2.21167
2.21164
2.21219
2.2133
2.21498
2.21724
2.22007
2.22348
2.22748
2.23206
2.23724
2.24302
2.24855
2.25378
2.25172
2.27231
2.28124
2.29082
2.30108
2.31175
4.64267
4.64383
4.64622
4.64971
4.65463
4.66062
4.66783
4.67623
4.68589
4.69682
4.70902
4.72251
4.73726
4.75334
4.77078
4.7895
4.80973
4.83133
4.85427
4.87884
4.90468
4.93248
4.96167
4.9924
5.02494
2.25494
2.2522
2.25005
2.24847
2.24747
2.24704
2.23787
2.24794
2.24925
2.25114
2.25362
2.25668
2.26033
2.26458
2.26942
2.27488
2.28094
2.2833
2.29202
2.28943
2.31152
2.32079
2.33074
2.34138
2.35255
4.66211
4.66335
4.66578
4.66937
4.67415
4.68019
4.68742
4.69587
4.70553
4.71665
4.72885
4.74226
4.75715
4.77336
4.79087
4.8097
4.82996
4.85166
4.87474
4.89943
4.92557
4.95323
4.98256
5.01352
5.04619
2.29118
2.28859
2.28659
2.28518
2.28435
2.28412
2.28447
2.28541
2.28694
2.28905
2.28406
2.29254
2.29899
2.3035
2.30863
2.31438
2.32075
2.32776
2.33218
2.32905
2.35269
2.36234
2.37268
2.38373
2.3955
4.68308
4.68433
4.68664
4.69036
4.69521
4.70107
4.70854
4.717
4.72677
4.73783
4.7501
4.76371
4.77856
4.79476
4.8123
4.83132
4.85157
4.87345
4.89664
4.92145
4.94765
4.97547
5.00494
5.03604
5.06874
2.32913
2.3267
2.32487
2.32364
2.32302
2.32298
2.32355
2.32471
2.32647
2.32883
2.32935
2.32787
2.33956
2.34436
2.34399
2.34565
2.35403
2.3624
2.36949
2.3866
2.39597
2.40602
2.41679
2.42827
2.4405
4.7055
4.70665
4.70906
4.71274
4.71757
4.72354
4.73092
4.7395
4.74929
4.76042
4.77277
4.78643
4.80135
4.81767
4.8353
4.85427
4.87477
4.89666
4.91999
4.94488
4.97117
4.99918
5.02883
5.05997
5.09291
2.36891
2.36665
2.36502
2.36399
2.36356
2.36375
2.36454
2.36594
2.36796
2.37058
2.37383
2.37769
2.38218
2.3873
2.39305
2.39946
2.4065
2.41208
2.40777
2.4317
2.44149
2.45198
2.4632
2.47515
2.48787
4.72921
4.73028
4.73283
4.73655
4.7414
4.74753
4.75483
4.76344
4.77332
4.78443
4.79679
4.81049
4.82563
4.84199
4.85966
4.87888
4.89936
4.92145
4.94486
4.96984
4.99635
5.02444
5.05415
5.08549
5.11873
2.41061
2.40856
2.40713
2.40632
2.40164
2.40654
2.40758
2.40925
2.41153
2.41444
2.41798
2.42216
2.42697
2.43242
2.43854
2.44531
2.45275
2.46087
2.46968
2.47919
2.48941
2.50037
2.51208
2.51498
2.53778
4.75445
4.75563
4.75808
4.76177
4.7667
4.77281
4.78022
4.78885
4.79877
4.80994
4.8224
4.83623
4.8513
4.86776
4.8857
4.90491
4.92554
4.94769
4.97128
4.99633
5.02301
5.05132
5.08118
5.11271
5.14604
2.45438
2.45254
2.45132
2.45075
2.45081
2.45149
2.45281
2.45475
2.45733
2.46055
2.46441
2.46892
2.47408
2.4799
2.4864
2.49356
2.50141
2.49691
2.51922
2.5292
2.5399
4.78853
4.78486
4.78241
4.7812
4.7812
4.78241
4.78486
4.78853
4.7935
4.79962
4.80702
4.81579
4.8258
4.83698
4.8496
4.86331
4.87863
4.89519
4.91315
4.93254
4.95323
4.97553
4.9992
5.02444
5.05124
5.07972
5.10977
5.14152
5.17485
2.50034
2.49873
2.49777
2.49745
2.49777
2.49874
2.50034
2.50258
2.5055
2.50906
2.51326
2.51813
2.51933
2.5299
2.5368
2.54439
2.55269
4.84423
4.83555
4.82793
4.8219
4.81682
4.81314
4.81066
4.80953
4.80953
4.81066
4.81314
4.81682
4.8219
4.82793
4.83555
4.84423
4.85432
4.86566
4.87826
4.89225
4.90746
4.92415
4.94217
4.9617
4.98253
5.00491
5.02873
5.05419
5.08121
5.10979
5.13997
5.17193
5.20561
2.54862
2.54727
2.54659
2.54655
2.54716
2.54843
2.55037
2.55296
2.55621
2.56013
2.56503
4.95467
4.93796
4.92262
4.90853
4.89588
4.88442
4.87431
4.86559
4.85806
4.85177
4.84681
4.84297
4.84057
4.83932
4.83932
4.84057
4.84297
4.84681
4.85177
4.85806
4.86559
4.87431
4.88442
4.89588
4.90853
4.92262
4.93796
4.95467
4.97291
4.99248
5.01344
5.03606
5.06004
5.08553
5.11264
5.14144
5.17185
5.204
5.23786
2.59946
2.59832
2.59714
2.58425
2.59307
2.60269
5.09296
5.06885
5.04621
5.02504
5.0052
4.98688
4.97014
4.95467
4.94047
4.92775
4.91615
4.90612
4.89726
4.88972
4.88341
4.87834
4.87464
4.872
4.87086
4.87086
4.872
4.87464
4.87834
4.88341
4.88972
4.89726
4.90612
4.91615
4.92775
4.94047
4.95467
4.97014
4.98688
5.0052
5.02504
5.04621
5.06885
5.09296
5.11866
5.14603
5.1749
5.20554
5.23792
5.27193
