Label: Box
Position: -2.63271, -0.378094, 0.156285
Orientation (Quaternion): 0.266428, -0.478412, 0.17014, -0.819262
5.27193
5.23792
5.20554
5.1749
5.14603
5.11866
5.09296
5.06885
5.04621
5.02504
5.0052
4.98688
4.97014
4.95467
4.94047
4.92775
4.91615
4.90612
4.89726
4.88972
4.88341
4.87834
4.87464
4.872
4.87086
4.87086
4.872
4.87464
4.87834
4.88341
4.88972
4.89726
4.90612
4.91615
4.92775
4.94047
4.95467
4.97014
4.98688
5.0052
5.02504
5.04621
5.06885
5.09296
5.11866
5.14603
5.1749
5.20554
5.23792
5.27193
5.23786
5.204
5.17185
5.14144
5.11264
5.08553
5.06004
5.03606
5.01344
4.99248
4.97291
4.95467
4.93796
4.92262
4.90853
4.89588
4.88442
4.87431
4.86559
4.85806
4.85177
4.84681
4.84297
4.84057
4.83932
4.83932
4.84057
4.84297
4.84681
4.85177
4.85806
4.86559
4.87431
4.88442
4.89588
4.90853
4.92262
4.93796
4.95467
4.97291
4.99248
5.01344
5.03606
5.06004
5.08553
5.11264
5.14144
5.17185
5.204
5.23786
5.20561
5.17193
5.13997
5.10979
5.08121
5.05419
5.02873
5.00491
4.98253
4.9617
4.94217
4.92415
4.90746
4.89225
4.87826
4.86566
4.85432
4.84423
4.83555
4.82793
4.8219
4.81682
4.81314
4.81066
4.80953
4.80953
4.81066
4.81314
4.81682
4.8219
4.82793
4.83555
4.84423
4.85432
4.86566
4.87826
4.89225
4.90746
4.92415
4.94217
4.9617
4.98253
5.00491
5.02873
5.05419
5.08121
5.10979
5.13997
5.17193
5.20561
5.17485
5.14152
5.10977
5.07972
5.05124
5.02444
4.9992
4.97553
4.95323
4.93254
4.91315
4.89519
4.87863
4.86331
4.8496
4.83698
4.8258
4.81579
4.80702
4.79962
4.7935
4.78853
4.78486
4.78241
4.7812
4.7812
4.78241
4.78486
4.78853
4.7935
4.79962
4.80702
4.81579
4.8258
4.83698
4.8496
4.86331
4.87863
4.89519
4.91315
4.93254
4.95323
4.97553
4.9992
5.02444
5.05124
5.07972
5.10977
5.14152
5.17485
5.14604
5.11271
5.08118
5.05132
5.02301
4.99633
4.97128
4.94769
4.92554
4.90491
4.8857
4.86776
4.8513
4.83623
4.8224
4.80994
4.79877
4.78885
4.78022
4.77281
4.7667
4.76177
4.75808
4.75563
4.75445
4.75445
4.75563
4.75808
4.76177
4.7667
4.77281
4.78022
4.78885
4.79877
4.80994
4.8224
4.83623
4.8513
4.86776
4.8857
4.90491
4.92554
4.94769
4.97128
4.99633
5.02301
5.05132
5.08118
5.11271
5.14604
5.11873
5.08549
5.05415
5.02444
4.99635
4.96984
4.94486
4.92145
4.89936
4.87888
4.85966
4.84199
4.82563
4.81049
4.79679
4.78443
4.77332
4.76344
4.75483
4.74753
4.7414
4.73655
4.73283
4.73028
4.72921
4.72921
4.73028
4.73283
4.73655
4.7414
4.74753
4.75483
4.76344
4.77332
4.78443
4.79679
4.81049
4.82563
4.84199
4.85966
4.87888
4.89936
4.92145
4.94486
4.96984
4.99635
5.02444
5.05415
5.08549
5.11873
5.09291
5.05997
5.02883
4.99918
4.97117
4.94488
4.91999
4.89666
4.87477
4.85427
4.8353
4.81767
4.80135
4.78643
4.77277
4.76042
4.74929
4.7395
4.73092
4.72354
4.71757
4.71274
4.70906
4.70665
4.7055
4.7055
4.70665
4.70906
4.71274
4.71757
4.72354
4.73092
4.7395
4.74929
4.76042
4.77277
4.78643
4.80135
4.81767
4.8353
4.85427
4.87477
4.89666
4.91999
4.94488
4.97117
4.99918
5.02883
5.05997
5.09291
5.06874
5.03604
5.00494
4.97547
4.94765
4.92145
4.89664
4.87345
4.85157
4.83132
4.8123
4.79476
4.77856
4.76371
4.7501
4.73783
4.72677
4.717
4.70854
4.70107
4.69521
4.69036
4.68664
4.68433
4.68308
4.68308
4.68433
4.68664
4.69036
4.69521
4.70107
4.70854
4.717
4.72677
4.73783
4.7501
4.76371
4.77856
4.79476
4.8123
4.83132
4.85157
4.87345
4.89664
4.92145
4.94765
4.97547
5.00494
5.03604
5.06874
5.04619
5.01352
4.98256
4.95323
4.92557
4.89943
4.87474
4.85166
4.82996
4.8097
4.79087
4.77336
4.75715
4.74226
4.72885
4.71665
4.70553
4.69587
4.68742
4.68019
4.67415
4.66937
4.66578
4.66335
4.66211
4.66211
4.66335
4.66578
4.66937
4.67415
4.68019
4.68742
4.69587
4.70553
4.71665
4.72885
4.74226
4.75715
4.77336
4.79087
4.8097
4.82996
4.85166
4.87474
4.89943
4.92557
4.95323
4.98256
5.01352
5.04619
5.02494
4.9924
4.96167
4.93248
4.90468
4.87884
4.85427
4.83133
4.80973
4.7895
4.77078
4.75334
4.73726
4.72251
4.70902
4.69682
4.68589
4.67623
4.66783
4.66062
4.65463
4.64971
4.64622
4.64383
4.64267
4.64267
4.64383
4.64622
4.64971
4.65463
4.66062
4.66783
4.67623
4.68589
4.69682
4.70902
4.72251
4.73726
4.75334
4.77078
4.7895
4.80973
4.83133
4.85427
4.87884
4.90468
4.93248
4.96167
4.9924
5.02494
5.00522
4.9729
4.94222
4.91316
4.88557
4.85973
4.83533
4.81234
4.79087
4.77075
4.75204
4.73471
4.71866
4.70399
4.69059
4.67841
4.66748
4.65784
4.64953
4.64231
4.63636
4.6316
4.62799
4.62561
4.62433
4.62433
4.62561
4.62799
4.6316
4.63636
4.64231
4.64953
4.65784
4.66748
4.67841
4.69059
4.70399
4.71866
4.73471
4.75204
4.77075
4.79087
4.81234
4.83533
4.85973
4.88557
4.91316
4.94222
4.9729
5.00522
4.98698
4.95475
4.92416
4.89523
4.86777
4.8419
4.81768
4.79475
4.77328
4.75335
4.7347
4.71728
4.70143
4.68682
4.67339
4.66129
4.65052
4.64086
4.6324
4.62524
4.61944
4.61467
4.61109
4.60872
4.60747
4.60747
4.60872
4.61109
4.61467
4.61944
4.62524
4.6324
4.64086
4.65052
4.66129
4.67339
4.68682
4.70143
4.71728
4.7347
4.75335
4.77328
4.79475
4.81768
4.8419
4.86777
4.89523
4.92416
4.95475
4.98698
4.97017
4.93796
4.9075
4.87866
4.85138
4.82554
4.80137
4.77857
4.75715
4.73715
4.7186
4.70148
4.68555
4.67088
4.65764
4.64554
4.63475
4.62513
4.61676
4.60959
4.60381
4.59904
4.59535
4.59312
4.59194
4.59194
4.59312
4.59535
4.59904
4.60381
4.60959
4.61676
4.62513
4.63475
4.64554
4.65764
4.67088
4.68555
4.70148
4.7186
4.73715
4.75715
4.77857
4.80137
4.82554
4.85138
4.87866
4.9075
4.93796
4.97017
4.95469
4.9226
4.89222
4.86341
4.83624
4.81046
4.7864
4.76369
4.74232
4.72243
4.70392
4.68681
4.67094
4.65636
4.64313
4.63105
4.62028
4.61072
4.60242
4.59523
4.5894
4.58464
4.58117
4.57871
4.57768
4.57768
4.57871
4.58117
4.58464
4.5894
4.59523
4.60242
4.61072
4.62028
4.63105
4.64313
4.65636
4.67094
4.68681
4.70392
4.72243
4.74232
4.76369
4.7864
4.81046
4.83624
4.86341
4.89222
4.9226
4.95469
4.94054
4.90857
4.87823
4.84961
4.82245
4.79687
4.7727
4.75006
4.72882
4.70901
4.69057
4.6734
4.65762
4.64301
4.62973
4.61783
4.60712
4.5976
4.58933
4.58218
4.57625
4.5715
4.56805
4.56577
4.56457
4.56457
4.56577
4.56805
4.5715
4.57625
4.58218
4.58933
4.5976
4.60712
4.61783
4.62973
4.64301
4.65762
4.6734
4.69057
4.70901
4.72882
4.75006
4.7727
4.79687
4.82245
4.84961
4.87823
4.90857
4.94054
4.92773
4.89582
4.86567
4.83695
4.80995
4.78445
4.76041
4.73765
4.71658
4.69681
4.6784
4.66126
4.64556
4.6311
4.61789
4.60594
4.59518
4.58574
4.57738
4.57035
4.5645
4.55976
4.55622
4.55391
4.55281
4.55281
4.55391
4.55622
4.55976
4.5645
4.57035
4.57738
4.58574
4.59518
4.60594
4.61789
4.6311
4.64556
4.66126
4.6784
4.69681
4.71658
4.73765
4.76041
4.78445
4.80995
4.83695
4.86567
4.89582
4.92773
4.91617
4.88441
4.85422
4.82565
4.79877
4.77328
4.7493
4.72671
4.70563
4.68585
4.66748
4.65041
4.63475
4.62035
4.60713
4.59521
4.58447
4.57505
4.56674
4.55969
4.55388
4.54908
4.54568
4.54334
4.54219
4.54219
4.54334
4.54568
4.54908
4.55388
2.36175
2.30372
2.24421
2.16421
2.17375
4.60713
4.62035
4.63475
4.65041
4.66748
4.68585
4.70563
4.72671
4.7493
4.77328
4.79877
4.82565
4.85422
4.88441
4.91617
4.90614
4.8743
4.84431
4.8158
4.78888
4.76339
4.7393
4.71695
4.69593
4.67622
4.65791
4.64093
4.62521
4.61077
4.59766
4.5857
4.57502
4.56553
4.5574
4.55033
4.54443
4.53978
4.53619
4.53395
2.77818
2.68462
2.57585
2.51758
2.4394
2.36061
2.30494
2.24525
2.18746
2.14975
2.18108
2.20751
4.61077
4.62521
4.64093
4.65791
4.67622
4.69593
4.71695
4.7393
4.76339
4.78888
4.8158
4.84431
4.8743
4.90614
4.89723
4.86553
4.83546
4.80711
4.78015
4.75473
4.7309
4.70845
4.68731
4.66778
4.64942
4.63248
4.61687
4.60246
4.58934
4.57748
4.56682
4.55734
4.54905
4.54197
4.53631
2.96543
2.88806
2.78596
2.69149
2.58051
2.52241
2.43228
2.35788
2.30778
2.24715
2.1888
2.12733
2.1514
2.17784
2.20551
2.22659
4.61687
4.63248
4.64942
4.66778
4.68731
4.70845
4.7309
4.75473
4.78015
4.80711
4.83546
4.86553
4.89723
4.88972
4.858
4.82802
4.79963
4.77285
4.74753
4.72364
4.7012
4.68023
4.66058
4.64217
4.6253
4.60972
4.59529
4.5821
4.57036
4.55974
4.55032
4.54212
4.53508
3.01176
2.89933
2.79568
2.69984
2.61102
2.51609
2.4293
2.36808
2.30871
2.24995
2.19098
2.13556
2.11445
2.14882
2.17491
2.20281
2.23028
2.26176
4.6253
4.64217
4.66058
4.68023
4.7012
4.72364
4.74753
4.77285
4.79963
4.82802
4.858
4.88972
4.88335
4.85182
4.82186
4.79351
4.76673
4.74142
4.71757
4.69517
4.67415
4.65454
4.63631
4.61944
4.60381
4.5894
4.57631
4.56452
4.55383
4.54452
4.53629
4.52923
2.91244
2.80708
2.70974
2.61959
2.5246
2.45793
2.38524
2.30795
2.25359
2.19406
2.13801
2.09434
2.12168
2.14685
2.17151
2.20075
2.2296
2.25127
2.29177
4.63631
4.65454
4.67415
4.69517
4.71757
4.74142
4.76673
4.79351
4.82186
4.85182
4.88335
4.87837
4.84678
4.81696
4.78858
4.76172
4.73654
4.71272
4.69035
4.66938
4.64976
4.63146
4.61461
4.59903
4.5847
4.57155
4.55984
4.54919
4.53979
4.53163
2.92754
2.82028
2.72129
2.62965
2.54462
2.46553
2.39181
2.29948
2.25482
2.19807
2.14134
2.07565
2.09631
2.12034
2.14548
2.17179
2.19932
2.22813
2.2583
2.28177
2.32037
4.64976
4.66938
4.69035
4.71272
4.73654
4.76172
4.78858
4.81696
4.84678
4.87837
4.87451
4.84302
4.81305
4.78486
4.75808
4.73288
4.70899
4.68675
4.66579
4.64624
4.62791
4.61109
4.59551
4.5812
4.56808
4.55632
4.5456
4.53626
2.94474
2.83539
2.73457
2.64131
2.53732
2.47447
2.3972
2.32971
2.25411
2.2031
2.14561
2.09157
2.06497
2.09557
2.11958
2.1447
2.17099
2.19851
2.2273
2.25746
2.28903
2.31448
2.35677
4.66579
4.68675
4.70899
4.73288
4.75808
4.78486
4.81305
4.84302
4.87451
4.87209
4.84054
4.81064
4.78238
4.75568
4.73044
4.70656
4.68427
4.66335
4.64374
4.62561
4.6087
4.5931
4.57879
4.56561
4.55392
4.5434
4.53399
2.85255
2.74971
2.65467
2.56661
2.48483
2.40873
2.32059
2.24994
2.2074
2.15085
2.09606
2.04836
2.07246
2.0954
2.11941
2.14453
2.17081
2.19832
2.22712
2.25726
2.28883
2.3219
2.35656
2.39289
4.68427
4.70656
4.73044
4.75568
4.78238
4.81064
4.84054
4.87209
4.87073
4.83939
4.80942
4.78106
4.75444
4.72918
4.70545
4.68307
4.66219
4.64247
4.62437
4.60752
4.59186
4.57765
4.56458
4.55279
4.54218
2.87187
2.76681
2.66983
2.58005
2.49674
2.41924
2.34699
2.27727
2.20766
2.15712
2.10152
2.03307
2.03902
2.07286
2.09581
2.11982
2.14495
2.17124
2.19876
2.22756
2.25772
2.2893
2.32238
2.35705
2.39339
4.68307
4.70545
4.72918
4.75444
4.78106
4.80942
4.83939
4.87073
4.87073
4.83939
4.80942
4.78106
4.75444
4.72918
4.70545
4.68307
4.66219
4.64247
4.62437
4.60752
4.59186
4.57765
4.56458
4.55279
2.8935
2.786
2.68689
2.59522
2.51023
2.43123
2.35764
2.28894
2.20379
2.16366
2.10799
2.05487
2.02439
2.05186
2.07381
2.09678
2.11607
2.14314
2.17228
2.19982
2.22865
2.25249
2.29044
2.32355
2.35825
2.39462
2.43277
4.70545
4.72918
4.75444
4.78106
4.80942
4.83939
4.87073
4.87209
4.84054
4.81064
4.78238
4.75568
4.73044
4.70656
4.68427
4.66335
4.64374
4.62561
4.6087
4.5931
4.57879
4.56561
4.55392
2.80745
2.70595
2.61225
2.52542
2.44479
2.36973
2.29971
2.23427
2.1648
2.11554
2.06154
2.011
2.03234
2.05334
2.07532
2.09832
2.11693
2.14757
2.17393
2.2015
2.23038
2.2606
2.29225
2.32541
2.36016
2.39658
2.43478
2.47486
4.73044
4.75568
4.78238
4.81064
4.84054
4.87209
4.87451
4.84302
4.81305
4.78486
4.75808
4.73288
4.70899
4.68675
4.66579
4.64624
4.62791
4.61109
4.59551
4.5812
4.56808
2.80066
2.72724
2.63125
2.54242
2.46
2.38335
2.3119
2.22528
2.16083
2.12359
2.06926
1.99883
2.00356
2.03434
2.05538
2.0774
2.10044
2.12456
2.14875
2.17619
2.20382
2.23275
2.26303
2.29474
2.32796
2.36277
2.39927
2.43755
2.47771
2.51988
4.75808
4.78486
4.81305
4.84302
4.87451
4.87837
4.84678
4.81696
4.78858
4.76172
4.73654
4.71272
4.69035
4.66938
4.64976
4.63146
4.61461
4.59903
4.5847
2.8325
2.75083
2.65237
2.56134
2.47697
2.39858
2.32558
2.25745
2.17206
2.12546
2.07808
2.02546
1.99199
2.01673
2.03688
2.05797
2.08005
2.10315
2.12731
2.15261
2.17907
2.20677
2.23576
2.26612
2.29791
2.3312
2.3661
2.40269
2.44106
2.48132
2.52359
2.56801
4.78858
4.81696
4.84678
4.87837
4.88335
4.85182
4.82186
4.79351
4.76673
4.74142
4.71757
4.69517
4.67415
4.65454
4.63631
4.61944
4.60381
4.5894
2.75351
2.64725
2.5823
2.49582
2.41554
2.34084
2.27119
2.20612
2.13753
2.08717
2.03441
1.98159
2.00046
2.01976
2.03997
2.06113
2.08326
2.10106
2.13067
2.15603
2.18257
2.21035
2.23943
2.26987
2.30175
2.33515
2.37015
2.40685
2.44533
2.48572
2.52812
2.57266
2.6195
4.82186
4.85182
4.88335
4.88972
4.858
4.82802
4.79963
4.77285
4.74753
4.72364
4.7012
4.68023
4.66058
4.64217
4.6253
4.60972
2.79033
2.70148
2.60546
2.51666
2.43429
2.35778
2.28648
2.21992
2.15766
2.08948
2.04456
1.97233
1.97591
2.00397
2.02334
2.04362
2.06484
2.08705
2.11029
2.13255
2.16007
2.1867
2.21457
2.24375
2.2743
2.30629
2.33981
2.37493
2.41175
2.45037
2.4909
2.53345
2.57815
2.62516
2.6746
4.858
4.88972
4.89723
4.86553
4.83546
4.80711
4.78015
4.75473
4.7309
4.70845
4.68731
4.66778
4.64942
4.63248
2.83559
2.7298
2.63095
2.53963
2.45504
2.37651
2.30341
2.23524
2.17152
2.11186
2.05436
2.00333
1.96722
1.98944
2.00801
2.02746
2.04782
2.06913
2.09143
2.10622
2.13772
2.16472
2.19146
2.21944
2.24874
2.27941
2.31152
2.34517
2.38044
2.41741
2.45619
2.49688
2.53961
2.5845
2.6255
2.67983
4.86553
4.89723
4.90614
4.8743
4.84431
4.8158
4.78888
4.76339
4.7393
4.71695
4.69593
4.67622
4.65791
2.87175
2.75976
2.65694
2.56487
2.47785
2.39713
2.32209
2.25216
2.18687
2.12579
2.06854
2.0148
1.95962
1.97614
1.99394
2.0126
2.03213
2.05258
2.06842
2.09638
2.11982
2.14434
2.17001
2.19686
2.22497
2.25439
2.2852
2.31746
2.35125
2.38669
2.42383
2.46278
2.50366
2.54659
2.58248
2.63911
2.68737
2.74496
4.90614
4.91617
4.88441
4.85422
4.82565
4.79877
4.77328
4.7493
4.72671
4.70563
4.68585
4.66748
2.79495
2.6896
2.59185
2.50057
2.41979
2.34263
2.2708
2.2038
2.14117
2.08253
2.02752
1.97583
1.9556
1.98109
1.99898
2.01773
2.03736
2.05791
2.07942
2.10193
2.12548
2.15013
2.17592
2.20291
2.23116
2.26073
2.29169
2.32412
2.35808
2.39369
2.43102
2.47017
2.51127
2.55442
2.596
2.64547
2.68764
4.88441
4.91617
4.92773
4.89582
4.86567
4.83695
4.80995
4.78445
4.76041
4.73765
4.71658
4.69681
2.83222
2.72315
2.62282
2.53025
2.44357
2.36266
2.28708
2.22241
2.15811
2.09795
2.04157
1.98863
1.94963
1.96939
1.98657
2.00457
2.02342
2.04316
2.06382
2.07965
2.09992
2.13176
2.15655
2.18248
2.20961
2.23802
2.26775
2.29888
2.33149
2.36565
2.40145
2.43899
2.47837
2.5197
2.5631
2.60559
2.65664
2.70711
4.89582
4.92773
4.94054
4.90857
4.87823
4.84961
4.82245
4.79687
4.7727
4.75006
4.72882
4.70901
2.75982
2.65592
2.56019
2.47173
2.38961
2.31241
2.2428
2.17254
2.10896
2.05703
2.00275
1.94471
1.95883
1.97531
1.99259
2.0107
2.02967
2.04953
2.07031
2.09207
2.11226
2.13867
2.1636
2.18968
2.21698
2.24556
2.27547
2.30679
2.3396
2.37397
2.40999
2.44775
2.48739
2.52898
2.57264
2.61301
2.65791
4.87823
4.90857
4.94054
4.95469
4.9226
4.89222
4.86341
4.83624
4.81046
4.7864
4.76369
4.74232
4.72243
4.70392
2.59286
2.50135
2.41668
2.33814
2.26469
2.19565
2.13348
2.06993
2.01467
1.96592
1.94227
1.96517
1.98177
1.99917
2.0174
2.03649
2.0527
2.0774
2.0993
2.12222
2.1462
2.17129
2.19755
2.22503
2.25379
2.2839
2.31543
2.34846
2.37732
2.41764
2.45734
2.49661
2.53911
2.58308
2.62929
2.68084
4.89222
4.9226
4.95469
4.97017
4.93796
4.9075
4.87866
4.85138
4.82554
4.80137
4.77857
4.75715
4.73715
4.7186
4.70148
2.44601
2.36482
2.28943
2.21924
2.15321
2.09257
2.03526
1.98086
1.93881
1.94859
1.97206
1.98878
2.0063
2.02466
2.04389
2.05925
2.08509
2.09489
2.13023
2.15438
2.17965
2.2061
2.23377
2.26274
2.2924
2.32481
2.35807
2.38771
2.42945
2.46775
2.50794
2.55012
2.59443
2.63321
4.87866
4.9075
4.93796
4.97017
4.98698
4.95475
4.92416
4.89523
4.86777
4.8419
4.81768
4.79475
4.77328
4.75335
4.7347
4.71728
4.70143
4.68682
2.24344
2.17589
2.11274
2.05382
1.99451
1.93625
1.94426
1.95788
1.9795
1.99634
2.014
2.0325
2.05188
2.07216
2.0934
2.11562
2.13285
2.16321
2.18868
2.21532
2.24321
2.2724
2.30296
2.33495
2.36847
2.39861
2.4404
2.47901
2.51951
2.56203
2.60669
2.65777
4.89523
4.92416
4.95475
4.98698
5.00522
4.9729
4.94222
4.91316
4.88557
4.85973
4.83533
4.81234
4.79087
4.77075
4.75204
4.73471
4.71866
4.70399
4.69059
2.13493
2.07405
2.01693
1.9631
1.93973
1.95337
1.96744
1.98749
2.00448
2.02228
2.04094
2.06047
2.08092
2.10233
2.12474
2.14818
2.17272
2.19839
2.22525
2.25337
2.28279
2.3136
2.34587
2.37966
2.41009
2.4522
2.49113
2.53019
2.57486
2.6199
4.88557
4.91316
4.94222
4.9729
5.00522
5.02494
4.9924
4.96167
4.93248
4.90468
4.87884
4.85427
4.83133
4.80973
4.7895
4.77078
4.75334
4.73726
4.72251
4.70902
4.69682
4.68589
1.98223
1.93417
1.94928
1.96412
1.97727
1.99227
2.00776
2.0205
2.04997
2.06968
2.09031
2.11191
2.13451
2.15816
2.1829
2.2088
2.2359
2.26426
2.29394
2.32502
2.35757
2.39166
2.42219
2.46485
2.50413
2.54535
2.58862
2.63586
4.90468
4.93248
4.96167
4.9924
5.02494
5.04619
5.01352
4.98256
4.95323
4.92557
4.89943
4.87474
4.85166
4.82996
4.8097
4.79087
4.77336
4.75715
4.74226
4.72885
4.71665
4.70553
4.69587
1.94461
1.95746
1.97295
1.98568
2.00014
2.02249
2.02984
2.05962
2.07951
2.09567
2.12213
2.14494
2.16881
2.19379
2.21992
2.24727
2.2759
2.30586
2.33723
2.37008
2.4045
2.43499
2.47838
2.51804
2.55965
2.60335
4.89943
4.92557
4.95323
4.98256
5.01352
5.04619
5.06874
5.03604
5.00494
4.97547
4.94765
4.92145
4.89664
4.87345
4.85157
4.83132
4.8123
4.79476
4.77856
4.76371
4.7501
4.73783
4.72677
4.717
4.70854
4.70107
1.98108
1.99546
2.01008
2.02497
2.04012
2.0699
2.08998
2.11101
2.13303
2.15606
2.18017
2.20539
2.23178
2.2594
2.28831
2.31857
2.35025
2.38343
2.41819
2.44855
2.49281
2.53288
2.57492
4.89664
4.92145
4.94765
4.97547
5.00494
5.03604
5.06874
5.09291
5.05997
5.02883
4.99918
4.97117
4.94488
4.91999
4.89666
4.87477
4.85427
4.8353
4.81767
4.80135
4.78643
4.77277
4.76042
4.74929
4.7395
4.73092
4.72354
4.71757
2.00899
2.02087
2.04292
2.05127
2.08081
2.10111
2.12236
2.14461
2.16788
2.19223
2.21772
2.24439
2.2723
2.3015
2.33208
2.3641
2.39763
2.43276
2.46295
2.50818
2.54868
2.59118
4.91999
4.94488
4.97117
4.99918
5.02883
5.05997
5.09291
5.11873
5.08549
5.05415
5.02444
4.99635
4.96984
4.94486
4.92145
4.89936
4.87888
4.85966
4.84199
4.82563
4.81049
4.79679
4.78443
4.77332
4.76344
4.75483
4.74753
4.7414
4.73655
4.73283
2.05408
2.06329
2.09239
2.11292
2.1344
2.15689
2.18042
2.20504
2.2308
2.25776
2.28598
2.31551
2.34643
2.3788
2.4127
2.44823
2.47825
2.5245
2.56546
4.92145
4.94486
4.96984
4.99635
5.02444
5.05415
5.08549
5.11873
5.14604
5.11271
5.08118
5.05132
5.02301
4.99633
4.97128
4.94769
4.92554
4.90491
4.8857
4.86776
4.8513
4.83623
4.8224
4.80994
4.79877
4.78885
4.78022
4.77281
4.7667
4.76177
4.75808
4.75563
2.08559
2.10465
2.12541
2.14714
2.16989
2.19369
2.2186
2.24466
2.27194
2.30048
2.33035
2.36163
2.39438
2.42868
2.46463
2.49455
2.54181
2.58241
4.94769
4.97128
4.99633
5.02301
5.05132
5.08118
5.11271
5.14604
5.17485
5.14152
5.10977
5.07972
5.05124
5.02444
4.9992
4.97553
4.95323
4.93254
4.91315
4.89519
4.87863
4.86331
4.8496
4.83698
4.8258
4.81579
4.80702
4.79962
4.7935
4.78853
4.78486
4.78241
4.7812
4.7812
2.13863
2.16061
2.18364
2.20772
2.23293
2.25932
2.28692
2.31581
2.34605
2.37771
2.41087
2.44559
2.48198
2.51192
2.56013
4.95323
4.97553
4.9992
5.02444
5.05124
5.07972
5.10977
5.14152
5.17485
5.20561
5.17193
5.13997
5.10979
5.08121
5.05419
5.02873
5.00491
4.98253
4.9617
4.94217
4.92415
4.90746
4.89225
4.87826
4.86566
4.85432
4.84423
4.83555
4.82793
4.8219
4.81682
4.81314
4.81066
4.80953
4.80953
4.81066
4.81314
2.19814
2.22254
2.24808
2.27479
2.30275
2.33201
2.36264
2.3947
2.42829
2.46347
2.50033
2.53045
4.9617
4.98253
5.00491
5.02873
5.05419
5.08121
5.10979
5.13997
5.17193
5.20561
5.23786
5.204
5.17185
5.14144
5.11264
5.08553
5.06004
5.03606
5.01344
4.99248
4.97291
4.95467
4.93796
4.92262
4.90853
4.89588
4.88442
4.87431
4.86559
4.85806
4.85177
4.84681
4.84297
4.84057
4.83932
4.83932
4.84057
4.84297
4.84681
2.23828
2.26404
2.29111
2.31944
2.3491
2.38014
2.41264
2.44668
2.48113
2.51971
2.55888
4.99248
5.01344
5.03606
5.06004
5.08553
5.11264
5.14144
5.17185
5.204
5.23786
5.27193
5.23792
5.20554
5.1749
5.14603
5.11866
5.09296
5.06885
5.04621
5.02504
5.0052
4.98688
4.97014
4.95467
4.94047
4.92775
4.91615
4.90612
4.89726
4.88972
4.88341
4.87834
4.87464
4.872
4.87086
4.87086
4.872
4.87464
4.87834
4.88341
4.88972
2.30831
2.33704
2.36711
2.39858
2.43154
2.46607
2.49995
2.54014
5.0052
5.02504
5.04621
5.06885
5.09296
5.11866
5.14603
5.1749
5.20554
5.23792
5.27193
