Label: Box
Position: -2.07666, 0.365154, -0.506638
Orientation (Quaternion): 0.209065, 0.887143, 0.0795684, -0.403656
1.74625
1.65232
1.63756
1.65276
1.66778
1.69433
1.70742
1.73581
1.75616
1.77745
1.79975
1.82308
1.83079
1.87307
1.89985
1.92791
1.95733
1.98818
2.02054
2.0545
2.08692
2.10901
2.16711
2.20804
2.25232
2.2984
2.34701
4.87464
4.87834
4.88341
4.88972
4.89726
4.90612
4.91615
4.92775
4.94047
4.95467
4.97014
4.98688
5.0052
5.02504
5.04621
5.06885
5.09296
5.11866
5.14603
5.1749
5.20554
5.23792
5.27193
1.73292
1.64848
1.61382
1.62676
1.64183
1.66952
1.68857
1.70731
1.72687
1.74733
1.76874
1.79116
1.81461
1.83918
1.8649
1.89184
1.92007
1.94967
1.9807
2.0119
2.03012
2.08339
2.12115
2.16056
2.20266
2.24672
2.29316
4.84297
4.84681
4.85177
4.85806
4.86559
4.87431
4.88442
4.89588
4.90853
4.92262
4.93796
4.95467
4.97291
4.99248
5.01344
5.03606
5.06004
5.08553
5.11264
5.14144
5.17185
5.204
5.23786
1.71436
1.63158
1.59112
1.60496
1.61711
1.63702
1.66207
1.68005
1.69886
1.71854
1.73914
1.76069
1.78325
1.80686
1.83159
1.85748
1.88461
1.91304
1.93664
1.97411
2.00693
2.04139
2.07759
2.11566
2.1557
2.19788
2.24232
2.27815
4.81682
4.8219
4.82793
4.83555
4.84423
4.85432
4.86566
4.87826
4.89225
4.90746
4.92415
4.94217
4.9617
4.98253
5.00491
5.02873
5.05419
5.08121
5.10979
5.13997
5.17193
5.20561
1.69705
1.61579
1.56941
1.58018
1.59383
1.61953
1.63665
1.65395
1.67206
1.69101
1.71084
1.73159
1.7533
1.77603
1.79982
1.82473
1.85083
1.86646
1.90684
1.93689
1.96842
2.00152
2.03628
2.07281
2.11122
2.1512
2.19424
2.23913
4.78853
4.7935
4.79962
4.80702
4.81579
4.8258
4.83698
4.8496
4.86331
4.87863
4.89519
4.91315
4.93254
4.95323
4.97553
4.9992
5.02444
5.05124
5.07972
5.10977
5.14152
5.17485
1.67591
1.59661
1.54867
1.55841
1.57203
1.59636
1.61229
1.62896
1.64641
1.66467
1.68378
1.70377
1.7247
1.74659
1.76951
1.7935
1.81863
1.83134
1.87255
1.90147
1.93181
1.96364
1.99705
2.03216
2.06906
2.10788
2.14874
2.18068
2.2372
4.7667
4.77281
4.78022
4.78885
4.79877
4.80994
4.8224
4.83623
4.8513
4.86776
4.8857
4.90491
4.92554
4.94769
4.97128
4.99633
5.02301
5.05132
5.08118
5.11271
5.14604
1.66131
1.58376
1.52887
1.54092
1.55109
1.57357
1.58894
1.60502
1.62185
1.63945
1.65789
1.67586
1.69736
1.71847
1.74058
1.76215
1.78794
1.81331
1.8399
1.86776
1.89698
1.92762
1.95978
1.99356
2.02905
2.06637
2.10564
2.14699
2.18752
4.7414
4.74753
4.75483
4.76344
4.77332
4.78443
4.79679
4.81049
4.82563
4.84199
4.85966
4.87888
4.89936
4.92145
4.94486
4.96984
4.99635
5.02444
5.05415
5.08549
5.11873
1.64779
1.57173
1.50998
1.51446
1.53308
1.54044
1.56655
1.56834
1.59832
1.61532
1.63311
1.65173
1.6712
1.6916
1.71293
1.73526
1.75864
1.78313
1.80877
1.83564
1.86381
1.88878
1.92434
1.95688
1.99106
2.00931
2.06476
2.10453
2.14156
2.19255
4.72354
4.73092
4.7395
4.74929
4.76042
4.77277
4.78643
4.80135
4.81767
4.8353
4.85427
4.87477
4.89666
4.91999
4.94488
4.97117
4.99918
5.02883
5.05997
5.09291
1.62733
1.5587
1.49201
1.4955
1.51165
1.52569
1.53455
1.56007
1.57577
1.5779
1.60938
1.62737
1.64619
1.66589
1.68651
1.70809
1.73067
1.75432
1.77908
1.80502
1.83221
1.86072
1.89062
1.91381
1.95495
1.98957
2.02597
2.05965
2.10458
2.14707
4.70107
4.70854
4.717
4.72677
4.73783
4.7501
4.76371
4.77856
4.79476
4.8123
4.83132
4.85157
4.87345
4.89664
4.92145
4.94765
4.97547
5.00494
5.03604
5.06874
1.62296
1.55045
1.47496
1.4773
1.49307
1.50073
1.52447
1.52904
1.5431
1.57003
1.57325
1.58939
1.62226
1.64131
1.66125
1.68211
1.70394
1.7268
1.75074
1.77239
1.80209
1.82963
1.85851
1.88881
1.92061
1.95401
1.98912
2.02604
2.06489
2.10582
4.68019
4.68742
4.69587
4.70553
4.71665
4.72885
4.74226
4.75715
4.77336
4.79087
4.8097
4.82996
4.85166
4.87474
4.89943
4.92557
4.95323
4.98256
5.01352
5.04619
1.61638
1.54049
1.45885
1.45984
1.47521
1.48489
1.5047
1.51873
1.53341
1.54879
1.55352
1.57443
1.58642
1.61778
1.63707
1.65727
1.67206
1.70053
1.72369
1.74795
1.77336
1.79999
1.82791
1.8572
1.88793
1.92019
1.95409
1.98973
2.02722
2.06669
2.10829
4.66783
4.67623
4.68589
4.69682
4.70902
4.72251
4.73726
4.75334
4.77078
4.7895
4.80973
4.83133
4.85427
4.87884
4.90468
4.93248
4.96167
4.9924
5.02494
1.60641
1.52995
1.44373
1.44311
1.45804
1.47276
1.48572
1.49248
1.51352
1.51984
1.5345
1.55048
1.56545
1.58098
1.61119
1.63352
1.65399
1.67542
1.69785
1.72134
1.74594
1.77172
1.79874
1.82708
1.8568
1.88801
1.92077
1.95522
1.99144
2.02955
2.0697
2.11201
4.65784
4.66748
4.67841
4.69059
4.70399
4.71866
4.73471
4.75204
4.77075
4.79087
4.81234
4.83533
4.85973
4.88557
4.91316
4.94222
4.9729
5.00522
1.59734
1.52459
1.45657
1.4271
1.44153
1.45084
1.46749
1.47515
1.48819
1.50185
1.5198
1.53078
1.54535
1.57369
1.59181
1.61078
1.63063
1.6514
1.67315
1.69592
1.71976
1.74474
1.77092
1.79836
1.82715
1.85735
1.88907
1.92239
1.95741
1.99426
2.03306
2.07396
4.64086
4.65052
4.66129
4.67339
4.68682
4.70143
4.71728
4.7347
4.75335
4.77328
4.79475
4.81768
4.8419
4.86777
4.89523
4.92416
4.95475
4.98698
1.5867
1.51708
1.45161
1.41181
1.42566
1.43781
1.44998
1.45841
1.47115
1.48473
1.49821
1.5119
1.52609
1.55302
1.55609
1.58901
1.60828
1.62844
1.64954
1.67162
1.69476
1.71898
1.74437
1.77097
1.79887
1.82814
1.8558
1.88794
1.91927
1.96071
1.99824
2.0375
4.62513
4.63475
4.64554
4.65764
4.67088
4.68555
4.70148
4.7186
4.73715
4.75715
4.77857
4.80137
4.82554
4.85138
4.87866
4.9075
4.93796
4.97017
1.58181
1.51033
1.4454
1.3973
1.40794
1.42136
1.43317
1.44224
1.45469
1.46756
1.48043
1.49378
1.51689
1.52198
1.5503
1.56818
1.58689
1.60646
1.62696
1.6484
1.67086
1.69438
1.71902
1.74484
1.76674
1.8003
1.83009
1.85475
1.89425
1.9288
1.96515
2.00342
2.04375
4.62028
4.63105
4.64313
4.65636
4.67094
4.68681
4.70392
4.72243
4.74232
4.76369
4.7864
4.81046
4.83624
4.86341
4.89222
4.9226
4.95469
1.57165
1.50438
1.43986
1.38276
1.39307
1.40555
1.41702
1.42661
1.43869
1.45487
1.46871
1.47641
1.49836
1.50393
1.51846
1.54821
1.56641
1.58541
1.60535
1.6262
1.64802
1.67087
1.69481
1.71989
1.74432
1.76793
1.80266
1.83303
1.86491
1.88852
1.93119
1.96338
1.99746
4.60712
4.61783
4.62973
4.64301
4.65762
4.6734
4.69057
4.70901
4.72882
4.75006
4.7727
4.79687
4.82245
4.84961
4.87823
4.90857
4.94054
1.56961
1.49913
1.43509
1.37057
1.37867
1.39035
1.4015
1.41319
1.42545
1.4383
1.45175
1.45973
1.4806
1.48662
1.50081
1.51553
1.54679
1.55648
1.58468
1.6031
1.6206
1.6416
1.6655
1.68102
1.72007
1.74303
1.76735
1.79308
1.82026
1.85351
1.90032
1.9397
1.97367
2.01945
4.60594
4.61789
4.6311
4.64556
4.66126
4.6784
4.69681
4.71658
4.73765
4.76041
4.78445
4.80995
4.83695
4.86567
4.89582
4.92773
1.56473
1.4742
1.43093
1.35983
1.36501
1.37513
1.38659
1.39796
1.4077
1.42239
1.43549
1.4492
1.46356
1.47399
1.48341
1.49898
1.52041
1.53999
1.56415
1.58075
1.59842
1.61718
1.63704
1.65801
1.69815
1.72422
1.74856
1.78023
1.81032
1.82645
1.87518
1.90036
1.94124
1.98568
4.59521
4.60713
4.62035
4.63475
4.65041
4.66748
4.68585
4.70563
4.72671
4.7493
4.77328
4.79877
4.82565
4.85422
4.88441
4.91617
1.56062
1.49089
1.41742
1.35262
1.35151
1.36144
1.37226
1.38333
1.39311
1.40712
1.41619
1.42909
1.44256
1.45944
1.47285
1.48797
1.50096
1.51988
1.53313
1.55056
1.58512
1.60638
1.62689
1.65155
1.67207
1.69596
1.72411
1.75563
1.78493
1.81569
1.84801
1.88199
1.91775
1.95266
4.5857
4.59766
4.61077
4.62521
4.64093
4.65791
4.67622
4.69593
4.71695
4.7393
4.76339
4.78888
4.8158
4.84431
4.8743
4.90614
1.55729
1.48783
1.42465
1.36696
1.32834
1.34806
1.35705
1.36852
1.37794
1.38838
1.39963
1.4116
1.42426
1.43759
1.45814
1.47298
1.48836
1.49954
1.51639
1.53342
1.56619
1.58673
1.60823
1.63076
1.65435
1.67908
1.705
1.73218
1.76071
1.79065
1.82211
1.85518
1.88996
1.92659
1.96517
4.58934
4.60246
4.61687
4.63248
4.64942
4.66778
4.68731
4.70845
4.7309
4.75473
4.78015
4.80711
4.83546
4.86553
4.89723
1.55473
1.48548
1.42248
1.35807
1.32838
1.34476
1.35153
1.36026
1.37126
1.38199
1.3934
1.40545
1.41814
1.43147
1.44545
1.46012
1.47548
1.49157
1.50842
1.52606
1.54453
1.56386
1.5841
1.6053
1.6275
1.65075
1.67512
1.70066
1.72745
1.75556
1.78507
1.81606
1.84863
1.88549
1.92595
4.5821
4.59529
4.60972
4.6253
4.64217
4.66058
4.68023
4.7012
4.72364
4.74753
4.77285
4.79963
4.82802
4.858
4.88972
1.53459
1.45758
1.40088
1.37326
1.38566
1.3942
1.38813
1.41274
1.42274
1.42861
1.4399
1.45096
1.46297
1.47518
1.48784
1.50811
1.51487
1.52931
1.55413
1.57093
1.5885
1.60688
1.62613
1.64625
1.66686
1.68913
1.71248
1.73669
1.76204
1.7886
1.81645
1.81638
1.84868
1.88266
1.91844
4.57631
4.5894
4.60381
4.61944
4.63631
4.65454
4.67415
4.69517
4.71757
4.74142
4.76673
4.79351
4.82186
4.85182
4.88335
1.55186
1.48285
1.41451
1.40873
1.42767
1.43698
1.44666
1.4465
1.46794
1.47882
1.49129
1.50383
1.51697
1.52749
1.54516
1.56027
1.57064
1.59262
1.60994
1.61706
1.63544
1.66687
1.67501
1.70936
1.73211
1.75593
1.78088
1.80702
1.83441
1.86314
1.89328
1.9249
1.95418
1.99327
4.55984
4.57155
4.5847
4.59903
4.61461
4.63146
4.64976
4.66938
4.69035
4.71272
4.73654
4.76172
4.78858
4.81696
4.84678
4.87837
1.55158
1.46232
1.44298
1.45101
1.4726
1.48275
1.49343
1.50438
1.51486
1.5288
1.53341
1.55154
1.56582
1.58443
1.58815
1.61655
1.63366
1.65157
1.65832
1.68993
1.70495
1.71944
1.75441
1.7654
1.80258
1.8284
1.85545
1.87345
1.91352
1.94472
1.97746
2.01185
2.04799
4.5456
4.55632
4.56808
4.5812
4.59551
4.61109
4.62791
4.64624
4.66579
4.68675
4.70899
4.73288
4.75808
4.78486
4.81305
4.84302
4.87451
1.55202
1.48773
1.47973
1.49795
1.52074
1.53184
1.54351
1.55576
1.56809
1.57968
1.59614
1.61098
1.62647
1.62508
1.65966
1.67743
1.68066
1.70977
1.72141
1.75712
1.7611
1.80274
1.82717
1.84905
1.86757
1.90375
1.93706
1.96008
2.00033
2.03435
2.07008
4.52582
4.53399
4.5434
4.55392
4.56561
4.57879
4.5931
4.6087
4.62561
4.64374
4.66335
4.68427
4.70656
4.73044
4.75568
4.78238
4.81064
4.84054
4.87209
1.53935
1.52132
1.54986
1.5491
1.57246
1.58463
1.59739
1.61078
1.62476
1.63871
1.65153
1.65299
1.66859
1.69171
1.72413
1.7231
1.74467
1.76704
1.80711
1.81445
1.83968
1.88007
1.87655
1.92266
1.94763
1.99457
2.02674
2.06053
2.0941
2.13459
4.51766
4.52458
4.53279
4.54218
4.55279
4.56458
4.57765
4.59186
4.60752
4.62437
4.64247
4.66219
4.68307
4.70545
4.72918
4.75444
4.78106
4.80942
4.83939
4.87073
1.57132
1.59176
1.6033
1.60453
1.62815
1.64151
1.65551
1.67019
1.68557
1.70142
1.71606
1.73155
1.74763
1.77386
1.78462
1.81537
1.8141
1.8607
1.88272
1.88009
1.9357
1.96482
1.98121
2.0137
2.04787
2.08105
2.12573
2.16219
4.50722
4.51184
4.51766
4.52458
4.53279
4.54218
4.55279
4.56458
4.57765
4.59186
4.60752
4.62437
4.64247
4.66219
4.68307
4.70545
4.72918
4.75444
4.78106
4.80942
4.83939
4.87073
1.63599
1.64811
1.66086
1.66449
1.68826
1.70296
1.71837
1.73451
1.7514
1.76909
1.7871
1.80349
1.82112
1.83943
1.87065
1.87153
1.91821
1.94366
1.9703
1.99822
2.02746
2.0581
2.09024
2.12394
2.15932
2.19362
2.23917
4.50483
4.50832
4.51288
4.51876
4.52582
4.53399
4.5434
4.55392
4.56561
4.57879
4.5931
4.6087
4.62561
4.64374
4.66335
4.68427
4.70656
4.73044
4.75568
4.78238
4.81064
4.84054
4.87209
1.69551
1.70894
1.72304
1.72941
1.75332
1.76955
1.78655
1.80434
1.82297
1.84246
1.86286
1.88335
1.90179
1.92197
1.94293
1.96356
2.00195
2.02818
2.06424
2.09505
2.10541
2.16124
2.19678
2.2341
2.27331
4.50359
4.50483
4.50715
4.51064
4.51526
4.52111
4.52811
4.53626
4.5456
4.55632
4.56808
4.5812
4.59551
4.61109
4.62791
4.64624
4.66579
4.68675
4.70899
4.73288
4.75808
4.78486
4.81305
4.84302
4.87451
1.75984
1.77476
1.7904
1.79981
1.82395
1.84192
1.86073
1.88042
1.90102
1.92258
1.94514
1.96874
1.99064
2.013
2.03624
2.06041
2.08554
2.11435
2.14616
2.20229
2.23817
2.27582
2.31537
2.35694
4.50722
4.50722
4.50831
4.51064
4.51417
4.51881
4.52461
4.53163
4.53979
4.54919
4.55984
4.57155
4.5847
4.59903
4.61461
4.63146
4.64976
4.66938
4.69035
4.71272
4.73654
4.76172
4.78858
4.81696
4.84678
4.87837
1.82957
1.84617
1.86358
1.87631
1.90088
1.92084
1.94173
1.96359
1.98646
2.0104
2.03545
2.06167
2.08902
2.11383
2.13975
2.16671
2.19479
2.22402
2.25103
2.31441
2.36175
2.40387
4.51525
4.51288
4.51184
4.51184
4.51288
4.51525
4.51881
4.52344
4.52923
4.53629
4.54452
4.55383
4.56452
4.57631
4.5894
4.60381
4.61944
4.63631
4.65454
4.67415
4.69517
4.71757
4.74142
4.76673
4.79351
4.82186
4.85182
4.88335
1.90538
1.92393
1.94335
1.9597
1.98495
2.0072
2.03049
2.05486
2.08036
2.10706
2.135
2.16425
2.19489
2.22599
2.25508
2.28537
2.31694
2.34984
2.38417
2.43032
2.4886
4.52461
4.52112
4.51874
4.51767
4.51767
4.51874
4.52112
4.52461
4.52929
4.53508
4.54212
4.55032
4.55974
4.57036
4.5821
4.59529
4.60972
4.6253
4.64217
4.66058
4.68023
4.7012
4.72364
4.74753
4.77285
4.79963
4.82802
4.858
4.88972
1.98809
2.00887
2.03061
2.05088
2.07718
2.10209
2.12816
2.15545
2.18401
2.21392
2.24524
2.27806
2.31245
2.34851
2.38428
2.41854
2.45429
2.49161
2.5306
2.58607
4.53631
4.53154
4.52813
4.52579
4.52459
4.52459
4.52579
4.52813
4.53154
4.53631
4.54197
4.54905
4.55734
4.56682
4.57748
4.58934
4.60246
4.61687
4.63248
4.64942
4.66778
4.68731
4.70845
4.7309
4.75473
4.78015
4.80711
4.83546
4.86553
4.89723
2.07866
2.10202
2.12646
2.15095
2.1788
2.20681
2.23613
2.26683
2.29898
2.33267
2.36798
2.40499
2.44383
2.48459
2.59538
2.66205
4.57502
4.56553
4.5574
4.55033
4.54443
4.53978
4.53619
4.53395
4.5328
4.5328
4.53395
4.53619
4.53978
4.54443
4.55033
4.5574
4.56553
4.57502
4.5857
4.59766
4.61077
4.62521
4.64093
4.65791
4.67622
4.69593
4.71695
4.7393
4.76339
4.78888
4.8158
4.84431
4.8743
4.90614
2.17824
2.20459
2.23218
2.26105
2.29127
2.32292
2.35606
2.40538
4.70563
4.68585
4.66748
4.65041
4.63475
4.62035
4.60713
4.59521
4.58447
4.57505
4.56674
4.55969
4.55388
4.54908
4.54568
4.54334
4.54219
4.54219
4.54334
4.54568
4.54908
4.55388
4.55969
4.56674
4.57505
4.58447
4.59521
4.60713
4.62035
4.63475
4.65041
4.66748
4.68585
4.70563
4.72671
4.7493
4.77328
4.79877
4.82565
4.85422
4.88441
4.91617
2.28856
2.31808
2.34934
4.83695
4.80995
4.78445
4.76041
4.73765
4.71658
4.69681
4.6784
4.66126
4.64556
4.6311
4.61789
4.60594
4.59518
4.58574
4.57738
4.57035
4.5645
4.55976
4.55622
4.55391
4.55281
4.55281
4.55391
4.55622
4.55976
4.5645
4.57035
4.57738
4.58574
4.59518
4.60594
4.61789
4.6311
4.64556
4.66126
4.6784
4.69681
4.71658
4.73765
4.76041
4.78445
4.80995
4.83695
4.86567
4.89582
4.92773
4.94054
4.90857
4.87823
4.84961
4.82245
4.79687
4.7727
4.75006
4.72882
4.70901
4.69057
4.6734
4.65762
4.64301
4.62973
4.61783
4.60712
4.5976
4.58933
4.58218
4.57625
4.5715
4.56805
4.56577
4.56457
4.56457
4.56577
4.56805
4.5715
4.57625
4.58218
4.58933
4.5976
4.60712
4.61783
4.62973
4.64301
4.65762
4.6734
4.69057
4.70901
4.72882
4.75006
4.7727
4.79687
4.82245
4.84961
4.87823
4.90857
4.94054
4.95469
4.9226
4.89222
4.86341
4.83624
4.81046
4.7864
4.76369
4.74232
4.72243
4.70392
4.68681
4.67094
4.65636
4.64313
4.63105
4.62028
4.61072
4.60242
4.59523
4.5894
4.58464
4.58117
4.57871
4.57768
4.57768
4.57871
4.58117
4.58464
4.5894
4.59523
4.60242
4.61072
4.62028
4.63105
4.64313
4.65636
4.67094
4.68681
4.70392
4.72243
4.74232
4.76369
4.7864
4.81046
4.83624
4.86341
4.89222
4.9226
4.95469
4.97017
4.93796
4.9075
4.87866
4.85138
4.82554
4.80137
4.77857
4.75715
4.73715
4.7186
4.70148
4.68555
4.67088
4.65764
4.64554
4.63475
4.62513
4.61676
4.60959
4.60381
4.59904
4.59535
4.59312
4.59194
4.59194
4.59312
4.59535
4.59904
4.60381
4.60959
4.61676
4.62513
4.63475
4.64554
4.65764
4.67088
4.68555
4.70148
4.7186
4.73715
4.75715
4.77857
4.80137
4.82554
4.85138
4.87866
4.9075
4.93796
4.97017
4.98698
4.95475
4.92416
4.89523
4.86777
4.8419
4.81768
4.79475
4.77328
4.75335
4.7347
4.71728
4.70143
4.68682
4.67339
4.66129
4.65052
4.64086
4.6324
4.62524
4.61944
4.61467
4.61109
4.60872
4.60747
4.60747
4.60872
4.61109
4.61467
4.61944
4.62524
4.6324
4.64086
4.65052
4.66129
4.67339
4.68682
4.70143
4.71728
4.7347
4.75335
4.77328
4.79475
4.81768
4.8419
4.86777
4.89523
4.92416
4.95475
4.98698
5.00522
4.9729
4.94222
4.91316
4.88557
4.85973
4.83533
4.81234
4.79087
4.77075
4.75204
4.73471
4.71866
4.70399
4.69059
4.67841
4.66748
4.65784
4.64953
4.64231
4.63636
4.6316
4.62799
4.62561
4.62433
4.62433
4.62561
4.62799
4.6316
4.63636
4.64231
4.64953
4.65784
4.66748
4.67841
4.69059
4.70399
4.71866
4.73471
4.75204
4.77075
4.79087
4.81234
4.83533
4.85973
4.88557
4.91316
4.94222
4.9729
5.00522
5.02494
4.9924
4.96167
4.93248
4.90468
4.87884
4.85427
4.83133
4.80973
4.7895
4.77078
4.75334
4.73726
4.72251
4.70902
4.69682
4.68589
4.67623
4.66783
4.66062
4.65463
4.64971
4.64622
4.64383
4.64267
4.64267
4.64383
4.64622
4.64971
4.65463
4.66062
4.66783
4.67623
4.68589
4.69682
4.70902
4.72251
4.73726
4.75334
4.77078
4.7895
4.80973
4.83133
4.85427
4.87884
4.90468
4.93248
4.96167
4.9924
5.02494
5.04619
5.01352
4.98256
4.95323
4.92557
4.89943
4.87474
4.85166
4.82996
4.8097
4.79087
4.77336
4.75715
4.74226
4.72885
4.71665
4.70553
4.69587
4.68742
4.68019
4.67415
4.66937
4.66578
4.66335
4.66211
4.66211
4.66335
4.66578
4.66937
4.67415
4.68019
4.68742
4.69587
4.70553
4.71665
4.72885
4.74226
4.75715
4.77336
4.79087
4.8097
4.82996
4.85166
4.87474
4.89943
4.92557
4.95323
4.98256
5.01352
5.04619
5.06874
5.03604
5.00494
4.97547
4.94765
4.92145
4.89664
4.87345
4.85157
4.83132
4.8123
4.79476
4.77856
4.76371
4.7501
4.73783
4.72677
4.717
4.70854
4.70107
4.69521
4.69036
4.68664
4.68433
4.68308
4.68308
4.68433
4.68664
4.69036
4.69521
4.70107
4.70854
4.717
4.72677
4.73783
4.7501
4.76371
4.77856
4.79476
4.8123
4.83132
4.85157
4.87345
4.89664
4.92145
4.94765
4.97547
5.00494
5.03604
5.06874
5.09291
5.05997
5.02883
4.99918
4.97117
4.94488
4.91999
4.89666
4.87477
4.85427
4.8353
4.81767
4.80135
4.78643
4.77277
4.76042
4.74929
4.7395
4.73092
4.72354
4.71757
4.71274
4.70906
4.70665
4.7055
4.7055
4.70665
4.70906
4.71274
4.71757
4.72354
4.73092
4.7395
4.74929
4.76042
4.77277
4.78643
4.80135
4.81767
4.8353
4.85427
4.87477
4.89666
4.91999
4.94488
4.97117
4.99918
5.02883
5.05997
5.09291
5.11873
5.08549
5.05415
5.02444
4.99635
4.96984
4.94486
4.92145
4.89936
4.87888
4.85966
4.84199
4.82563
4.81049
4.79679
4.78443
4.77332
4.76344
4.75483
4.74753
4.7414
4.73655
4.73283
4.73028
4.72921
4.72921
4.73028
4.73283
4.73655
4.7414
4.74753
4.75483
4.76344
4.77332
4.78443
4.79679
4.81049
4.82563
4.84199
4.85966
4.87888
4.89936
4.92145
4.94486
4.96984
4.99635
5.02444
5.05415
5.08549
5.11873
5.14604
5.11271
5.08118
5.05132
5.02301
4.99633
4.97128
4.94769
4.92554
4.90491
4.8857
4.86776
4.8513
4.83623
4.8224
4.80994
4.79877
4.78885
4.78022
4.77281
4.7667
4.76177
4.75808
4.75563
4.75445
4.75445
4.75563
4.75808
4.76177
4.7667
4.77281
4.78022
4.78885
4.79877
4.80994
4.8224
4.83623
4.8513
4.86776
4.8857
4.90491
4.92554
4.94769
4.97128
4.99633
5.02301
5.05132
5.08118
5.11271
5.14604
5.17485
5.14152
5.10977
5.07972
5.05124
5.02444
4.9992
4.97553
4.95323
4.93254
4.91315
4.89519
4.87863
4.86331
4.8496
4.83698
4.8258
4.81579
4.80702
4.79962
4.7935
4.78853
4.78486
4.78241
4.7812
4.7812
4.78241
4.78486
4.78853
4.7935
4.79962
4.80702
4.81579
4.8258
4.83698
4.8496
4.86331
4.87863
4.89519
4.91315
4.93254
4.95323
4.97553
4.9992
5.02444
5.05124
5.07972
5.10977
5.14152
5.17485
5.20561
5.17193
5.13997
5.10979
5.08121
5.05419
5.02873
5.00491
4.98253
4.9617
4.94217
4.92415
4.90746
4.89225
4.87826
4.86566
4.85432
4.84423
4.83555
4.82793
4.8219
4.81682
4.81314
4.81066
4.80953
4.80953
4.81066
4.81314
4.81682
4.8219
4.82793
4.83555
4.84423
4.85432
4.86566
4.87826
4.89225
4.90746
4.92415
4.94217
4.9617
4.98253
5.00491
5.02873
5.05419
5.08121
5.10979
5.13997
5.17193
5.20561
5.23786
5.204
5.17185
5.14144
5.11264
5.08553
5.06004
5.03606
5.01344
4.99248
4.97291
4.95467
4.93796
4.92262
4.90853
4.89588
4.88442
4.87431
4.86559
4.85806
4.85177
4.84681
4.84297
4.84057
4.83932
4.83932
4.84057
4.84297
4.84681
4.85177
4.85806
4.86559
4.87431
4.88442
4.89588
4.90853
4.92262
4.93796
4.95467
4.97291
4.99248
5.01344
5.03606
5.06004
5.08553
5.11264
5.14144
5.17185
5.204
5.23786
5.27193
5.23792
5.20554
5.1749
5.14603
5.11866
5.09296
5.06885
5.04621
5.02504
5.0052
4.98688
4.97014
4.95467
4.94047
4.92775
4.91615
4.90612
4.89726
4.88972
4.88341
4.87834
4.87464
4.872
4.87086
4.87086
4.872
4.87464
4.87834
4.88341
4.88972
4.89726
4.90612
4.91615
4.92775
4.94047
4.95467
4.97014
4.98688
5.0052
5.02504
5.04621
5.06885
5.09296
5.11866
5.14603
5.1749
5.20554
5.23792
5.27193
