Label: Box
Position: -2.88815, 0.0827967, 0.12363
Orientation (Quaternion): -0.873258, -0.216401, -0.349455, -0.261672
5.27193
5.23792
5.20554
5.1749
5.14603
5.11866
5.09296
5.06885
5.04621
5.02504
5.0052
4.98688
4.97014
4.95467
4.94047
4.92775
4.91615
4.90612
4.89726
4.88972
4.88341
4.87834
4.87464
4.872
4.87086
4.87086
4.872
4.87464
4.87834
4.88341
4.88972
4.89726
4.90612
4.91615
4.92775
4.94047
4.95467
4.97014
4.98688
5.0052
5.02504
5.04621
5.06885
5.09296
5.11866
5.14603
5.1749
5.20554
5.23792
5.27193
5.23786
5.204
5.17185
5.14144
5.11264
5.08553
5.06004
5.03606
5.01344
4.99248
4.97291
4.95467
4.93796
4.92262
4.90853
4.89588
4.88442
4.87431
4.86559
4.85806
4.85177
4.84681
4.84297
4.84057
4.83932
4.83932
4.84057
4.84297
4.84681
4.85177
4.85806
4.86559
4.87431
4.88442
4.89588
4.90853
4.92262
4.93796
4.95467
4.97291
4.99248
5.01344
5.03606
5.06004
5.08553
5.11264
5.14144
5.17185
5.204
5.23786
5.20561
5.17193
5.13997
5.10979
5.08121
5.05419
5.02873
5.00491
4.98253
4.9617
4.94217
4.92415
4.90746
4.89225
4.87826
4.86566
4.85432
4.84423
4.83555
4.82793
4.8219
4.81682
4.81314
4.81066
4.80953
4.80953
4.81066
4.81314
4.81682
4.8219
4.82793
4.83555
4.84423
4.85432
4.86566
4.87826
4.89225
4.90746
4.92415
4.94217
4.9617
4.98253
5.00491
5.02873
5.05419
5.08121
5.10979
5.13997
5.17193
5.20561
5.17485
5.14152
5.10977
5.07972
5.05124
5.02444
4.9992
4.97553
4.95323
4.93254
4.91315
4.89519
4.87863
4.86331
4.8496
4.83698
4.8258
4.81579
4.80702
4.79962
4.7935
4.78853
4.78486
4.78241
4.7812
4.7812
4.78241
4.78486
4.78853
4.7935
4.79962
4.80702
4.81579
4.8258
4.83698
4.8496
4.86331
4.87863
4.89519
4.91315
4.93254
4.95323
4.97553
4.9992
5.02444
5.05124
5.07972
5.10977
5.14152
5.17485
5.14604
5.11271
5.08118
5.05132
5.02301
4.99633
4.97128
4.94769
4.92554
4.90491
4.8857
4.86776
4.8513
4.83623
4.8224
4.80994
4.79877
4.78885
4.78022
4.77281
4.7667
4.76177
4.75808
4.75563
4.75445
4.75445
4.75563
4.75808
4.76177
4.7667
4.77281
4.78022
4.78885
4.79877
4.80994
4.8224
4.83623
4.8513
4.86776
4.8857
4.90491
4.92554
4.94769
4.97128
4.99633
5.02301
5.05132
5.08118
5.11271
5.14604
5.11873
5.08549
5.05415
5.02444
4.99635
4.96984
4.94486
4.92145
4.89936
4.87888
4.85966
4.84199
4.82563
4.81049
4.79679
4.78443
4.77332
4.76344
4.75483
4.74753
4.7414
4.73655
4.73283
4.73028
4.72921
4.72921
4.73028
4.73283
4.73655
4.7414
4.74753
4.75483
4.76344
4.77332
4.78443
4.79679
4.81049
4.82563
4.84199
4.85966
4.87888
4.89936
4.92145
4.94486
4.96984
4.99635
5.02444
5.05415
5.08549
5.11873
5.09291
5.05997
5.02883
4.99918
4.97117
4.94488
4.91999
4.89666
4.87477
4.85427
4.8353
4.81767
4.80135
4.78643
4.77277
4.76042
4.74929
4.7395
4.73092
4.72354
4.71757
4.71274
4.70906
4.70665
4.7055
4.7055
4.70665
4.70906
4.71274
4.71757
4.72354
4.73092
4.7395
4.74929
4.76042
4.77277
4.78643
4.80135
4.81767
4.8353
4.85427
4.87477
4.89666
4.91999
4.94488
4.97117
4.99918
5.02883
5.05997
5.09291
5.06874
5.03604
5.00494
4.97547
4.94765
4.92145
4.89664
4.87345
4.85157
4.83132
4.8123
4.79476
4.77856
4.76371
4.7501
4.73783
4.72677
4.717
4.70854
4.70107
4.69521
4.69036
4.68664
4.68433
4.68308
4.68308
4.68433
4.68664
4.69036
4.69521
4.70107
4.70854
4.717
4.72677
4.73783
2.57867
2.54493
4.77856
4.79476
4.8123
4.83132
4.85157
4.87345
4.89664
4.92145
4.94765
4.97547
5.00494
5.03604
5.06874
5.04619
5.01352
4.98256
4.95323
4.92557
4.89943
4.87474
4.85166
4.82996
4.8097
4.79087
4.77336
4.75715
4.74226
4.72885
4.71665
4.70553
4.69587
4.68742
4.68019
4.67415
3.1682
3.09724
3.0461
2.98943
2.93558
2.88436
2.83561
2.78919
2.74494
2.70279
2.66257
2.61831
2.58741
2.54611
2.51919
2.48127
2.52901
4.77336
4.79087
4.8097
4.82996
4.85166
4.87474
4.89943
4.92557
4.95323
4.98256
5.01352
5.04619
5.02494
4.9924
4.96167
4.93248
4.90468
4.87884
4.85427
4.83133
4.80973
4.7895
4.77078
4.75334
4.73726
4.72251
4.70902
4.69682
4.68589
4.67623
4.66783
4.66062
3.14169
3.07899
3.01954
2.96307
2.90941
2.85837
2.80981
2.76356
2.71797
2.67218
2.623
2.58635
2.55072
2.52793
2.49468
2.46289
2.47708
2.52935
4.75334
4.77078
4.7895
4.80973
4.83133
4.85427
4.87884
4.90468
4.93248
4.96167
4.9924
5.02494
5.00522
4.9729
4.94222
4.91316
4.88557
4.85973
4.83533
4.81234
4.79087
4.77075
4.75204
4.73471
4.71866
4.70399
4.69059
4.67841
4.66748
4.65784
4.64953
3.11707
3.05445
2.99509
2.93874
2.88518
2.83427
2.78581
2.73968
2.69573
2.65384
2.61389
2.55971
2.53942
2.50469
2.47153
2.43985
2.42094
2.47795
2.53048
2.58488
4.75204
4.77075
4.79087
4.81234
4.83533
4.85973
4.88557
4.91316
4.94222
4.9729
5.00522
4.98698
4.95475
4.92416
4.89523
4.86777
4.8419
4.81768
4.79475
4.77328
4.75335
4.7347
4.71728
4.70143
4.68682
4.67339
4.66129
4.65052
4.64086
3.09472
3.03214
2.97274
2.91644
2.85399
2.81202
2.76361
2.71752
2.67362
2.63179
2.59189
2.55383
2.51751
2.48285
2.44974
2.41811
2.38526
2.43039
2.48003
2.5324
2.5844
4.7347
4.75335
4.77328
4.79475
4.81768
4.8419
4.86777
4.89523
4.92416
4.95475
4.98698
4.97017
4.93796
4.9075
4.87866
4.85138
4.82554
4.80137
4.77857
4.75715
4.73715
4.7186
4.70148
4.68555
4.67088
4.65764
4.64554
4.63475
3.07473
3.01197
2.95253
2.8961
2.83569
2.79161
2.74318
2.69707
2.65316
2.59778
2.57142
2.52404
2.49705
2.46239
2.4293
2.39769
2.35287
2.38572
2.4329
2.48264
2.52182
2.59055
2.64239
4.73715
4.75715
4.77857
4.80137
4.82554
4.85138
4.87866
4.9075
4.93796
4.97017
4.95469
4.9226
4.89222
4.86341
4.83624
4.81046
4.7864
4.76369
4.74232
4.72243
4.70392
4.68681
4.67094
4.65636
4.64313
4.63105
3.03839
2.9728
2.93429
2.87778
2.82406
2.76487
2.7245
2.67831
2.63433
2.59242
2.55247
2.51437
2.47801
2.44331
2.41019
2.37855
2.34831
2.33436
2.38887
2.43617
2.48603
2.53649
2.58419
2.64791
4.72243
4.74232
4.76369
4.7864
4.81046
4.83624
4.86341
4.89222
4.9226
4.95469
4.94054
4.90857
4.87823
4.84961
4.82245
4.79687
4.7727
4.75006
4.72882
4.70901
4.69057
4.6734
4.65762
4.64301
4.62973
4.61783
2.95912
2.90143
2.84215
2.80748
2.75628
2.70006
2.66124
2.61711
2.57509
2.53503
2.49683
2.46039
2.42561
2.39239
2.3607
2.3304
2.30347
2.34769
2.39274
2.43732
2.49021
2.52796
2.59494
2.65484
2.7092
4.72882
4.75006
4.7727
4.79687
4.82245
4.84961
4.87823
4.90857
4.94054
4.92773
4.89582
4.86567
4.83695
4.80995
4.78445
4.76041
4.73765
4.71658
4.69681
4.6784
4.66126
4.64556
4.6311
4.61789
2.9463
2.88576
2.834
2.77757
2.7238
2.67253
2.64584
2.60152
2.55932
2.5191
2.48075
2.44417
2.39672
2.37084
2.34412
2.31372
2.27562
2.30917
2.35213
2.39216
2.44496
2.49515
2.54605
2.60208
2.66126
2.72589
4.71658
4.73765
4.76041
4.78445
4.80995
4.83695
4.86567
4.89582
4.92773
4.91617
4.88441
4.85422
4.82565
4.79877
4.77328
4.7493
4.72671
4.70563
4.68585
4.66748
4.65041
4.63475
4.62035
2.94251
2.87885
2.81898
2.76717
2.7164
2.66511
2.61618
2.58754
2.54508
2.50466
2.46611
2.42858
2.38413
2.36078
2.32882
2.29828
2.26912
2.26136
2.31414
2.35728
2.40265
2.45048
2.50089
2.5541
2.6103
2.66973
2.73265
2.79934
4.72671
4.7493
4.77328
4.79877
4.82565
4.85422
4.88441
4.91617
4.90614
4.8743
4.84431
4.8158
4.78888
4.76339
4.7393
4.71695
4.69593
4.67622
4.65791
4.64093
4.62521
2.94106
2.87614
2.81509
2.75764
2.70354
2.65838
2.60939
2.56264
2.53242
2.49171
2.43444
2.41592
2.38062
2.34241
2.31479
2.28407
2.25474
2.23438
2.27861
2.31886
2.34788
2.40463
2.44486
2.50744
2.55796
2.60999
2.67712
2.74036
2.80739
4.71695
4.7393
4.76339
4.78888
4.8158
4.84431
4.8743
4.90614
4.89723
4.86553
4.83546
4.80711
4.78015
4.75473
4.7309
4.70845
4.68731
4.66778
4.64942
4.63248
2.93587
2.87405
2.81337
2.75473
2.69952
2.64751
2.60328
2.55643
2.5117
2.46896
2.44116
2.38898
2.36834
2.33324
2.28731
2.2711
2.23531
2.21024
2.24537
2.28475
2.313
2.36972
2.40866
2.46387
2.5148
2.56855
2.62535
2.68541
2.74901
2.81645
2.88803
4.7309
4.75473
4.78015
4.80711
4.83546
4.86553
4.89723
4.88972
4.858
4.82802
4.79963
4.77285
4.74753
4.72364
4.7012
4.68023
4.66058
4.64217
2.93068
2.86813
2.8089
2.75277
2.69751
2.64438
2.59431
2.5471
2.50603
2.4632
2.43085
2.39325
2.35739
2.32317
2.29052
2.25934
2.22957
2.19048
2.20103
2.25197
2.28052
2.33323
2.37483
2.4129
2.47174
2.52298
2.57706
2.6342
2.69465
2.75866
2.82653
2.89858
4.72364
4.74753
4.77285
4.79963
4.82802
4.858
4.88972
4.88335
4.85182
4.82186
4.79351
4.76673
4.74142
4.71757
4.69517
4.67415
4.65454
2.92767
2.84387
2.8014
2.74748
2.69358
2.64242
2.592
2.54373
2.49821
2.45802
2.41695
2.37768
2.34779
2.31325
2.26716
2.24555
2.2113
2.19004
2.17884
2.22099
2.25027
2.29853
2.34101
2.3811
2.43151
2.48042
2.53199
2.58644
2.64397
2.70483
2.76646
2.83764
2.91022
2.98325
4.74142
4.76673
4.79351
4.82186
4.85182
4.88335
4.87837
4.84678
4.81696
4.78858
4.76172
4.73654
4.71272
4.69035
4.66938
4.64976
2.86256
2.80171
2.74409
2.68106
2.63766
2.58845
2.54168
2.49558
2.45163
2.41016
2.37281
2.33955
2.29905
2.27131
2.23811
2.20203
2.17673
2.15575
2.18649
2.22212
2.2672
2.30734
2.34952
2.39392
2.44066
2.48991
2.54186
2.5967
2.65466
2.71569
2.78093
2.83313
2.90798
2.99489
4.73654
4.76172
4.78858
4.81696
4.84678
4.87837
4.87451
4.84302
4.81305
4.78486
4.75808
4.73288
4.70899
4.68675
4.66579
2.84808
2.80115
2.74265
2.68723
2.63466
2.57267
2.53737
2.4923
2.44942
2.40723
2.36713
2.33064
2.29733
2.26362
2.22656
2.19132
2.17139
2.13759
2.15593
2.19595
2.23312
2.27586
2.31629
2.35879
2.40352
2.45061
2.50024
2.55259
2.60788
2.6663
2.7135
2.79361
2.86307
2.93685
3.00021
3.09909
4.75808
4.78486
4.81305
4.84302
4.87451
4.87209
4.84054
4.81064
4.78238
4.75568
4.73044
4.70656
4.68427
4.66335
2.92735
2.74706
2.67965
2.61866
2.56407
2.51611
2.47527
2.44257
2.40411
2.3647
2.32604
2.2894
2.25549
2.22462
2.19353
2.1577
2.1237
2.13204
2.17168
2.19889
2.23301
2.28522
2.32597
2.36881
2.4139
2.46138
2.51142
2.56422
2.6188
2.6789
2.74126
2.80732
2.86913
2.9519
3.03112
3.10819
4.75568
4.78238
4.81064
4.84054
4.87209
4.87073
4.83939
4.80942
4.78106
4.75444
4.72918
4.70545
4.68307
4.66219
4.64247
2.96014
2.80147
2.65957
2.53351
2.47884
2.43028
2.3884
2.35434
2.32301
2.2867
2.25124
2.2182
2.18611
2.15382
2.12744
2.11225
2.14927
2.17648
2.21
2.24491
2.2953
2.33636
2.3796
2.42508
2.47299
2.52348
2.57675
2.62699
2.69217
2.75545
2.82215
2.89005
2.96814
3.04816
3.13345
4.75444
4.78106
4.80942
4.83939
4.87073
4.87073
4.83939
4.80942
4.78106
4.75444
4.72918
4.70545
4.68307
4.66219
4.64247
4.62437
3.00271
2.83621
2.69209
2.56257
2.40648
2.35642
2.31242
2.2757
2.24824
2.21471
2.18219
2.15154
2.12119
2.09545
2.12503
2.15527
2.18787
2.22909
2.25734
2.30611
2.3331
2.39119
2.4371
2.4809
2.53642
2.5902
2.64702
2.70709
2.77068
2.83807
2.9096
2.98561
3.0665
4.72918
4.75444
4.78106
4.80942
4.83939
4.87073
4.87209
4.84054
4.81064
4.78238
4.75568
4.73044
4.70656
4.68427
4.66335
4.64374
4.62561
4.6087
3.03932
2.87504
2.72828
2.59641
2.4773
2.36922
2.24952
2.20823
2.17607
2.14813
2.11835
2.08366
2.10438
2.13653
2.16656
2.2038
2.23992
2.27785
2.30797
2.34734
2.38852
2.44994
2.49878
2.55027
2.60461
2.66203
2.72273
2.78701
2.85515
2.92747
3.00433
4.70656
4.73044
4.75568
4.78238
4.81064
4.84054
4.87209
4.87451
4.84302
4.81305
4.78486
4.75808
4.73288
4.70899
4.68675
4.66579
4.64624
4.62791
4.61109
4.59551
3.0877
2.91308
2.76822
2.63363
2.51214
2.40195
2.30158
2.2098
2.1169
2.08647
2.08511
2.11495
2.146
2.18021
2.21203
2.25147
2.28384
2.32214
2.36218
2.40407
2.44793
2.51302
2.56507
2.62001
2.67805
2.73945
2.80446
2.87339
2.94497
3.01183
4.70899
4.73288
4.75808
4.78486
4.81305
4.84302
4.87451
4.87837
4.84678
4.81696
4.78858
4.76172
4.73654
4.71272
4.69035
4.66938
4.64976
4.63146
4.61461
4.59903
4.5847
3.13765
2.96558
2.81208
2.67436
2.55011
2.4375
2.33496
2.20011
2.15536
2.09508
2.12592
2.15721
2.19175
2.22353
2.25872
2.29535
2.33355
2.3768
2.41763
2.47828
2.52818
2.58082
2.6268
2.69514
2.75726
2.82306
2.87847
2.96695
4.69035
4.71272
4.73654
4.76172
4.78858
4.81696
4.84678
4.87837
4.88335
4.85182
4.82186
4.79351
4.76673
4.74142
4.71757
4.69517
4.67415
4.65454
4.63631
4.61944
4.60381
4.5894
4.57631
3.21029
3.01765
2.86002
2.67094
2.59133
2.47598
2.37104
2.25793
2.1873
2.13582
2.1694
2.20232
2.23952
2.27217
2.30927
2.34794
2.3883
2.43044
2.49379
2.5443
2.59758
2.65384
2.7133
2.77621
2.84286
2.9117
2.9863
4.69517
4.71757
4.74142
4.76673
4.79351
4.82186
4.85182
4.88335
4.88972
4.858
4.82802
4.79963
4.77285
4.74753
4.72364
4.7012
4.68023
4.66058
4.64217
4.6253
4.60972
4.59529
4.5821
4.57036
3.27512
3.07457
2.91222
2.76687
2.63597
2.5175
2.40982
2.31154
2.2215
2.17954
2.21565
2.25053
2.28661
2.33025
2.37188
2.40431
2.44702
2.51025
2.5614
2.61536
2.67235
2.73258
2.79634
2.86389
2.93556
4.68023
4.7012
4.72364
4.74753
4.77285
4.79963
4.82802
4.858
4.88972
4.89723
4.86553
4.83546
4.80711
4.78015
4.75473
4.7309
4.70845
4.68731
4.66778
4.64942
4.63248
4.61687
4.60246
4.58934
4.57748
4.56682
3.32523
3.1366
2.96894
2.81898
2.6841
2.56215
2.45142
2.35046
2.25801
2.22627
2.26291
2.30209
2.34022
2.37997
2.42145
2.47711
2.52768
2.57951
2.6342
2.69195
2.75301
2.81767
2.87663
2.9652
4.68731
4.70845
4.7309
4.75473
4.78015
4.80711
4.83546
4.86553
4.89723
4.90614
4.8743
4.84431
4.8158
4.78888
4.76339
4.7393
4.71695
4.69593
4.67622
4.65791
4.64093
4.62521
4.61077
4.59766
4.5857
4.57502
4.56553
4.5574
3.20398
3.03033
2.87524
2.7359
2.60282
2.49598
2.39198
2.2969
2.27622
2.31328
2.35655
2.40405
2.44899
2.49629
2.54369
2.59866
2.65412
2.7127
2.77466
2.83834
2.90981
4.67622
4.69593
4.71695
4.7393
4.76339
4.78888
4.8158
4.84431
4.8743
4.90614
4.91617
4.88441
4.85422
4.82565
4.79877
4.77328
4.7493
4.72671
4.70563
4.68585
4.66748
4.65041
4.63475
4.62035
4.60713
4.59521
4.58447
4.57505
4.56674
4.55969
3.27707
3.09669
2.93583
2.79154
2.66145
2.54355
2.43622
2.30246
2.32967
2.36772
2.41584
2.45928
2.50398
2.56559
2.60718
2.67517
2.73463
2.79754
2.85527
4.66748
4.68585
4.70563
4.72671
4.7493
4.77328
4.79877
4.82565
4.85422
4.88441
4.91617
4.92773
4.89582
4.86567
4.83695
4.80995
4.78445
4.76041
4.73765
4.71658
4.69681
4.6784
4.66126
4.64556
4.6311
4.61789
4.60594
4.59518
4.58574
4.57738
4.57035
4.5645
3.35102
3.16828
3.00102
2.85123
2.71632
2.58994
2.48332
2.35721
2.3869
2.42638
2.4825
2.52369
2.58612
2.64025
2.69704
2.7578
2.82171
2.88793
4.6784
4.69681
4.71658
4.73765
4.76041
4.78445
4.80995
4.83695
4.86567
4.89582
4.92773
4.94054
4.90857
4.87823
4.84961
4.82245
4.79687
4.7727
4.75006
4.72882
4.70901
4.69057
4.6734
4.65762
4.64301
4.62973
4.61783
4.60712
4.5976
4.58933
4.58218
4.57625
4.5715
3.44179
3.22231
3.07102
2.91511
2.77493
2.64827
2.53329
2.41609
2.44824
2.50619
2.54822
2.59476
2.66276
2.72084
2.78224
2.84086
4.6734
4.69057
4.70901
4.72882
4.75006
4.7727
4.79687
4.82245
4.84961
4.87823
4.90857
4.94054
4.95469
4.9226
4.89222
4.86341
4.83624
4.81046
4.7864
4.76369
4.74232
4.72243
4.70392
4.68681
4.67094
4.65636
4.64313
4.63105
4.62028
4.61072
4.60242
4.59523
4.5894
4.58464
4.58117
4.57871
3.32848
3.13518
2.9834
2.82909
2.70566
2.58626
2.4794
2.51408
2.57758
2.62827
2.68602
2.74553
2.80547
2.87883
4.68681
4.70392
4.72243
4.74232
4.76369
4.7864
4.81046
4.83624
4.86341
4.89222
4.9226
4.95469
4.97017
4.93796
4.9075
4.87866
4.85138
4.82554
4.80137
4.77857
4.75715
4.73715
4.7186
4.70148
4.68555
4.67088
4.65764
4.64554
4.63475
4.62513
4.61676
4.60959
4.60381
4.59904
4.59535
4.59312
4.59194
3.41779
4.59312
3.05629
2.90388
2.76659
2.64231
2.54753
2.58484
2.65456
2.69665
2.76914
2.83512
4.68555
4.70148
4.7186
4.73715
4.75715
4.77857
4.80137
4.82554
4.85138
4.87866
4.9075
4.93796
4.97017
4.98698
4.95475
4.92416
4.89523
4.86777
4.8419
4.81768
4.79475
4.77328
4.75335
4.7347
4.71728
4.70143
4.68682
4.67339
4.66129
4.65052
4.64086
4.6324
4.62524
4.61944
4.61467
4.61109
4.60872
4.60747
4.60747
4.60872
4.61109
4.61467
2.97459
2.83118
2.70162
2.62093
2.67976
2.73772
2.79747
4.68682
4.70143
4.71728
4.7347
4.75335
4.77328
4.79475
4.81768
4.8419
4.86777
4.89523
4.92416
4.95475
4.98698
5.00522
4.9729
4.94222
4.91316
4.88557
4.85973
4.83533
4.81234
4.79087
4.77075
4.75204
4.73471
4.71866
4.70399
4.69059
4.67841
4.66748
4.65784
4.64953
4.64231
4.63636
4.6316
4.62799
4.62561
4.62433
4.62433
4.62561
3.61686
4.6316
3.21709
3.0497
2.89958
2.76422
2.70009
2.76536
2.82644
4.70399
4.71866
4.73471
4.75204
4.77075
4.79087
4.81234
4.83533
4.85973
4.88557
4.91316
4.94222
4.9729
5.00522
5.02494
4.9924
4.96167
4.93248
4.90468
4.87884
4.85427
4.83133
4.80973
4.7895
4.77078
4.75334
4.73726
4.72251
4.70902
4.69682
4.68589
4.67623
4.66783
4.66062
4.65463
4.64971
4.64622
4.64383
4.64267
4.64267
4.64383
4.64622
4.64971
4.65463
4.66062
4.66783
4.67623
2.83019
2.78562
4.70902
4.72251
4.73726
4.75334
4.77078
4.7895
4.80973
4.83133
4.85427
4.87884
4.90468
4.93248
4.96167
4.9924
5.02494
5.04619
5.01352
4.98256
4.95323
4.92557
4.89943
4.87474
4.85166
4.82996
4.8097
4.79087
4.77336
4.75715
4.74226
4.72885
4.71665
4.70553
4.69587
4.68742
4.68019
4.67415
4.66937
4.66578
4.66335
4.66211
4.66211
4.66335
4.66578
4.66937
4.67415
4.68019
4.68742
4.69587
4.70553
4.71665
4.72885
4.74226
4.75715
4.77336
4.79087
4.8097
4.82996
4.85166
4.87474
4.89943
4.92557
4.95323
4.98256
5.01352
5.04619
5.06874
5.03604
5.00494
4.97547
4.94765
4.92145
4.89664
4.87345
4.85157
4.83132
4.8123
4.79476
4.77856
4.76371
4.7501
4.73783
4.72677
4.717
4.70854
4.70107
4.69521
4.69036
4.68664
4.68433
4.68308
4.68308
4.68433
4.68664
4.69036
4.69521
4.70107
4.70854
4.717
4.72677
4.73783
4.7501
4.76371
4.77856
4.79476
4.8123
4.83132
4.85157
4.87345
4.89664
4.92145
4.94765
4.97547
5.00494
5.03604
5.06874
5.09291
5.05997
5.02883
4.99918
4.97117
4.94488
4.91999
4.89666
4.87477
4.85427
4.8353
4.81767
4.80135
4.78643
4.77277
4.76042
4.74929
4.7395
4.73092
4.72354
4.71757
4.71274
4.70906
4.70665
4.7055
4.7055
4.70665
4.70906
4.71274
4.71757
4.72354
4.73092
4.7395
4.74929
4.76042
4.77277
4.78643
4.80135
4.81767
4.8353
4.85427
4.87477
4.89666
4.91999
4.94488
4.97117
4.99918
5.02883
5.05997
5.09291
5.11873
5.08549
5.05415
5.02444
4.99635
4.96984
4.94486
4.92145
4.89936
4.87888
4.85966
4.84199
4.82563
4.81049
4.79679
4.78443
4.77332
4.76344
4.75483
4.74753
4.7414
4.73655
4.73283
4.73028
4.72921
4.72921
4.73028
4.73283
4.73655
4.7414
4.74753
4.75483
4.76344
4.77332
4.78443
4.79679
4.81049
4.82563
4.84199
4.85966
4.87888
4.89936
4.92145
4.94486
4.96984
4.99635
5.02444
5.05415
5.08549
5.11873
5.14604
5.11271
5.08118
5.05132
5.02301
4.99633
4.97128
4.94769
4.92554
4.90491
4.8857
4.86776
4.8513
4.83623
4.8224
4.80994
4.79877
4.78885
4.78022
4.77281
4.7667
4.76177
4.75808
4.75563
4.75445
4.75445
4.75563
4.75808
4.76177
4.7667
4.77281
4.78022
4.78885
4.79877
4.80994
4.8224
4.83623
4.8513
4.86776
4.8857
4.90491
4.92554
4.94769
4.97128
4.99633
5.02301
5.05132
5.08118
5.11271
5.14604
5.17485
5.14152
5.10977
5.07972
5.05124
5.02444
4.9992
4.97553
4.95323
4.93254
4.91315
4.89519
4.87863
4.86331
4.8496
4.83698
4.8258
4.81579
4.80702
4.79962
4.7935
4.78853
4.78486
4.78241
4.7812
4.7812
4.78241
4.78486
4.78853
4.7935
4.79962
4.80702
4.81579
4.8258
4.83698
4.8496
4.86331
4.87863
4.89519
4.91315
4.93254
4.95323
4.97553
4.9992
5.02444
5.05124
5.07972
5.10977
5.14152
5.17485
5.20561
5.17193
5.13997
5.10979
5.08121
5.05419
5.02873
5.00491
4.98253
4.9617
4.94217
4.92415
4.90746
4.89225
4.87826
4.86566
4.85432
4.84423
4.83555
4.82793
4.8219
4.81682
4.81314
4.81066
4.80953
4.80953
4.81066
4.81314
4.81682
4.8219
4.82793
4.83555
4.84423
4.85432
4.86566
4.87826
4.89225
4.90746
4.92415
4.94217
4.9617
4.98253
5.00491
5.02873
5.05419
5.08121
5.10979
5.13997
5.17193
5.20561
5.23786
5.204
5.17185
5.14144
5.11264
5.08553
5.06004
5.03606
5.01344
4.99248
4.97291
4.95467
4.93796
4.92262
4.90853
4.89588
4.88442
4.87431
4.86559
4.85806
4.85177
4.84681
4.84297
4.84057
4.83932
4.83932
4.84057
4.84297
4.84681
4.85177
4.85806
4.86559
4.87431
4.88442
4.89588
4.90853
4.92262
4.93796
4.95467
4.97291
4.99248
5.01344
5.03606
5.06004
5.08553
5.11264
5.14144
5.17185
5.204
5.23786
5.27193
5.23792
5.20554
5.1749
5.14603
5.11866
5.09296
5.06885
5.04621
5.02504
5.0052
4.98688
4.97014
4.95467
4.94047
4.92775
4.91615
4.90612
4.89726
4.88972
4.88341
4.87834
4.87464
4.872
4.87086
4.87086
4.872
4.87464
4.87834
4.88341
4.88972
4.89726
4.90612
4.91615
4.92775
4.94047
4.95467
4.97014
4.98688
5.0052
5.02504
5.04621
5.06885
5.09296
5.11866
5.14603
5.1749
5.20554
5.23792
5.27193
