Label: Box
Position: -2.21448, 0.0918302, -0.264931
Orientation (Quaternion): 0.635584, -0.238278, 0.592017, -0.434479
5.27193
5.23792
5.20554
5.1749
5.14603
5.11866
5.09296
5.06885
5.04621
5.02504
5.0052
4.98688
4.97014
1.7191
1.71966
4.92775
4.91615
4.90612
4.89726
4.88972
4.88341
4.87834
4.87464
4.872
4.87086
4.87086
4.872
4.87464
4.87834
4.88341
4.88972
4.89726
4.90612
4.91615
4.92775
4.94047
4.95467
4.97014
4.98688
5.0052
5.02504
5.04621
5.06885
5.09296
5.11866
5.14603
5.1749
5.20554
5.23792
5.27193
5.23786
5.204
5.17185
5.14144
5.11264
5.08553
5.06004
5.03606
5.01344
4.99248
4.97291
4.95467
1.70897
1.71468
1.71337
1.71581
4.88442
4.87431
4.86559
4.85806
4.85177
4.84681
4.84297
4.84057
4.83932
4.83932
4.84057
4.84297
4.84681
4.85177
4.85806
4.86559
4.87431
4.88442
4.89588
4.90853
4.92262
4.93796
4.95467
4.97291
4.99248
5.01344
5.03606
5.06004
5.08553
5.11264
5.14144
5.17185
5.204
5.23786
5.20561
5.17193
5.13997
5.10979
5.08121
5.05419
5.02873
5.00491
4.98253
4.9617
4.94217
4.92415
1.71073
1.70473
1.70653
1.70455
1.71295
1.71491
4.83555
4.82793
4.8219
4.81682
4.81314
4.81066
4.80953
4.80953
4.81066
4.81314
4.81682
4.8219
4.82793
4.83555
4.84423
4.85432
4.86566
4.87826
4.89225
4.90746
4.92415
4.94217
4.9617
4.98253
5.00491
5.02873
5.05419
5.08121
5.10979
5.13997
5.17193
5.20561
5.17485
5.14152
5.10977
5.07972
5.05124
5.02444
4.9992
4.97553
4.95323
4.93254
4.91315
1.69776
1.70713
1.70702
1.70218
1.7081
1.7093
1.70219
1.7035
4.79962
4.7935
4.78853
4.78486
4.78241
4.7812
4.7812
4.78241
4.78486
4.78853
4.7935
4.79962
4.80702
4.81579
4.8258
4.83698
4.8496
4.86331
4.87863
4.89519
4.91315
4.93254
4.95323
4.97553
4.9992
5.02444
5.05124
5.07972
5.10977
5.14152
5.17485
5.14604
5.11271
5.08118
5.05132
5.02301
4.99633
4.97128
4.94769
4.92554
4.90491
1.70681
1.70454
1.70397
1.69778
1.69938
1.6994
1.69998
1.70119
1.70979
1.71231
1.71541
4.76177
4.75808
4.75563
4.75445
4.75445
4.75563
4.75808
4.76177
4.7667
4.77281
4.78022
4.78885
4.79877
4.80994
4.8224
4.83623
4.8513
4.86776
4.8857
4.90491
4.92554
4.94769
4.97128
4.99633
5.02301
5.05132
5.08118
5.11271
5.14604
5.11873
5.08549
5.05415
5.02444
4.99635
4.96984
4.94486
4.92145
4.89936
4.87888
1.70282
1.69446
1.70124
1.69628
1.69763
1.69838
1.69947
1.70494
1.707
1.70951
1.71246
1.71587
4.73283
4.73028
4.72921
4.72921
4.73028
4.73283
4.73655
4.7414
4.74753
4.75483
4.76344
4.77332
4.78443
4.79679
4.81049
4.82563
4.84199
4.85966
4.87888
4.89936
4.92145
4.94486
4.96984
4.99635
5.02444
5.05415
5.08549
5.11873
5.09291
5.05997
5.02883
4.99918
4.97117
4.94488
4.91999
4.89666
4.87477
1.69455
1.70053
1.69951
1.69894
1.69603
1.69716
1.69834
1.69993
1.7026
1.70465
1.70714
1.71008
1.71348
1.71732
1.72231
4.7055
4.7055
4.70665
4.70906
4.71274
4.71757
4.72354
4.73092
4.7395
4.74929
4.76042
4.77277
4.78643
4.80135
4.81767
4.8353
4.85427
4.87477
4.89666
4.91999
4.94488
4.97117
4.99918
5.02883
5.05997
5.09291
5.06874
5.03604
5.00494
4.97547
4.94765
4.92145
4.89664
4.87345
1.69712
1.70012
1.69866
1.69613
1.69643
1.69691
1.6972
1.69792
1.69909
1.70069
1.70273
1.70521
1.70815
1.71153
1.71537
1.71967
1.7246
4.68308
4.68433
4.68664
4.69036
4.69521
4.70107
4.70854
4.717
4.72677
4.73783
4.7501
4.76371
4.77856
4.79476
4.8123
4.83132
4.85157
4.87345
4.89664
4.92145
4.94765
4.97547
5.00494
5.03604
5.06874
5.04619
5.01352
4.98256
4.95323
4.92557
4.89943
4.87474
4.85166
1.6939
1.69868
1.69721
1.69619
1.6956
1.69545
1.69573
1.69645
1.69761
1.6922
1.70124
1.70372
1.70665
1.71002
1.71385
1.71814
1.7229
1.72812
4.66335
4.66578
4.66937
4.67415
4.68019
4.68742
4.69587
4.70553
4.71665
4.72885
4.74226
4.75715
4.77336
4.79087
4.8097
4.82996
4.85166
4.87474
4.89943
4.92557
4.95323
4.98256
5.01352
5.04619
5.02494
4.9924
4.96167
4.93248
4.90468
4.87884
4.85427
1.7019
1.69245
1.69765
1.69619
1.69516
1.69457
1.69441
1.69469
1.69541
1.69656
1.69667
1.70019
1.70266
1.70558
1.70895
1.71278
1.71706
1.716
1.72703
1.73273
1.73891
4.64971
4.65463
4.66062
4.66783
4.67623
4.68589
4.69682
4.70902
4.72251
4.73726
4.75334
4.77078
4.7895
4.80973
4.83133
4.85427
4.87884
4.90468
4.93248
4.96167
4.9924
5.02494
5.00522
4.9729
4.94222
4.91316
4.88557
4.85973
1.70097
1.70129
1.69895
1.69704
1.69558
1.69455
1.69396
1.6938
1.69408
1.69479
1.69594
1.69753
1.69956
1.70203
1.70495
1.70832
1.71214
1.71642
1.72116
1.72638
1.73207
1.73825
1.74492
4.63636
4.64231
4.64953
4.65784
4.66748
4.67841
4.69059
4.70399
4.71866
4.73471
4.75204
4.77075
4.79087
4.81234
4.83533
4.85973
4.88557
4.91316
4.94222
4.9729
5.00522
4.98698
4.95475
4.92416
4.89523
4.86777
4.8419
1.70389
1.7011
1.69875
1.69685
1.69538
1.69435
1.69376
1.6936
1.69388
1.6946
1.69575
1.69733
1.69479
1.70183
1.70475
1.70811
1.71194
1.71621
1.72096
1.72358
1.72617
1.73804
1.74472
1.75189
1.75958
4.6324
4.64086
4.65052
4.66129
4.67339
4.68682
4.70143
4.71728
4.7347
4.75335
4.77328
4.79475
4.81768
4.8419
4.86777
4.89523
4.92416
4.95475
4.98698
4.97017
4.93796
4.9075
4.87866
4.85138
1.70735
1.70411
1.70132
1.69898
1.69707
1.69561
1.69458
1.69399
1.69383
1.69411
1.69482
1.69597
1.69756
1.69912
1.70206
1.70498
1.70835
1.71217
1.71645
1.72119
1.72355
1.7321
1.73224
1.74496
1.75214
1.75983
1.76804
4.62513
4.63475
4.64554
4.65764
4.67088
4.68555
4.70148
4.7186
4.73715
4.75715
4.77857
4.80137
4.82554
4.85138
4.87866
4.9075
4.93796
4.97017
4.95469
4.9226
4.89222
4.86341
1.71168
1.70799
1.70475
1.70196
1.69962
1.69771
1.69625
1.69522
1.69463
1.69448
1.69476
1.69547
1.69663
1.69822
1.70025
1.69567
1.70565
1.70902
1.71284
1.71713
1.72187
1.72709
1.73279
1.73898
1.73891
1.75284
1.76053
1.76875
1.77751
1.7876
4.63105
4.64313
4.65636
4.67094
4.68681
4.70392
4.72243
4.74232
4.76369
4.7864
4.81046
4.83624
4.86341
4.89222
4.9226
4.95469
4.94054
4.90857
4.87823
4.84961
1.71273
1.70904
1.7058
1.70301
1.69225
1.69877
1.69731
1.69628
1.6957
1.69554
1.69583
1.69655
1.69771
1.6993
1.70134
1.70064
1.70674
1.71012
1.71395
1.71824
1.723
1.72822
1.73393
1.73839
1.74362
1.754
1.75951
1.76993
1.7787
1.78801
1.79789
4.62973
4.64301
4.65762
4.6734
4.69057
4.70901
4.72882
4.75006
4.7727
4.79687
4.82245
4.84961
4.87823
4.90857
4.94054
4.92773
4.89582
4.86567
1.71834
1.7142
1.71051
1.70727
1.70448
1.70214
1.70024
1.69879
1.69777
1.69718
1.69703
1.69732
1.69805
1.69921
1.70081
1.70286
1.70534
1.70828
1.71166
1.7155
1.7198
1.72456
1.7298
1.73551
1.74172
1.74841
1.75562
1.76333
1.77157
1.78035
1.78968
1.79957
1.81004
4.6311
4.64556
4.66126
4.6784
4.69681
4.71658
4.73765
4.76041
4.78445
4.80995
4.83695
4.86567
4.89582
4.92773
4.91617
4.88441
4.85422
1.72022
1.71608
1.71239
1.70915
1.70637
1.70403
1.70214
1.70068
1.69967
1.69909
1.69895
1.69925
1.69881
1.69824
1.69807
1.69819
1.7073
1.71024
1.71364
1.71749
1.7218
1.72657
1.73182
1.73755
1.74377
1.75048
1.7577
1.76316
1.77164
1.77634
1.79183
1.80174
1.81223
1.82331
1.83562
4.65041
4.66748
4.68585
4.70563
4.72671
4.7493
4.77328
4.79877
4.82565
4.85422
4.88441
4.91617
4.90614
4.8743
1.72713
1.72252
1.71838
1.71469
1.71146
1.70868
1.70635
1.70446
1.70301
1.702
1.70143
1.70129
1.7016
1.70189
1.70351
1.70513
1.70719
1.7097
1.71265
1.71606
1.71992
1.72424
1.72903
1.7343
1.74004
1.74627
1.753
1.76024
1.76799
1.77374
1.78175
1.79329
1.80439
1.8149
1.82601
1.83773
1.85008
4.65791
4.67622
4.69593
4.71695
4.7393
4.76339
4.78888
4.8158
4.84431
4.8743
4.90614
4.89723
1.73518
1.72985
1.72524
1.7211
1.71742
1.71419
1.71141
1.70909
1.7072
1.70576
1.70475
1.70419
1.70406
1.70438
1.70513
1.70631
1.70251
1.71002
1.71254
1.7155
1.71892
1.7228
1.72714
1.73194
1.73723
1.74299
1.74924
1.75599
1.76325
1.77103
1.77933
1.78817
1.7935
1.80491
1.81758
1.82498
1.84095
1.85334
1.86637
1.87723
4.68731
4.70845
4.7309
4.75473
4.78015
4.80711
4.83546
4.86553
4.89723
4.88972
1.73101
1.733
1.72839
1.72425
1.72057
1.71735
1.71457
1.71225
1.71037
1.70894
1.70794
1.70739
1.70727
1.70759
1.70835
1.70955
1.70896
1.71328
1.71375
1.7188
1.72224
1.72613
1.73049
1.73531
1.74062
1.7464
1.75268
1.75945
1.76673
1.77453
1.78286
1.79173
1.80116
1.81115
1.82172
1.83013
1.84343
1.85401
1.86833
1.88391
1.89806
4.7012
4.72364
4.74753
4.77285
4.79963
4.82802
4.858
4.88972
1.74721
1.74165
1.73657
1.73196
1.72783
1.72415
1.72093
1.71817
1.71585
1.71398
1.71255
1.71156
1.71102
1.71091
1.71125
1.71202
1.70739
1.71489
1.71699
1.71195
1.72255
1.726
1.72992
1.73429
1.73914
1.74447
1.75028
1.75658
1.76338
1.77069
1.77852
1.78688
1.79579
1.80525
1.81527
1.82588
1.8371
1.84892
1.86139
1.8745
1.88764
1.90269
4.69517
4.71757
4.74142
4.76673
4.79351
4.82186
4.85182
4.88335
1.75121
1.74565
1.74057
1.73597
1.73184
1.72817
1.72495
1.72219
1.71988
1.71802
1.7166
1.71563
1.71509
1.715
1.71535
1.71613
1.71736
1.71223
1.7163
1.72372
1.72675
1.73022
1.73416
1.73856
1.74344
1.74879
1.75463
1.76096
1.76779
1.77513
1.78299
1.79139
1.80033
1.80983
1.8199
1.83055
1.83536
1.85368
1.86619
1.87936
1.89267
4.66938
4.69035
4.71272
4.73654
4.76172
4.78858
4.81696
4.84678
4.87837
1.75565
1.75009
1.74502
1.74042
1.73629
1.73262
1.72941
1.72666
1.72436
1.7225
1.7211
1.72013
1.71961
1.71953
1.71989
1.7207
1.72194
1.72364
1.72577
1.72474
1.73141
1.73491
1.73887
1.7433
1.7482
1.75358
1.75945
1.76581
1.77268
1.78006
1.78796
1.79639
1.80538
1.81492
1.82503
1.83475
1.84703
1.85896
1.87152
1.88475
1.89865
4.66579
4.68675
4.70899
4.73288
4.75808
4.78486
4.81305
4.84302
4.87451
1.76053
1.75497
1.7499
1.74531
1.74118
1.73752
1.73432
1.73157
1.72928
1.72744
1.72604
1.72509
1.72458
1.72451
1.72489
1.72571
1.72698
1.72869
1.73085
1.73346
1.73654
1.74006
1.74405
1.74851
1.75344
1.75886
1.76476
1.77116
1.77806
1.78548
1.79342
1.8019
1.81093
1.82051
1.83068
1.84143
1.85279
1.86477
1.87739
1.89067
4.64374
4.66335
4.68427
4.70656
4.73044
4.75568
4.78238
4.81064
4.84054
4.87209
1.76399
1.76031
1.75524
1.75064
1.74652
1.74287
1.73967
1.73694
1.73465
1.73282
1.73144
1.7305
1.73001
1.72996
1.73035
1.7312
1.73248
1.72816
1.7364
1.73904
1.74058
1.74569
1.74971
1.7542
1.75917
1.76462
1.77056
1.77699
1.78394
1.7914
1.79939
1.8037
1.81292
1.82663
1.83684
1.84765
1.85907
1.87111
1.8838
4.62437
4.64247
4.66219
4.68307
4.70545
4.72918
4.75444
4.78106
4.80942
4.83939
4.87073
1.77165
1.76609
1.76103
1.75644
1.75232
1.74867
1.74549
1.74276
1.74049
1.73867
1.7373
1.73637
1.7359
1.73587
1.73628
1.73715
1.73846
1.74022
1.74243
1.74232
1.74822
1.75181
1.75586
1.76038
1.76538
1.77087
1.77277
1.78333
1.79032
1.79783
1.80178
1.81445
1.81838
1.83083
1.84347
1.85442
1.8659
1.87801
1.88281
4.62437
4.64247
4.66219
4.68307
4.70545
4.72918
4.75444
4.78106
4.80942
4.83939
4.87073
1.7779
1.77234
1.76728
1.76269
1.75859
1.75494
1.75177
1.74905
1.74679
1.74498
1.74363
1.74272
1.74226
1.74225
1.74269
1.74358
1.74491
1.7467
1.74555
1.74739
1.75479
1.75841
1.75632
1.76706
1.76678
1.77232
1.77856
1.79018
1.79722
1.80478
1.80689
1.81867
1.83066
1.84045
1.85079
1.86173
1.87328
1.88123
4.6087
4.62561
4.64374
4.66335
4.68427
4.70656
4.73044
4.75568
4.78238
4.81064
4.84054
4.87209
1.78462
1.77907
1.774
1.76942
1.76532
1.76169
1.75852
1.75581
1.75357
1.75177
1.75044
1.74955
1.74911
1.74912
1.74958
1.75049
1.75185
1.75367
1.75594
1.7548
1.76186
1.76551
1.76964
1.77424
1.77933
1.7849
1.78692
1.79755
1.80464
1.80865
1.82041
1.8291
1.83835
1.84817
1.85858
1.86959
1.88122
1.89348
4.61109
4.62791
4.64624
4.66579
4.68675
4.70899
4.73288
4.75808
4.78486
4.81305
4.84302
4.87451
1.79181
1.78627
1.78121
1.77663
1.77254
1.76891
1.76575
1.76306
1.76083
1.75905
1.75773
1.75686
1.75644
1.75648
1.75696
1.7579
1.75562
1.75755
1.75363
1.76289
1.76142
1.76937
1.77287
1.77759
1.78708
1.78922
1.79611
1.80545
1.8126
1.82027
1.82848
1.83724
1.84656
1.85646
1.86694
1.87802
1.88973
4.59903
4.61461
4.63146
4.64976
4.66938
4.69035
4.71272
4.73654
4.76172
4.78858
4.81696
4.84678
4.87837
1.7995
1.79395
1.7889
1.78433
1.78024
1.77663
1.77348
1.7708
1.76858
1.76682
1.75922
1.76279
1.76428
1.76434
1.76485
1.76266
1.76724
1.76558
1.76791
1.77364
1.77428
1.78126
1.78548
1.79017
1.79235
1.80103
1.80412
1.8139
1.8211
1.82884
1.83712
1.84595
1.85534
1.86531
1.87587
1.88704
1.89883
4.60381
4.61944
4.63631
4.65454
4.67415
4.69517
4.71757
4.74142
4.76673
4.79351
4.82186
4.85182
4.88335
1.79887
1.80214
1.79709
1.79253
1.78845
1.78484
1.78171
1.77904
1.77684
1.7751
1.77382
1.77299
1.77262
1.77271
1.76587
1.77425
1.7731
1.7746
1.77663
1.78005
1.78615
1.78578
1.79089
1.79629
1.79826
1.80836
1.81614
1.82289
1.83016
1.83797
1.84632
1.85522
1.86469
1.87474
1.88539
4.5821
4.59529
4.60972
4.6253
4.64217
4.66058
4.68023
4.7012
4.72364
4.74753
4.77285
4.79963
4.82802
4.858
4.88972
1.81637
1.81083
1.80579
1.80123
1.79716
1.79357
1.79045
1.7878
1.78562
1.78389
1.78263
1.78183
1.78149
1.7816
1.78218
1.7808
1.77896
1.78665
1.78907
1.78926
1.79531
1.79588
1.80102
1.80826
1.81355
1.81934
1.82564
1.83245
1.8398
1.84767
1.8561
1.86508
1.87463
1.88477
1.89579
4.58934
4.60246
4.61687
4.63248
4.64942
4.66778
4.68731
4.70845
4.7309
4.75473
4.78015
4.80711
4.83546
4.86553
4.89723
1.82558
1.82004
1.81501
1.81046
1.8064
1.80282
1.79971
1.79708
1.79492
1.79322
1.79198
1.7912
1.79089
1.79103
1.79164
1.79271
1.79424
1.79623
1.7926
1.79914
1.8006
1.80654
1.80477
1.81799
1.82349
1.82934
1.83571
1.8426
1.85001
1.85797
1.86647
1.87554
1.88518
1.89541
4.5857
4.59766
4.61077
4.62521
4.64093
4.65791
4.67622
4.69593
4.71695
4.7393
4.76339
4.78888
4.8158
4.84431
4.8743
4.90614
1.83532
1.82979
1.82476
1.82022
1.81617
1.8126
1.80952
1.8069
1.80476
1.80308
1.80187
1.80112
1.80084
1.80101
1.80166
1.80276
1.80433
1.80637
1.80888
1.8018
1.80461
1.8118
1.8207
1.8286
1.83401
1.83994
1.84637
1.85334
1.86083
1.86886
1.87746
1.88661
1.89635
4.58447
4.59521
4.60713
4.62035
4.63475
4.65041
4.66748
4.68585
4.70563
4.72671
4.7493
4.77328
4.79877
4.82565
4.85422
4.88441
4.91617
1.84561
1.84008
1.83506
1.83053
1.82649
1.82294
1.81987
1.81727
1.81515
1.8135
1.81231
1.81159
1.81134
1.81156
1.81223
1.81338
1.81499
1.81708
1.81964
1.82138
1.82237
1.82679
1.82772
1.83965
1.84514
1.85113
1.85765
1.86468
1.87226
1.88039
1.88907
1.89832
1.90816
4.59518
4.60594
4.61789
4.6311
4.64556
4.66126
4.6784
4.69681
4.71658
4.73765
4.76041
4.78445
4.80995
4.83695
4.86567
4.89582
4.92773
1.85645
1.85124
1.84592
1.8414
1.83737
1.83384
1.83078
1.82821
1.82611
1.82448
1.82333
1.82264
1.82243
1.82268
1.8234
1.82459
1.82625
1.82838
1.83099
1.83408
1.83611
1.84106
1.8434
1.84065
1.85687
1.86295
1.86954
1.87666
1.88433
1.89255
1.90132
1.91068
4.5976
4.60712
4.61783
4.62973
4.64301
4.65762
4.6734
4.69057
4.70901
4.72882
4.75006
4.7727
4.79687
4.82245
4.84961
4.87823
4.90857
4.94054
4.95469
4.9226
4.89222
1.85284
1.84883
1.84531
1.84228
1.83973
1.83765
1.83606
1.83493
1.83428
1.8341
1.83439
1.83515
1.83639
1.8381
1.84028
1.84295
1.8461
1.84969
1.85386
1.85848
1.85899
1.86924
1.8754
1.88208
1.88929
1.89705
1.90536
1.91425
1.92371
4.61072
4.62028
4.63105
4.64313
4.65636
4.67094
4.68681
4.70392
4.72243
4.74232
4.76369
4.7864
4.81046
4.83624
4.86341
4.89222
4.9226
4.95469
4.97017
4.93796
4.9075
1.86488
1.86088
1.85738
1.85437
1.85184
1.8498
1.84823
1.84714
1.84652
1.84638
1.84672
1.84752
1.84881
1.85057
1.85281
1.85554
1.85875
1.86245
1.86665
1.87134
1.87508
1.88058
1.88851
1.89528
1.90258
1.91044
1.91886
1.92785
4.61676
4.62513
4.63475
4.64554
4.65764
4.67088
4.68555
4.70148
4.7186
4.73715
4.75715
4.77857
4.80137
4.82554
4.85138
4.87866
4.9075
4.93796
4.97017
4.98698
4.95475
4.92416
4.89523
4.86777
4.8419
4.81768
1.86458
1.86256
1.86102
1.85997
1.85939
1.85929
1.85967
1.86053
1.86187
1.86368
1.86599
1.86877
1.87205
1.87582
1.88009
1.88487
1.89015
1.89146
1.90229
1.90916
1.91657
1.92453
1.93306
4.62524
4.6324
4.64086
4.65052
4.66129
4.67339
4.68682
4.70143
4.71728
4.7347
4.75335
4.77328
4.79475
4.81768
4.8419
4.86777
4.89523
4.92416
4.95475
4.98698
5.00522
4.9729
4.94222
4.91316
4.88557
4.85973
4.83533
4.81234
4.79087
1.87446
1.87344
1.8729
1.87285
1.87328
1.87419
1.87558
1.87746
1.87982
1.88267
1.88602
1.88987
1.89422
1.89908
1.90445
1.90828
1.91678
1.92374
1.93126
1.93933
4.63636
4.64231
4.64953
4.65784
4.66748
4.67841
4.69059
4.70399
4.71866
4.73471
4.75204
4.77075
4.79087
4.81234
4.83533
4.85973
4.88557
4.91316
4.94222
4.9729
5.00522
5.02494
4.9924
4.96167
4.93248
4.90468
4.87884
4.85427
4.83133
4.80973
4.7895
4.77078
1.88708
1.88707
1.88755
1.88852
1.88997
1.89191
1.89434
1.89726
1.90069
1.90461
1.90905
1.91399
1.91946
1.92497
1.92868
1.93906
1.94669
1.95488
4.65463
4.66062
4.66783
4.67623
4.68589
4.69682
4.70902
4.72251
4.73726
4.75334
4.77078
4.7895
4.80973
4.83133
4.85427
4.87884
4.90468
4.93248
4.96167
4.9924
5.02494
5.04619
5.01352
4.98256
4.95323
4.92557
4.89943
4.87474
4.85166
4.82996
4.8097
4.79087
4.77336
4.75715
1.90252
1.90355
1.90506
1.90707
1.90957
1.91257
1.91607
1.91951
1.9246
1.92964
1.93521
1.9413
1.94571
1.95513
1.96295
4.66937
4.67415
4.68019
4.68742
4.69587
4.70553
4.71665
4.72885
4.74226
4.75715
4.77336
4.79087
4.8097
4.82996
4.85166
4.87474
4.89943
4.92557
4.95323
4.98256
5.01352
5.04619
5.06874
5.03604
5.00494
4.97547
4.94765
4.92145
4.89664
4.87345
4.85157
4.83132
4.8123
4.79476
4.77856
4.76371
4.7501
1.92087
1.92295
1.92553
1.92861
1.93219
1.9349
1.94091
1.94605
1.95172
1.95792
1.96273
1.9664
4.68664
4.69036
4.69521
4.70107
4.70854
4.717
4.72677
4.73783
4.7501
4.76371
4.77856
4.79476
4.8123
4.83132
4.85157
4.87345
4.89664
4.92145
4.94765
4.97547
5.00494
5.03604
5.06874
5.09291
5.05997
5.02883
4.99918
4.97117
4.94488
4.91999
4.89666
4.87477
4.85427
4.8353
4.81767
4.80135
4.78643
4.77277
4.76042
4.74929
1.94226
1.94541
1.94908
1.95026
1.95799
1.96324
1.96902
1.97534
1.98108
4.70665
4.70906
4.71274
4.71757
4.72354
4.73092
4.7395
4.74929
4.76042
4.77277
4.78643
4.80135
4.81767
4.8353
4.85427
4.87477
4.89666
4.91999
4.94488
4.97117
4.99918
5.02883
5.05997
5.09291
5.11873
5.08549
5.05415
5.02444
4.99635
4.96984
4.94486
4.92145
4.89936
4.87888
4.85966
4.84199
4.82563
4.81049
4.79679
4.78443
4.77332
4.76344
4.75483
1.96678
1.96894
1.97566
1.98124
1.98714
1.99358
1.99995
4.73028
4.73283
4.73655
4.7414
4.74753
4.75483
4.76344
4.77332
4.78443
4.79679
4.81049
4.82563
4.84199
4.85966
4.87888
4.89936
4.92145
4.94486
4.96984
4.99635
5.02444
5.05415
5.08549
5.11873
5.14604
5.11271
5.08118
5.05132
5.02301
4.99633
4.97128
4.94769
4.92554
4.90491
4.8857
4.86776
4.8513
4.83623
4.8224
4.80994
4.79877
4.78885
4.78022
4.77281
4.7667
1.99091
1.98927
1.99607
2.00346
4.75445
4.75563
4.75808
4.76177
4.7667
4.77281
4.78022
4.78885
4.79877
4.80994
4.8224
4.83623
4.8513
4.86776
4.8857
4.90491
4.92554
4.94769
4.97128
4.99633
5.02301
5.05132
5.08118
5.11271
5.14604
5.17485
5.14152
5.10977
5.07972
5.05124
5.02444
4.9992
4.97553
4.95323
4.93254
4.91315
4.89519
4.87863
4.86331
4.8496
4.83698
4.8258
4.81579
4.80702
4.79962
4.7935
4.78853
4.78486
2.02553
4.7812
4.7812
4.78241
4.78486
4.78853
4.7935
4.79962
4.80702
4.81579
4.8258
4.83698
4.8496
4.86331
4.87863
4.89519
4.91315
4.93254
4.95323
4.97553
4.9992
5.02444
5.05124
5.07972
5.10977
5.14152
5.17485
5.20561
5.17193
5.13997
5.10979
5.08121
5.05419
5.02873
5.00491
4.98253
4.9617
4.94217
4.92415
4.90746
4.89225
4.87826
4.86566
4.85432
4.84423
4.83555
4.82793
4.8219
4.81682
4.81314
4.81066
4.80953
4.80953
4.81066
4.81314
4.81682
4.8219
4.82793
4.83555
4.84423
4.85432
4.86566
4.87826
4.89225
4.90746
4.92415
4.94217
4.9617
4.98253
5.00491
5.02873
5.05419
5.08121
5.10979
5.13997
5.17193
5.20561
5.23786
5.204
5.17185
5.14144
5.11264
5.08553
5.06004
5.03606
5.01344
4.99248
4.97291
4.95467
4.93796
4.92262
4.90853
4.89588
4.88442
4.87431
4.86559
4.85806
4.85177
4.84681
4.84297
4.84057
4.83932
4.83932
4.84057
4.84297
4.84681
4.85177
4.85806
4.86559
4.87431
4.88442
4.89588
4.90853
4.92262
4.93796
4.95467
4.97291
4.99248
5.01344
5.03606
5.06004
5.08553
5.11264
5.14144
5.17185
5.204
5.23786
5.27193
5.23792
5.20554
5.1749
5.14603
5.11866
5.09296
5.06885
5.04621
5.02504
5.0052
4.98688
4.97014
4.95467
4.94047
4.92775
4.91615
4.90612
4.89726
4.88972
4.88341
4.87834
4.87464
4.872
4.87086
4.87086
4.872
4.87464
4.87834
4.88341
4.88972
4.89726
4.90612
4.91615
4.92775
4.94047
4.95467
4.97014
4.98688
5.0052
5.02504
5.04621
5.06885
5.09296
5.11866
5.14603
5.1749
5.20554
5.23792
5.27193
