Label: Box
Position: -2.3415, -0.227577, -0.293069
Orientation (Quaternion): -0.240201, -0.650795, 0.338593, -0.635707
5.27193
5.23792
5.20554
5.1749
5.14603
5.11866
5.09296
5.06885
5.04621
5.02504
5.0052
4.98688
4.97014
4.95467
4.94047
4.92775
4.91615
4.90612
4.89726
4.88972
4.88341
4.87834
4.87464
4.872
4.87086
4.87086
4.872
4.87464
4.87834
4.88341
4.88972
4.89726
4.90612
4.91615
4.92775
4.94047
4.95467
4.97014
4.98688
5.0052
5.02504
5.04621
5.06885
5.09296
5.11866
5.14603
5.1749
5.20554
5.23792
5.27193
5.23786
5.204
5.17185
5.14144
5.11264
5.08553
5.06004
5.03606
5.01344
4.99248
4.97291
4.95467
4.93796
4.92262
4.90853
4.89588
4.88442
4.87431
4.86559
4.85806
4.85177
4.84681
4.84297
4.84057
4.83932
4.83932
4.84057
4.84297
4.84681
4.85177
4.85806
4.86559
4.87431
4.88442
4.89588
4.90853
4.92262
4.93796
4.95467
4.97291
4.99248
5.01344
5.03606
5.06004
5.08553
5.11264
5.14144
5.17185
5.204
5.23786
5.20561
5.17193
5.13997
5.10979
5.08121
5.05419
5.02873
5.00491
4.98253
4.9617
4.94217
4.92415
4.90746
4.89225
4.87826
4.86566
4.85432
4.84423
4.83555
4.82793
4.8219
4.81682
4.81314
4.81066
4.80953
4.80953
4.81066
4.81314
4.81682
4.8219
4.82793
4.83555
4.84423
4.85432
4.86566
4.87826
4.89225
4.90746
4.92415
4.94217
4.9617
4.98253
5.00491
5.02873
5.05419
5.08121
5.10979
5.13997
5.17193
5.20561
5.17485
5.14152
5.10977
5.07972
5.05124
5.02444
4.9992
4.97553
4.95323
4.93254
4.91315
4.89519
4.87863
4.86331
4.8496
4.83698
4.8258
4.81579
4.80702
4.79962
4.7935
4.78853
4.78486
4.78241
4.7812
4.7812
4.78241
4.78486
4.78853
4.7935
4.79962
4.80702
4.81579
4.8258
4.83698
4.8496
4.86331
4.87863
4.89519
4.91315
4.93254
4.95323
4.97553
4.9992
5.02444
5.05124
5.07972
5.10977
5.14152
5.17485
5.14604
5.11271
5.08118
5.05132
5.02301
4.99633
4.97128
4.94769
4.92554
4.90491
4.8857
4.86776
4.8513
4.83623
4.8224
4.80994
4.79877
4.78885
4.78022
4.77281
4.7667
4.76177
4.75808
4.75563
4.75445
4.75445
4.75563
4.75808
4.76177
4.7667
4.77281
4.78022
4.78885
4.79877
4.80994
4.8224
4.83623
4.8513
4.86776
4.8857
4.90491
4.92554
4.94769
4.97128
4.99633
5.02301
5.05132
5.08118
5.11271
5.14604
5.11873
5.08549
5.05415
5.02444
4.99635
4.96984
4.94486
4.92145
4.89936
4.87888
4.85966
4.84199
4.82563
4.81049
4.79679
4.78443
4.77332
4.76344
4.75483
4.74753
4.7414
4.73655
4.73283
4.73028
4.72921
4.72921
4.73028
4.73283
4.73655
4.7414
4.74753
4.75483
4.76344
4.77332
4.78443
4.79679
4.81049
4.82563
4.84199
4.85966
4.87888
4.89936
4.92145
4.94486
4.96984
4.99635
5.02444
5.05415
5.08549
5.11873
5.09291
5.05997
5.02883
4.99918
4.97117
4.94488
4.91999
4.89666
4.87477
4.85427
4.8353
4.81767
4.80135
4.78643
4.77277
4.76042
4.74929
4.7395
4.73092
4.72354
4.71757
4.71274
4.70906
4.70665
4.7055
4.7055
4.70665
4.70906
4.71274
4.71757
4.72354
4.73092
4.7395
4.74929
4.76042
4.77277
4.78643
4.80135
4.81767
4.8353
4.85427
4.87477
4.89666
4.91999
4.94488
4.97117
4.99918
5.02883
5.05997
5.09291
5.06874
5.03604
5.00494
4.97547
4.94765
4.92145
4.89664
4.87345
4.85157
4.83132
4.8123
4.79476
4.77856
4.76371
4.7501
4.73783
4.72677
4.717
4.70854
4.70107
4.69521
4.69036
4.68664
4.68433
4.68308
4.68308
4.68433
4.68664
4.69036
4.69521
4.70107
4.70854
4.717
4.72677
4.73783
4.7501
4.76371
4.77856
4.79476
4.8123
4.83132
4.85157
4.87345
4.89664
4.92145
4.94765
4.97547
5.00494
5.03604
5.06874
5.04619
5.01352
4.98256
4.95323
4.92557
4.89943
4.87474
4.85166
4.82996
4.8097
4.79087
4.77336
4.75715
4.74226
4.72885
4.71665
4.70553
4.69587
4.68742
4.68019
4.67415
4.66937
4.66578
4.66335
4.66211
4.66211
4.66335
4.66578
4.66937
4.67415
4.68019
4.68742
4.69587
4.70553
4.71665
4.72885
4.74226
4.75715
4.77336
4.79087
4.8097
4.82996
4.85166
4.87474
4.89943
4.92557
4.95323
4.98256
5.01352
5.04619
5.02494
4.9924
4.96167
4.93248
4.90468
4.87884
4.85427
4.83133
4.80973
4.7895
4.77078
4.75334
4.73726
4.72251
4.70902
4.69682
4.68589
4.67623
4.66783
4.66062
4.65463
4.64971
4.64622
4.64383
4.64267
4.64267
4.64383
4.64622
4.64971
4.65463
4.66062
4.66783
4.67623
4.68589
4.69682
4.70902
4.72251
4.73726
4.75334
4.77078
4.7895
4.80973
4.83133
4.85427
4.87884
4.90468
4.93248
4.96167
4.9924
5.02494
5.00522
4.9729
4.94222
4.91316
4.88557
4.85973
4.83533
2.44752
2.45035
4.77075
4.75204
4.73471
4.71866
4.70399
4.69059
4.67841
4.66748
4.65784
4.64953
4.64231
4.63636
4.6316
4.62799
4.62561
4.62433
4.62433
4.62561
4.62799
4.6316
4.63636
4.64231
4.64953
4.65784
4.66748
4.67841
4.69059
4.70399
4.71866
4.73471
4.75204
4.77075
4.79087
4.81234
4.83533
4.85973
4.88557
4.91316
4.94222
4.9729
5.00522
4.98698
4.95475
4.92416
4.89523
4.86777
4.8419
2.39742
2.39268
2.39094
2.3887
2.37981
2.37686
2.38566
2.38586
2.3913
2.38613
4.65052
4.64086
4.6324
4.62524
4.61944
4.61467
4.61109
4.60872
4.60747
4.60747
4.60872
4.61109
4.61467
4.61944
4.62524
4.6324
4.64086
4.65052
4.66129
4.67339
4.68682
4.70143
4.71728
4.7347
4.75335
4.77328
4.79475
4.81768
4.8419
4.86777
4.89523
4.92416
4.95475
4.98698
4.97017
4.93796
4.9075
4.87866
4.85138
4.82554
2.34932
2.3453
2.34277
2.33264
2.33076
2.33164
2.33696
2.33701
2.3356
2.3389
2.34077
2.34323
2.3463
2.34999
2.35429
2.35921
2.36477
2.37095
4.59194
4.59194
4.59312
4.59535
4.59904
4.60381
4.60959
4.61676
4.62513
4.63475
4.64554
4.65764
4.67088
4.68555
4.70148
4.7186
4.73715
4.75715
4.77857
4.80137
4.82554
4.85138
4.87866
4.9075
4.93796
4.97017
4.95469
4.9226
4.89222
4.86341
4.83624
2.30826
2.30375
2.30009
2.29704
2.29459
2.29272
2.29145
2.29077
2.28913
2.29117
2.29226
2.29394
2.29621
2.29907
2.30253
2.3066
2.31128
2.30094
2.32249
2.31888
2.33219
2.34404
2.35174
2.36547
2.3581
4.59523
4.60242
4.61072
4.62028
4.63105
4.64313
4.65636
4.67094
4.68681
4.70392
4.72243
4.74232
4.76369
4.7864
4.81046
4.83624
4.86341
4.89222
4.9226
4.95469
4.94054
4.90857
4.87823
4.84961
4.82245
2.26476
2.26045
2.25673
2.2536
2.25106
2.2491
2.24772
2.24628
2.24669
2.24704
2.24798
2.24947
2.25157
2.25426
2.25752
2.26137
2.26581
2.25838
2.27653
2.27454
2.28971
2.29694
2.30542
2.31426
2.31592
2.33102
2.3397
2.3463
4.60712
4.61783
4.62973
4.64301
4.65762
4.6734
4.69057
4.70901
4.72882
4.75006
4.7727
4.79687
4.82245
4.84961
4.87823
4.90857
4.94054
4.92773
4.89582
4.86567
4.83695
2.22859
2.22364
2.21927
2.21549
2.2123
2.20968
2.20763
2.20616
2.20524
2.2049
2.20512
2.20592
2.20727
2.2092
2.2117
2.21478
2.21843
2.20745
2.21796
2.22982
2.23236
2.24558
2.25284
2.26073
2.26926
2.27501
2.28332
2.29267
2.30942
4.59518
4.60594
4.61789
4.6311
4.64556
4.66126
4.6784
4.69681
4.71658
4.73765
4.76041
4.78445
4.80995
4.83695
4.86567
4.89582
4.92773
4.91617
4.88441
4.85422
4.82565
2.18949
2.1845
2.18009
2.17626
2.173
2.17032
2.1682
2.16663
2.16562
2.16516
2.16526
2.16593
2.16715
2.16892
2.17126
2.17416
2.17763
2.16922
2.17972
2.1915
2.19219
2.20368
2.21069
2.21831
2.22654
2.23343
2.24495
2.25515
2.26603
4.58447
4.59521
4.60713
4.62035
4.63475
4.65041
4.66748
4.68585
4.70563
4.72671
4.7493
4.77328
4.79877
4.82565
4.85422
4.88441
4.91617
4.90614
4.8743
4.84431
2.15808
2.15224
2.13428
2.14279
2.13892
2.13561
2.13285
2.13065
2.12901
2.1279
2.12736
2.12735
2.12789
2.12898
2.13061
2.1328
2.13554
2.13884
2.13302
2.14351
2.15213
2.15392
2.14924
2.17063
2.17798
2.18597
2.19457
2.20381
2.20642
2.22424
4.57502
4.5857
4.59766
4.61077
4.62521
4.64093
4.65791
4.67622
4.69593
4.71695
4.7393
4.76339
4.78888
4.8158
4.84431
4.8743
4.90614
4.89723
4.86553
4.83546
2.11136
2.11674
2.11172
2.10725
2.10334
2.09998
2.09717
2.0949
2.09318
2.09199
2.09135
2.09124
2.09167
2.09264
2.09414
2.09619
2.09879
2.08948
2.09872
2.1092
2.11468
2.11742
2.11334
2.13254
2.13966
2.14739
2.15573
2.16469
2.17429
2.17288
4.56682
4.57748
4.58934
4.60246
4.61687
4.63248
4.64942
4.66778
4.68731
4.70845
4.7309
4.75473
4.78015
4.80711
4.83546
4.86553
4.89723
4.88972
4.858
2.09594
2.08851
2.0829
2.07785
2.07336
2.06941
2.06601
2.06315
2.06083
2.05904
2.05778
2.05705
2.05685
2.05718
2.05804
2.05721
2.06135
2.0638
2.05693
2.0662
2.0744
2.07903
2.08259
2.07909
2.09629
2.1032
2.11069
2.11878
2.12749
2.13681
2.14677
4.55974
4.57036
4.5821
4.59529
4.60972
4.6253
4.64217
4.66058
4.68023
4.7012
4.72364
4.74753
4.77285
4.79963
4.82802
4.858
4.88972
4.88335
4.85182
2.06241
2.05623
2.05061
2.04555
2.04103
2.03706
2.03362
2.03071
2.02834
2.02649
2.02516
2.0186
2.02407
2.0243
2.02506
2.02633
2.02813
2.01795
2.02606
2.03536
2.04062
2.04508
2.04973
2.04638
2.06177
2.06847
2.07575
2.08361
2.09207
2.09542
2.11084
4.55383
4.56452
4.57631
4.5894
4.60381
4.61944
4.63631
4.65454
4.67415
4.69517
4.71757
4.74142
4.76673
4.79351
4.82186
4.85182
4.88335
4.87837
4.84678
2.03159
2.02541
2.01979
2.01471
2.01018
2.00618
2.00271
1.99683
1.99734
1.99544
1.99405
1.99317
1.9928
1.99295
1.99361
1.99478
1.99647
1.99868
1.99677
2.00465
2.00842
2.01273
2.01756
2.01557
2.0289
2.03539
2.04246
2.05011
2.05835
2.06718
2.07661
4.54919
4.55984
4.57155
4.5847
4.59903
4.61461
4.63146
4.64976
4.66938
4.69035
4.71272
4.73654
4.76172
4.78858
4.81696
4.84678
4.87837
4.87451
2.00888
2.00215
1.9838
1.99035
1.98527
1.98072
1.97671
1.97321
1.97023
1.96776
1.9658
1.96436
1.96341
1.96297
1.96304
1.96361
1.96469
1.96627
1.96076
1.96898
1.97409
1.97772
1.98188
1.98657
1.98865
1.98595
2.00388
2.01075
2.01819
2.02621
2.03121
2.04116
4.5456
4.55632
4.56808
4.5812
4.59551
4.61109
4.62791
4.64624
4.66579
4.68675
4.70899
4.73288
4.75808
4.78486
4.81305
4.84302
4.87451
4.87209
1.98073
1.96513
1.96785
1.96224
1.95715
1.9526
1.94856
1.94503
1.94202
1.93951
1.93751
1.93601
1.935
1.9345
1.93449
1.93497
1.93597
1.92714
1.93431
1.94193
1.94493
1.94844
1.95246
1.957
1.95928
1.96225
1.96731
1.97934
1.98776
1.99558
2.00246
2.01296
4.5434
4.55392
4.56561
4.57879
4.5931
4.6087
4.62561
4.64374
4.66335
4.68427
4.70656
4.73044
4.75568
4.78238
4.81064
4.84054
4.87209
1.96124
1.94848
1.9361
1.94098
1.93537
1.93029
1.92572
1.92166
1.91812
1.91507
1.91253
1.91048
1.90894
1.90788
1.90731
1.90723
1.90765
1.89579
1.90195
1.90919
1.91422
1.9171
1.92049
1.92438
1.92879
1.93126
1.93408
1.9345
1.95166
1.9586
1.96636
1.97456
1.98333
4.54218
4.55279
4.56458
4.57765
4.59186
4.60752
4.62437
4.64247
4.66219
4.68307
4.70545
4.72918
4.75444
4.78106
4.80942
4.83939
4.87073
1.9338
1.92044
1.90847
1.9153
1.90969
1.9046
1.90002
1.89596
1.89239
1.88932
1.88675
1.88467
1.88307
1.88196
1.88134
1.88119
1.88153
1.87176
1.88367
1.88534
1.88776
1.89054
1.89381
1.89758
1.90186
1.90451
1.9072
1.91122
1.92414
1.93103
1.93848
1.94649
1.95507
4.54218
4.55279
4.56458
4.57765
4.59186
4.60752
4.62437
4.64247
4.66219
4.68307
4.70545
4.72918
4.75444
4.78106
4.80942
4.83939
4.87073
1.90667
1.89373
1.89686
1.89073
1.88513
1.88004
1.87547
1.87139
1.86781
1.86471
1.86211
1.85999
1.85836
1.8572
1.85652
1.85632
1.84363
1.85735
1.85528
1.86029
1.86248
1.86516
1.86833
1.87199
1.87614
1.87898
1.88154
1.8854
1.89786
1.9046
1.91187
1.91971
1.9281
1.93707
4.55392
4.56561
4.57879
4.5931
4.6087
4.62561
4.64374
4.66335
4.68427
4.70656
4.73044
4.75568
4.78238
4.81064
4.84054
4.87209
1.88084
1.8683
1.87336
1.86724
1.86165
1.85657
1.85198
1.84789
1.8443
1.84118
1.83856
1.83641
1.83473
1.83353
1.8328
1.83255
1.82182
1.82724
1.83323
1.83623
1.83834
1.84092
1.84399
1.84754
1.85158
1.8546
1.85703
1.86075
1.86579
1.8681
1.88648
1.89414
1.90236
1.91266
4.55632
4.56808
4.5812
4.59551
4.61109
4.62791
4.64624
4.66579
4.68675
4.70899
4.73288
4.75808
4.78486
4.81305
4.84302
4.87451
1.86276
1.85481
1.85087
1.84477
1.83919
1.83411
1.82952
1.82543
1.82182
1.81869
1.81604
1.81386
1.81215
1.81091
1.81013
1.80983
1.80998
1.80488
1.81169
1.81325
1.81527
1.81777
1.82074
1.82419
1.82812
1.83132
1.83363
1.83721
1.84209
1.84832
1.85139
1.86972
1.87777
1.88768
4.55984
4.57155
4.5847
4.59903
4.61461
4.63146
4.64976
4.66938
4.69035
4.71272
4.73654
4.76172
4.78858
4.81696
4.84678
4.87837
1.83555
1.82985
1.82935
1.81913
1.8177
1.81262
1.80804
1.80394
1.80032
1.79717
1.7945
1.79229
1.79055
1.78928
1.78846
1.7881
1.78821
1.78642
1.78979
1.79127
1.79322
1.79563
1.79852
1.80187
1.80571
1.80908
1.81127
1.81472
1.81945
1.82551
1.83905
1.84468
1.8543
1.86274
4.56452
4.57631
4.5894
4.60381
4.61944
4.63631
4.65454
4.67415
4.69517
4.71757
4.74142
4.76673
4.79351
4.82186
4.85182
4.88335
1.81932
1.81277
1.80548
1.79897
1.7895
1.79207
1.77832
1.77554
1.77976
1.7766
1.7739
1.77167
1.76991
1.76859
1.76774
1.76733
1.76126
1.76789
1.76885
1.77027
1.77215
1.77448
1.77728
1.78055
1.78428
1.78783
1.78991
1.79837
1.79783
1.80373
1.81097
1.81483
1.83188
1.83219
4.57036
4.5821
4.59529
4.60972
4.6253
4.64217
4.66058
4.68023
4.7012
4.72364
4.74753
4.77285
4.79963
4.82802
4.858
4.88972
1.80174
1.79426
1.78718
1.78049
1.77415
1.76816
1.76249
1.75713
1.75207
1.75374
1.75421
1.75195
1.74063
1.74881
1.74792
1.74748
1.74434
1.74794
1.74884
1.75019
1.752
1.75426
1.75698
1.76016
1.76381
1.76752
1.7695
1.77271
1.78316
1.78922
1.78998
1.79958
1.80789
1.82109
4.57748
4.58934
4.60246
4.61687
4.63248
4.64942
4.66778
4.68731
4.70845
4.7309
4.75473
4.78015
4.80711
4.83546
4.86553
4.89723
1.78363
1.77644
1.7697
1.76339
1.75748
1.75196
1.74681
1.74202
1.73757
1.73345
1.72965
1.72615
1.72294
1.72666
1.72619
1.72212
1.72803
1.72886
1.72971
1.731
1.73275
1.73494
1.73758
1.74068
1.74425
1.74812
1.75001
1.7531
1.75743
1.76914
1.77558
1.77821
1.77842
1.8013
4.5857
4.59766
4.61077
4.62521
4.64093
4.65791
4.67622
4.69593
4.71695
4.7393
4.76339
4.78888
4.8158
4.84431
4.8743
4.90614
1.77134
1.7602
1.75119
1.74351
1.73677
1.73082
1.72553
1.72085
1.71673
1.71314
1.71006
1.70748
1.70539
1.70511
1.70581
1.71033
1.70251
1.70564
1.71002
1.71266
1.71434
1.71647
1.71904
1.72207
1.72555
1.72949
1.73138
1.73877
1.74412
1.74996
1.7508
1.7589
1.76838
1.7736
4.59521
4.60713
4.62035
4.63475
4.65041
4.66748
4.68585
4.70563
4.72671
4.7493
4.77328
4.79877
4.82565
4.85422
4.88441
4.91617
1.82356
1.79032
1.79326
1.77737
1.76312
1.72997
1.72131
1.71392
1.70757
1.70212
1.69745
1.69349
1.69018
1.68848
1.68537
1.68244
1.68322
1.6836
1.68493
1.68729
1.69081
1.69533
1.6985
1.70218
1.70638
1.71109
1.71272
1.71646
1.7259
1.73163
1.73785
1.74045
1.74976
1.76792
4.60594
4.61789
4.6311
4.64556
4.66126
4.6784
4.69681
4.71658
4.73765
4.76041
4.78445
4.80995
4.83695
4.86567
4.89582
4.92773
1.87198
1.85504
1.83039
1.8245
1.80009
1.78596
1.7821
1.76899
1.74956
1.7447
1.73346
1.7228
1.7127
1.6989
1.67783
1.67903
1.67665
1.67492
1.67389
1.67359
1.67409
1.67538
1.67711
1.67944
1.68235
1.68585
1.69165
1.69992
1.70513
1.71094
1.71727
1.72468
1.73153
1.74023
4.61783
4.62973
4.64301
4.65762
4.6734
4.69057
4.70901
4.72882
4.75006
4.7727
4.79687
4.82245
4.84961
4.87823
4.90857
4.94054
1.91803
1.905
1.88337
1.87111
1.84258
1.84542
1.83115
1.8147
1.80463
1.79234
1.78067
1.7696
1.75912
1.74489
1.73986
1.73103
1.72276
1.71498
1.70773
1.70096
1.69468
1.67329
1.67287
1.67322
1.6743
1.67608
1.67673
1.68205
1.68674
1.6965
1.70329
1.70925
1.71642
1.72872
4.63105
4.64313
4.65636
4.67094
4.68681
4.70392
4.72243
4.74232
4.76369
4.7864
4.81046
4.83624
4.86341
4.89222
4.9226
4.95469
1.9614
1.94336
1.93482
1.90951
1.89367
1.8927
1.8835
1.86938
1.85594
1.82818
1.81885
1.80538
1.8086
1.79425
1.78854
1.77936
1.77072
1.76262
1.75504
1.74796
1.7414
1.73533
1.72974
1.72463
1.71998
1.71581
1.71209
1.70512
1.70514
1.68945
1.6924
1.69589
1.69843
1.70937
4.64554
4.65764
4.67088
4.68555
4.70148
4.7186
4.73715
4.75715
4.77857
4.80137
4.82554
4.85138
4.87866
4.9075
4.93796
4.97017
2.04089
2.01851
2.00585
1.97911
1.97109
1.93744
1.93946
1.92162
1.91076
1.89746
1.88481
1.87282
1.86146
1.8507
1.84053
1.83094
1.82192
1.81345
1.80551
1.79812
1.79123
1.78486
1.77652
1.77361
1.76871
1.76431
1.76037
1.74826
1.75387
1.75132
1.74905
1.74614
1.74575
4.65052
4.66129
4.67339
4.68682
4.70143
4.71728
4.7347
4.75335
4.77328
4.79475
4.81768
4.8419
4.86777
4.89523
4.92416
4.95475
4.98698
2.10739
2.08489
2.058
2.03712
2.02202
2.00362
1.99515
1.96702
1.96948
1.94915
1.94241
1.92988
1.91802
1.90677
1.89614
1.88612
1.87668
1.86781
1.8595
1.85174
1.8445
1.8378
1.83163
1.82594
1.82078
1.81093
1.8119
1.80227
1.80497
1.79248
1.79661
1.7924
1.79676
4.66748
4.67841
4.69059
4.70399
4.71866
4.73471
4.75204
4.77075
4.79087
4.81234
4.83533
4.85973
4.88557
4.91316
4.94222
4.9729
5.00522
5.02494
2.15631
2.11558
2.11667
2.09819
2.06331
2.06376
2.04774
2.03249
2.01798
2.00418
1.98235
1.97866
1.96689
1.95576
1.94525
1.91663
1.91981
1.91732
1.90916
1.90155
1.89449
1.8879
1.86507
1.87649
1.87152
1.86705
1.84644
1.84428
1.85664
1.84976
1.83573
4.67623
4.68589
4.69682
4.70902
4.72251
4.73726
4.75334
4.77078
4.7895
4.80973
4.83133
4.85427
4.87884
4.90468
4.93248
4.96167
4.9924
5.02494
5.04619
2.22982
2.20861
2.18833
2.16902
2.13495
2.11081
2.1162
2.1001
2.08151
2.0653
2.04418
2.03938
2.03148
2.0198
2.00877
1.99836
1.98857
1.97939
1.97079
1.96277
1.95531
1.94841
1.94205
1.93623
1.93094
1.92045
1.9045
1.91818
1.91495
1.91088
1.90982
4.69587
4.70553
4.71665
4.72885
4.74226
4.75715
4.77336
4.79087
4.8097
4.82996
4.85166
4.87474
4.89943
4.92557
4.95323
4.98256
5.01352
5.04619
5.06874
2.29517
2.28696
2.2657
2.23612
2.20613
2.19721
2.18989
2.17327
2.15731
2.12297
2.11722
2.11264
2.10104
2.08875
2.07713
2.06617
2.05585
2.04616
2.03708
2.02859
2.0207
2.01338
2.00663
2.00043
1.99479
1.98808
1.98329
1.97874
1.97756
1.97063
4.70854
4.717
4.72677
4.73783
4.7501
4.76371
4.77856
4.79476
4.8123
4.83132
4.85157
4.87345
4.89664
4.92145
4.94765
4.97547
5.00494
5.03604
5.06874
5.09291
5.05997
2.36064
2.3442
2.32155
2.30774
2.28834
2.26982
2.25219
2.23537
2.20198
2.19642
2.1898
2.17612
2.16316
2.1509
2.13933
2.12842
2.11817
2.10855
2.09956
2.09118
2.0834
2.0762
2.06959
2.06355
2.05779
2.05162
2.04689
2.04362
2.04181
4.73092
4.7395
4.74929
4.76042
4.77277
4.78643
4.80135
4.81767
4.8353
4.85427
4.87477
4.89666
4.91999
4.94488
4.97117
4.99918
5.02883
5.05997
5.09291
5.11873
5.08549
2.46494
2.43707
2.41139
2.3963
2.37583
2.35632
2.3377
2.29458
2.28791
2.28253
2.27185
2.25739
2.24368
2.23071
2.21846
2.2069
2.19602
2.18581
2.17625
2.16733
2.15903
2.15135
2.14427
2.13779
2.13176
2.12656
2.1204
2.11698
4.74753
4.75483
4.76344
4.77332
4.78443
4.79679
4.81049
4.82563
4.84199
4.85966
4.87888
4.89936
4.92145
4.94486
4.96984
4.99635
5.02444
5.05415
5.08549
5.11873
5.14604
5.11271
5.08118
2.538
2.51078
2.49264
2.471
2.45035
2.43066
2.38816
2.38162
2.37642
2.36094
2.34561
2.33108
2.31731
2.3043
2.29201
2.28044
2.26957
2.25937
2.24985
2.24097
2.23274
2.22514
2.21815
2.21178
2.20505
2.19989
2.19632
4.77281
4.78022
4.78885
4.79877
4.80994
4.8224
4.83623
4.8513
4.86776
4.8857
4.90491
4.92554
4.94769
4.97128
4.99633
5.02301
5.05132
5.08118
5.11271
5.14604
5.17485
5.14152
5.10977
2.64808
2.61914
2.59253
2.57482
2.55294
2.53204
2.49054
2.48412
2.47515
2.45799
2.44169
2.42623
2.41157
2.39771
2.38461
2.37226
2.36064
2.34973
2.33953
2.33
2.32115
2.31296
2.30542
2.29851
2.29153
2.2861
4.7935
4.79962
4.80702
4.81579
4.8258
4.83698
4.8496
4.86331
4.87863
4.89519
4.91315
4.93254
4.95323
4.97553
4.9992
5.02444
5.05124
5.07972
5.10977
5.14152
5.17485
5.20561
5.17193
5.13997
5.10979
5.08121
5.05419
5.02873
5.00491
2.73175
2.64923
2.59661
2.58237
2.56407
2.54668
2.53018
2.51452
2.4997
2.48568
2.47245
2.46
2.44829
2.43731
2.42706
2.41751
2.40865
2.40047
2.39295
2.38565
2.37991
4.8219
4.82793
4.83555
4.84423
4.85432
4.86566
4.87826
4.89225
4.90746
4.92415
4.94217
4.9617
4.98253
5.00491
5.02873
5.05419
5.08121
5.10979
5.13997
5.17193
5.20561
5.23786
5.204
5.17185
5.14144
5.11264
5.08553
5.06004
5.03606
5.01344
4.99248
4.97291
4.95467
4.93796
4.92262
4.90853
4.89588
4.88442
4.87431
4.86559
2.56878
2.55617
2.54432
2.53323
2.52289
2.51327
2.50436
2.49616
2.48842
4.84681
4.85177
4.85806
4.86559
4.87431
4.88442
4.89588
4.90853
4.92262
4.93796
4.95467
4.97291
4.99248
5.01344
5.03606
5.06004
5.08553
5.11264
5.14144
5.17185
5.204
5.23786
5.27193
5.23792
5.20554
5.1749
5.14603
5.11866
5.09296
5.06885
5.04621
5.02504
5.0052
4.98688
4.97014
4.95467
4.94047
4.92775
4.91615
4.90612
4.89726
4.88972
4.88341
4.87834
4.87464
4.872
4.87086
2.61836
2.60936
2.60141
4.87834
4.88341
4.88972
4.89726
4.90612
4.91615
4.92775
4.94047
4.95467
4.97014
4.98688
5.0052
5.02504
5.04621
5.06885
5.09296
5.11866
5.14603
5.1749
5.20554
5.23792
5.27193
