Label: Box
Position: -2.59792, -0.170995, 0.0890225
Orientation (Quaternion): -0.115407, -0.829773, -0.0770991, -0.540568
5.27193
5.23792
5.20554
5.1749
5.14603
5.11866
5.09296
5.06885
5.04621
5.02504
5.0052
4.98688
4.97014
4.95467
4.94047
4.92775
4.91615
4.90612
4.89726
4.88972
4.88341
4.87834
4.87464
4.872
4.87086
4.87086
4.872
4.87464
4.87834
4.88341
4.88972
4.89726
4.90612
4.91615
4.92775
4.94047
4.95467
4.97014
4.98688
5.0052
5.02504
5.04621
5.06885
5.09296
5.11866
5.14603
5.1749
5.20554
5.23792
5.27193
5.23786
5.204
5.17185
5.14144
5.11264
5.08553
5.06004
5.03606
5.01344
4.99248
4.97291
4.95467
4.93796
4.92262
4.90853
4.89588
4.88442
4.87431
4.86559
4.85806
4.85177
4.84681
4.84297
4.84057
4.83932
4.83932
4.84057
4.84297
4.84681
4.85177
4.85806
4.86559
4.87431
4.88442
4.89588
4.90853
4.92262
4.93796
4.95467
4.97291
4.99248
5.01344
5.03606
5.06004
5.08553
5.11264
5.14144
5.17185
5.204
5.23786
5.20561
5.17193
5.13997
5.10979
5.08121
5.05419
5.02873
5.00491
4.98253
4.9617
4.94217
4.92415
4.90746
4.89225
4.87826
4.86566
4.85432
4.84423
4.83555
4.82793
4.8219
4.81682
4.81314
4.81066
4.80953
4.80953
4.81066
4.81314
4.81682
4.8219
4.82793
4.83555
4.84423
4.85432
4.86566
4.87826
4.89225
4.90746
4.92415
4.94217
4.9617
4.98253
5.00491
5.02873
5.05419
5.08121
5.10979
5.13997
5.17193
5.20561
5.17485
5.14152
5.10977
5.07972
5.05124
5.02444
4.9992
4.97553
4.95323
4.93254
4.91315
4.89519
4.87863
4.86331
4.8496
4.83698
4.8258
4.81579
4.80702
4.79962
4.7935
4.78853
4.78486
4.78241
4.7812
4.7812
4.78241
4.78486
4.78853
4.7935
4.79962
4.80702
4.81579
4.8258
4.83698
4.8496
4.86331
4.87863
4.89519
4.91315
4.93254
4.95323
4.97553
4.9992
5.02444
5.05124
5.07972
5.10977
5.14152
5.17485
5.14604
5.11271
5.08118
5.05132
5.02301
4.99633
4.97128
4.94769
4.92554
4.90491
4.8857
4.86776
4.8513
4.83623
4.8224
4.80994
4.79877
4.78885
4.78022
4.77281
4.7667
4.76177
4.75808
4.75563
4.75445
4.75445
4.75563
4.75808
4.76177
4.7667
4.77281
4.78022
4.78885
4.79877
4.80994
4.8224
4.83623
4.8513
4.86776
4.8857
4.90491
4.92554
4.94769
4.97128
4.99633
5.02301
5.05132
5.08118
5.11271
5.14604
5.11873
5.08549
5.05415
5.02444
4.99635
4.96984
4.94486
4.92145
4.89936
4.87888
4.85966
4.84199
4.82563
4.81049
4.79679
4.78443
4.77332
4.76344
4.75483
4.74753
4.7414
4.73655
4.73283
4.73028
4.72921
4.72921
4.73028
4.73283
4.73655
4.7414
4.74753
4.75483
4.76344
4.77332
4.78443
4.79679
4.81049
4.82563
4.84199
4.85966
4.87888
4.89936
4.92145
4.94486
4.96984
4.99635
5.02444
5.05415
5.08549
5.11873
5.09291
5.05997
5.02883
4.99918
4.97117
4.94488
4.91999
4.89666
4.87477
4.85427
4.8353
4.81767
4.80135
4.78643
4.77277
4.76042
4.74929
4.7395
4.73092
4.72354
4.71757
4.71274
4.70906
4.70665
4.7055
4.7055
4.70665
4.70906
4.71274
4.71757
4.72354
4.73092
4.7395
4.74929
4.76042
4.77277
4.78643
4.80135
4.81767
4.8353
4.85427
4.87477
4.89666
4.91999
4.94488
4.97117
4.99918
5.02883
5.05997
5.09291
5.06874
5.03604
5.00494
4.97547
4.94765
4.92145
4.89664
4.87345
4.85157
4.83132
4.8123
4.79476
4.77856
4.76371
4.7501
4.73783
4.72677
4.717
4.70854
4.70107
4.69521
4.69036
4.68664
4.68433
4.68308
4.68308
4.68433
4.68664
4.69036
4.69521
4.70107
4.70854
4.717
4.72677
4.73783
4.7501
4.76371
4.77856
4.79476
4.8123
4.83132
4.85157
4.87345
4.89664
4.92145
4.94765
4.97547
5.00494
5.03604
5.06874
5.04619
5.01352
4.98256
4.95323
4.92557
4.89943
4.87474
4.85166
4.82996
4.8097
4.79087
4.77336
4.75715
4.74226
4.72885
4.71665
4.70553
4.69587
4.68742
4.68019
4.67415
4.66937
4.66578
4.66335
4.66211
4.66211
4.66335
4.66578
4.66937
4.67415
4.68019
4.68742
4.69587
4.70553
4.71665
4.72885
4.74226
4.75715
4.77336
4.79087
4.8097
4.82996
4.85166
4.87474
4.89943
4.92557
4.95323
4.98256
5.01352
5.04619
5.02494
4.9924
4.96167
4.93248
4.90468
4.87884
4.85427
4.83133
4.80973
4.7895
4.77078
4.75334
4.73726
4.72251
4.70902
4.69682
4.68589
4.67623
4.66783
4.66062
4.65463
4.64971
4.64622
4.64383
4.64267
4.64267
4.64383
4.64622
4.64971
4.65463
4.66062
4.66783
4.67623
4.68589
4.69682
4.70902
4.72251
4.73726
4.75334
4.77078
4.7895
4.80973
4.83133
4.85427
4.87884
4.90468
4.93248
4.96167
4.9924
5.02494
5.00522
4.9729
4.94222
4.91316
4.88557
4.85973
4.83533
4.81234
4.79087
4.77075
4.75204
4.73471
4.71866
4.70399
4.69059
4.67841
4.66748
4.65784
4.64953
4.64231
4.63636
4.6316
4.62799
4.62561
4.62433
4.62433
4.62561
4.62799
4.6316
4.63636
4.64231
4.64953
4.65784
4.66748
4.67841
4.69059
4.70399
4.71866
4.73471
4.75204
4.77075
4.79087
4.81234
4.83533
4.85973
4.88557
4.91316
4.94222
4.9729
5.00522
4.98698
4.95475
4.92416
4.89523
4.86777
4.8419
4.81768
4.79475
4.77328
4.75335
4.7347
4.71728
4.70143
4.68682
4.67339
4.66129
4.65052
4.64086
4.6324
4.62524
4.61944
4.61467
4.61109
4.60872
4.60747
4.60747
4.60872
4.61109
4.61467
4.61944
4.62524
4.6324
4.64086
4.65052
4.66129
4.67339
4.68682
4.70143
4.71728
4.7347
4.75335
4.77328
4.79475
4.81768
4.8419
4.86777
4.89523
4.92416
4.95475
4.98698
4.97017
4.93796
4.9075
4.87866
4.85138
4.82554
4.80137
4.77857
4.75715
4.73715
4.7186
4.70148
4.68555
4.67088
4.65764
4.64554
4.63475
4.62513
4.61676
4.60959
4.60381
4.59904
4.59535
4.59312
4.59194
4.59194
4.59312
4.59535
4.59904
4.60381
4.60959
4.61676
4.62513
4.63475
4.64554
4.65764
4.67088
4.68555
4.70148
4.7186
4.73715
4.75715
4.77857
4.80137
4.82554
4.85138
4.87866
4.9075
4.93796
4.97017
4.95469
4.9226
4.89222
4.86341
4.83624
4.81046
4.7864
4.76369
4.74232
4.72243
4.70392
4.68681
4.67094
4.65636
4.64313
4.63105
4.62028
4.61072
4.60242
4.59523
4.5894
4.58464
4.58117
4.57871
4.57768
4.57768
4.57871
4.58117
4.58464
2.00252
1.9925
1.98197
2.09364
2.23586
2.41104
4.64313
4.65636
4.67094
4.68681
4.70392
4.72243
4.74232
4.76369
4.7864
4.81046
4.83624
4.86341
4.89222
4.9226
4.95469
4.94054
4.90857
4.87823
4.84961
4.82245
4.79687
4.7727
4.75006
4.72882
4.70901
4.69057
4.6734
4.65762
4.64301
4.62973
4.61783
4.60712
4.5976
4.58933
4.58218
4.57625
4.5715
4.56805
4.56577
4.56457
4.56457
2.03721
2.02469
2.01282
1.99918
1.98736
1.98092
2.07085
2.20165
2.34783
2.47987
2.70398
2.96154
4.6734
4.69057
4.70901
4.72882
4.75006
4.7727
4.79687
4.82245
4.84961
4.87823
4.90857
4.94054
4.92773
4.89582
4.86567
4.83695
4.80995
4.78445
4.76041
4.73765
4.71658
4.69681
4.6784
4.66126
4.64556
4.6311
4.61789
4.60594
4.59518
4.58574
4.57738
4.57035
4.5645
4.55976
4.55622
2.07756
2.063
2.04908
2.03587
2.02334
2.00465
1.99501
1.98431
1.97928
2.03126
2.15855
2.2982
2.46499
2.65593
2.87826
4.66126
4.6784
4.69681
4.71658
4.73765
4.76041
4.78445
4.80995
4.83695
4.86567
4.89582
4.92773
4.91617
4.88441
4.85422
4.82565
4.79877
4.77328
4.7493
4.72671
4.70563
4.68585
4.66748
4.65041
4.63475
4.62035
4.60713
4.59521
4.58447
4.57505
4.56674
4.55969
2.12512
2.10831
2.09215
2.07676
2.06212
2.04821
2.03501
2.01366
2.0038
1.99271
1.98247
1.97785
1.97211
2.11185
2.24218
2.40976
2.5909
2.80224
4.65041
4.66748
4.68585
4.70563
4.72671
4.7493
4.77328
4.79877
4.82565
4.85422
4.88441
4.91617
4.90614
4.8743
4.84431
4.8158
4.78888
4.76339
4.7393
4.71695
4.69593
4.67622
4.65791
4.64093
4.62521
4.61077
4.59766
4.5857
4.57502
2.18761
2.15632
2.14269
2.1249
2.10794
2.09179
2.0764
2.06177
2.04787
2.03467
2.02215
2.0103
1.99162
1.98854
1.97287
1.96861
2.07369
2.20648
2.35694
2.53008
2.73151
2.97579
4.65791
4.67622
4.69593
4.71695
4.7393
4.76339
4.78888
4.8158
4.84431
4.8743
4.90614
4.89723
4.86553
4.83546
4.80711
4.78015
4.75473
4.7309
4.70845
4.68731
4.66778
4.64942
4.63248
4.61687
4.60246
4.58934
2.22299
2.19595
2.17856
2.16154
2.14289
2.1251
2.10813
2.09197
2.07659
2.06195
2.04805
2.03484
2.01299
2.01048
1.99173
1.98871
1.97382
1.96824
2.03589
2.16287
2.30737
2.47323
2.66554
2.89107
4.64942
4.66778
4.68731
4.70845
4.7309
4.75473
4.78015
4.80711
4.83546
4.86553
4.89723
4.88972
4.858
4.82802
4.79963
4.77285
4.74753
4.72364
4.7012
4.68023
4.66058
4.64217
4.6253
2.28276
2.26921
2.24627
2.22075
2.20237
2.18188
2.16232
2.14366
2.12585
2.10888
2.09271
2.07731
2.06267
2.04875
2.02495
2.01344
2.0028
1.99302
1.98407
1.97941
1.96802
1.96499
2.12178
2.24426
2.41994
2.57509
2.81897
4.64217
4.66058
4.68023
4.7012
4.72364
4.74753
4.77285
4.79963
4.82802
4.858
4.88972
4.88335
4.85182
4.82186
4.79351
4.76673
4.74142
4.71757
4.69517
4.67415
2.37431
2.34122
2.32165
2.29589
2.27126
2.24414
2.22525
2.20377
2.18326
2.16368
2.145
2.12717
2.11018
2.09399
2.07858
2.06391
2.04997
2.02618
2.02421
2.01234
2.00111
1.99052
1.97918
1.97118
1.96257
2.08304
2.21696
2.36994
2.54628
2.75177
3.0701
4.65454
4.67415
4.69517
4.71757
4.74142
4.76673
4.79351
4.82186
4.85182
4.88335
4.87837
4.84678
4.81696
4.78858
4.76172
4.73654
4.71272
2.43965
2.40619
2.37337
2.35086
2.31872
2.29639
2.26829
2.24981
2.2273
2.20579
2.18524
2.16563
2.14691
2.12906
2.11204
2.09582
2.08038
2.06569
2.05174
2.02862
2.01793
2.00809
1.9991
1.99093
1.98218
1.97279
1.96265
2.04648
2.1757
2.32298
2.47522
2.67029
2.92033
4.64976
4.66938
4.69035
4.71272
4.73654
4.76172
4.78858
4.81696
4.84678
4.87837
4.87451
4.84302
4.81305
4.78486
4.75808
4.73288
4.70899
2.44318
2.41173
2.3821
2.35378
2.32671
2.29702
2.27614
2.25253
2.22996
2.2084
2.18782
2.16816
2.14941
2.13151
2.11445
2.0982
2.07225
2.06801
2.04344
2.03226
2.02815
2.01623
2.00388
1.99432
1.9843
1.97489
1.96524
2.01193
2.1368
2.27883
2.44138
2.63046
2.85159
4.64624
4.66579
4.68675
4.70899
4.73288
4.75808
4.78486
4.81305
4.84302
4.87451
4.87209
4.84054
4.81064
4.78238
4.75568
4.73044
4.70656
4.68427
2.40863
2.37885
2.35738
2.33025
2.30432
2.27955
2.25587
2.23324
2.21163
2.19099
2.17129
2.15248
2.13454
2.11744
2.10114
2.08563
2.07087
2.05312
2.04352
2.02717
2.01808
2.00763
1.99697
1.98692
1.97748
1.96863
1.96195
2.09724
2.23731
2.39426
2.57564
2.7875
4.64374
4.66335
4.68427
4.70656
4.73044
4.75568
4.78238
4.81064
4.84054
4.87209
4.87073
4.83939
4.80942
4.78106
4.75444
4.72918
4.70545
4.68307
2.40896
2.38968
2.35018
2.33446
2.30845
2.2836
2.25985
2.23715
2.21548
2.19477
2.17501
2.15614
2.13814
2.12099
2.10464
2.08907
2.06492
2.0602
2.04315
2.03276
2.02217
2.01082
2.00012
1.99003
1.98056
1.97167
1.96251
2.06558
2.18864
2.34965
2.52429
2.72766
4.64247
4.66219
4.68307
4.70545
4.72918
4.75444
4.78106
4.80942
4.83939
4.87073
4.87073
4.83939
4.80942
4.78106
4.75444
4.72918
4.70545
4.68307
2.42514
2.39523
2.36227
2.33934
2.31324
2.2883
2.26447
2.24169
2.21994
2.19916
2.17932
2.16039
2.14233
2.12511
2.1087
2.08334
2.07822
2.06409
2.05068
2.03796
2.01872
2.00949
2.00084
1.99276
1.98413
1.97521
1.96513
2.03294
2.15124
2.30779
2.47615
2.64764
2.90171
4.66219
4.68307
4.70545
4.72918
4.75444
4.78106
4.80942
4.83939
4.87073
4.87209
4.84054
4.81064
4.78238
4.75568
4.73044
4.70656
4.68427
2.43106
2.39965
2.37233
2.34491
2.31871
2.29367
2.26974
2.24687
2.22503
2.20417
2.18425
2.16524
2.1471
2.12981
2.11333
2.09764
2.08272
2.06853
2.05506
2.04228
2.03018
2.01873
2.00794
1.99777
1.9882
1.9747
1.96726
1.96625
2.12666
2.26837
2.43097
2.61943
2.84033
4.66335
4.68427
4.70656
4.73044
4.75568
4.78238
4.81064
4.84054
4.87209
4.87451
4.84302
4.81305
4.78486
4.75808
4.73288
4.70899
4.68675
4.66579
2.39604
2.37873
2.35118
2.32486
2.2997
2.27566
2.25269
2.23075
2.20979
2.18978
2.17069
2.15247
2.13509
2.11854
2.10278
2.08778
2.07352
2.05998
2.04714
2.03498
2.02348
2.01262
2.0024
1.99278
1.98376
1.96801
1.96787
2.09393
2.20993
2.38857
2.57042
2.78303
4.66579
4.68675
4.70899
4.73288
4.75808
4.78486
4.81305
4.84302
4.87451
4.87837
4.84678
4.81696
4.78858
4.76172
4.73654
4.71272
4.69035
4.66938
2.4148
2.38584
2.35815
2.3317
2.30641
2.28225
2.25917
2.23547
2.21605
2.19594
2.17674
2.15843
2.14097
2.12433
2.10848
2.0934
2.07907
2.06546
2.05255
2.04032
2.02875
2.01783
2.00754
1.99787
1.98879
1.98031
1.97108
2.06305
2.18923
2.34167
2.49962
2.71933
4.66938
4.69035
4.71272
4.73654
4.76172
4.78858
4.81696
4.84678
4.87837
4.88335
4.85182
4.82186
4.79351
4.76673
4.74142
4.71757
4.69517
4.67415
2.42278
2.39367
2.36584
2.33923
2.31381
2.28952
2.26631
2.24038
2.21856
2.20272
2.18342
2.165
2.14744
2.13071
2.11477
2.0996
2.08518
2.07149
2.0585
2.0462
2.03456
2.02357
2.01321
2.00347
1.99433
1.98579
1.97652
2.03118
2.16308
2.31128
2.45597
2.67941
2.91254
4.69517
4.71757
4.74142
4.76673
4.79351
4.82186
4.85182
4.88335
4.88972
4.858
4.82802
4.79963
4.77285
4.74753
4.72364
4.7012
4.68023
2.43478
2.39251
2.37425
2.34749
2.3219
2.29747
2.27138
2.2518
2.2305
2.20141
2.19073
2.1722
2.15453
2.13768
2.12165
2.10638
2.09187
2.07809
2.06502
2.05263
2.04091
2.02984
2.01941
2.0096
2.0004
1.99178
1.98238
1.97909
2.11809
2.27604
2.39742
2.60632
2.8575
4.7012
4.72364
4.74753
4.77285
4.79963
4.82802
4.858
4.88972
4.89723
4.86553
4.83546
4.80711
4.78015
4.75473
4.7309
4.70845
4.68731
4.66778
2.40672
2.38339
2.35646
2.33072
2.30612
2.28261
2.26015
2.2387
2.21822
2.19866
2.18002
2.16223
2.14527
2.12912
2.11375
2.09914
2.08526
2.07209
2.05962
2.04781
2.03666
2.02615
2.01626
2.00698
1.9983
1.98633
1.98253
2.10329
2.22358
2.35947
2.55866
2.80611
4.70845
4.7309
4.75473
4.78015
4.80711
4.83546
4.86553
4.89723
4.90614
4.8743
4.84431
4.8158
4.78888
4.76339
4.7393
4.71695
4.69593
4.67622
2.42035
2.3828
2.36617
2.34025
2.31547
2.2918
2.26918
2.24758
2.22695
2.20726
2.18847
2.17055
2.15348
2.13721
2.12173
2.107
2.09302
2.07975
2.06717
2.05527
2.04403
2.03343
2.02346
2.0141
2.00534
1.99716
1.98837
2.07581
2.19872
2.36334
2.53081
2.7581
4.71695
4.7393
4.76339
4.78888
4.8158
4.84431
4.8743
4.90614
4.91617
4.88441
4.85422
4.82565
4.79877
4.77328
4.7493
4.72671
4.70563
4.68585
2.43354
2.398
2.37663
2.35052
2.32556
2.3017
2.27892
2.25715
2.23636
2.21652
2.19758
2.17952
2.15477
2.14592
2.13031
2.11547
2.10137
2.08799
2.07531
2.0633
2.05197
2.04127
2.03121
2.02176
2.01291
2.00466
1.99644
2.04889
2.18205
2.33418
2.49594
2.71324
2.9543
4.7493
4.77328
4.79877
4.82565
4.85422
4.88441
4.91617
4.92773
4.89582
4.86567
4.83695
4.80995
4.78445
4.76041
4.73765
4.71658
4.69681
4.6784
2.41265
2.37945
2.36154
2.33638
2.31233
2.28936
2.2621
2.24645
2.22645
2.20636
2.18915
2.17179
2.15525
2.13952
2.12455
2.11032
2.09682
2.08403
2.07192
2.06047
2.04968
2.03952
2.02997
2.02104
2.01269
2.00423
2.00054
2.15502
2.28447
2.4624
2.67131
2.90482
4.76041
4.78445
4.80995
4.83695
4.86567
4.89582
4.92773
4.94054
4.90857
4.87823
4.84961
4.82245
4.79687
4.7727
4.75006
4.72882
4.70901
4.69057
2.4269
2.39547
2.36447
2.34795
2.3237
2.30052
2.27839
2.25725
2.23707
2.21781
2.19944
2.18193
2.16524
2.14936
2.13425
2.1199
2.10627
2.09335
2.08112
2.06957
2.05866
2.04839
2.03875
2.02972
2.02128
2.01257
2.00592
2.12913
2.25737
2.41363
2.63211
2.83822
4.7727
4.79687
4.82245
4.84961
4.87823
4.90857
4.94054
4.95469
4.9226
4.89222
4.86341
4.83624
4.81046
4.7864
4.76369
4.74232
4.72243
4.70392
2.4409
2.41096
2.38175
2.35285
2.32392
2.31243
2.2901
2.26853
2.24839
2.22895
2.21041
2.19273
2.17589
2.15985
2.1446
2.1301
2.11634
2.10329
2.09093
2.07926
2.06823
2.05785
2.0481
2.03896
2.03042
2.01665
2.01457
2.09089
2.23873
2.39906
2.59546
2.81582
4.7864
4.81046
4.83624
4.86341
4.89222
4.9226
4.95469
4.97017
4.93796
4.9075
4.87866
4.85138
4.82554
4.80137
4.77857
4.75715
4.73715
4.7186
4.70148
2.42609
2.39839
2.37129
2.34438
2.31733
2.30255
2.28101
2.26044
2.23671
2.22208
2.20423
2.18721
2.17101
2.1556
2.14095
2.12704
2.11385
2.10136
2.08955
2.07841
2.06791
2.05804
2.04879
2.04014
2.03209
2.02444
2.08193
2.21865
2.37813
2.54934
4.77857
4.80137
4.82554
4.85138
4.87866
4.9075
4.93796
4.97017
4.98698
4.95475
4.92416
4.89523
4.86777
4.8419
4.81768
4.79475
4.77328
4.75335
4.7347
4.71728
2.44088
2.41354
2.38741
2.36244
2.33858
2.31357
2.28781
2.26767
2.25339
2.23447
2.21642
2.19458
2.18285
2.16727
2.15246
2.1384
2.12506
2.11243
2.10048
2.0892
2.07857
2.06858
2.05921
2.05045
2.04228
2.03448
2.03225
2.1652
2.31375
2.48433
4.79475
4.81768
4.8419
4.86777
4.89523
4.92416
4.95475
4.98698
5.00522
4.9729
4.94222
4.91316
4.88557
4.85973
4.83533
4.81234
4.79087
4.77075
4.75204
4.73471
2.45625
2.42861
2.4022
2.37696
2.35284
2.3298
2.30779
2.28678
2.26333
2.23731
2.22934
2.21195
2.18619
2.17963
2.16465
2.15042
2.13693
2.12414
2.11204
2.10062
2.08986
2.07973
2.07024
2.06135
2.05307
2.04508
2.03844
2.17251
2.3172
4.79087
4.81234
4.83533
4.85973
4.88557
4.91316
4.94222
4.9729
5.00522
5.02494
4.9924
4.96167
4.93248
4.90468
4.87884
4.85427
4.83133
4.80973
4.7895
4.77078
4.75334
4.73726
2.44457
2.41786
2.39233
2.36793
2.34463
2.32237
2.30111
2.28082
2.26147
2.243
2.21708
2.20865
2.1927
2.17468
2.16313
2.14946
2.13652
2.12426
2.11269
2.10178
2.09152
2.08188
2.07287
2.06446
2.05624
2.04941
2.14979
2.29461
4.80973
4.83133
4.85427
4.87884
4.90468
4.93248
4.96167
4.9924
5.02494
5.04619
5.01352
4.98256
4.95323
4.92557
4.89943
4.87474
4.85166
4.82996
4.8097
4.79087
4.77336
4.75715
2.46144
2.4344
2.40857
2.38387
2.36029
2.33776
2.31625
2.29571
2.27612
2.25743
2.23961
2.22264
2.19982
2.1903
2.17654
2.1627
2.14957
2.13716
2.12542
2.11436
2.10395
2.09417
2.08502
2.07648
2.06793
2.06117
2.09693
4.8097
4.82996
4.85166
4.87474
4.89943
4.92557
4.95323
4.98256
5.01352
5.04619
5.06874
5.03604
5.00494
4.97547
4.94765
4.92145
4.89664
4.87345
4.85157
4.83132
4.8123
4.79476
4.77856
2.47929
2.45069
2.4257
2.4007
2.37682
2.354
2.33221
2.31142
2.29157
2.27264
2.25459
2.2374
2.22103
2.20547
2.19068
2.17147
2.15953
2.15074
2.13883
2.12761
2.11704
2.10389
2.08934
2.08596
2.07113
2.07352
2.10723
4.83132
4.85157
4.87345
4.89664
4.92145
4.94765
4.97547
5.00494
5.03604
5.06874
5.09291
5.05997
5.02883
4.99918
4.97117
4.94488
4.91999
4.89666
4.87477
4.85427
4.8353
4.81767
4.80135
4.78643
2.47026
2.43156
2.41843
2.39423
2.37111
2.34904
2.32238
2.30784
2.28866
2.27036
2.25294
2.23634
2.22056
2.20556
2.19132
2.17498
2.16503
2.15295
2.13063
2.13081
2.12072
2.10918
2.10237
2.09422
2.08423
4.8353
4.85427
4.87477
4.89666
4.91999
4.94488
4.97117
4.99918
5.02883
5.05997
5.09291
5.11873
5.08549
5.05415
5.02444
4.99635
4.96984
4.94486
4.92145
4.89936
4.87888
4.85966
4.84199
4.82563
4.81049
2.48913
2.46278
2.4371
2.41256
2.38912
2.36577
2.34537
2.32239
2.30551
2.28696
2.26928
2.25244
2.23643
2.22121
2.20675
2.19308
2.18007
4.75483
4.76344
4.77332
4.78443
4.79679
4.81049
4.82563
4.84199
4.85966
4.87888
4.89936
4.92145
4.94486
4.96984
4.99635
5.02444
5.05415
5.08549
5.11873
5.14604
5.11271
5.08118
5.05132
5.02301
4.99633
4.97128
4.94769
4.92554
4.90491
4.8857
4.86776
4.8513
4.83623
2.51063
2.48014
2.45673
2.43184
2.40807
2.38536
2.36367
2.34297
2.32458
4.75563
4.75445
4.75445
4.75563
4.75808
4.76177
4.7667
4.77281
4.78022
4.78885
4.79877
4.80994
4.8224
4.83623
4.8513
4.86776
4.8857
4.90491
4.92554
4.94769
4.97128
4.99633
5.02301
5.05132
5.08118
5.11271
5.14604
5.17485
5.14152
5.10977
5.07972
5.05124
5.02444
4.9992
4.97553
4.95323
4.93254
4.91315
4.89519
4.87863
4.86331
4.8496
4.83698
4.8258
4.81579
4.80702
4.79962
4.7935
4.78853
4.78486
4.78241
4.7812
4.7812
4.78241
4.78486
4.78853
4.7935
4.79962
4.80702
4.81579
4.8258
4.83698
4.8496
4.86331
4.87863
4.89519
4.91315
4.93254
4.95323
4.97553
4.9992
5.02444
5.05124
5.07972
5.10977
5.14152
5.17485
5.20561
5.17193
5.13997
5.10979
5.08121
5.05419
5.02873
5.00491
4.98253
4.9617
4.94217
4.92415
4.90746
4.89225
4.87826
4.86566
4.85432
4.84423
4.83555
4.82793
4.8219
4.81682
4.81314
4.81066
4.80953
4.80953
4.81066
4.81314
4.81682
4.8219
4.82793
4.83555
4.84423
4.85432
4.86566
4.87826
4.89225
4.90746
4.92415
4.94217
4.9617
4.98253
5.00491
5.02873
5.05419
5.08121
5.10979
5.13997
5.17193
5.20561
5.23786
5.204
5.17185
5.14144
5.11264
5.08553
5.06004
5.03606
5.01344
4.99248
4.97291
4.95467
4.93796
4.92262
4.90853
4.89588
4.88442
4.87431
4.86559
4.85806
4.85177
4.84681
4.84297
4.84057
4.83932
4.83932
4.84057
4.84297
4.84681
4.85177
4.85806
4.86559
4.87431
4.88442
4.89588
4.90853
4.92262
4.93796
4.95467
4.97291
4.99248
5.01344
5.03606
5.06004
5.08553
5.11264
5.14144
5.17185
5.204
5.23786
5.27193
5.23792
5.20554
5.1749
5.14603
5.11866
5.09296
5.06885
5.04621
5.02504
5.0052
4.98688
4.97014
4.95467
4.94047
4.92775
4.91615
4.90612
4.89726
4.88972
4.88341
4.87834
4.87464
4.872
4.87086
4.87086
4.872
4.87464
4.87834
4.88341
4.88972
4.89726
4.90612
4.91615
4.92775
4.94047
4.95467
4.97014
4.98688
5.0052
5.02504
5.04621
5.06885
5.09296
5.11866
5.14603
5.1749
5.20554
5.23792
5.27193
