Label: Box
Position: -2.79977, 0.0690634, -0.0306101
Orientation (Quaternion): -0.773821, -0.588638, -0.118092, 0.201892
5.27193
5.23792
5.20554
5.1749
5.14603
5.11866
5.09296
5.06885
5.04621
5.02504
5.0052
4.98688
4.97014
4.95467
4.94047
4.92775
4.91615
4.90612
4.89726
4.88972
4.88341
4.87834
4.87464
4.872
4.87086
4.87086
4.872
4.87464
4.87834
4.88341
4.88972
4.89726
4.90612
4.91615
4.92775
4.94047
4.95467
4.97014
4.98688
5.0052
5.02504
5.04621
5.06885
5.09296
5.11866
5.14603
5.1749
5.20554
5.23792
5.27193
5.23786
5.204
5.17185
5.14144
5.11264
5.08553
5.06004
5.03606
5.01344
4.99248
4.97291
4.95467
4.93796
4.92262
4.90853
4.89588
4.88442
4.87431
4.86559
4.85806
4.85177
4.84681
4.84297
4.84057
4.83932
4.83932
4.84057
4.84297
4.84681
4.85177
4.85806
4.86559
4.87431
4.88442
4.89588
4.90853
4.92262
4.93796
4.95467
4.97291
4.99248
5.01344
5.03606
5.06004
5.08553
5.11264
5.14144
5.17185
5.204
5.23786
5.20561
5.17193
5.13997
5.10979
5.08121
5.05419
5.02873
5.00491
4.98253
4.9617
4.94217
4.92415
4.90746
4.89225
4.87826
4.86566
4.85432
4.84423
4.83555
4.82793
4.8219
4.81682
4.81314
4.81066
4.80953
4.80953
4.81066
4.81314
4.81682
4.8219
4.82793
4.83555
4.84423
4.85432
4.86566
4.87826
4.89225
4.90746
4.92415
4.94217
4.9617
4.98253
5.00491
5.02873
5.05419
5.08121
5.10979
5.13997
5.17193
5.20561
5.17485
5.14152
5.10977
5.07972
5.05124
5.02444
4.9992
4.97553
4.95323
4.93254
4.91315
4.89519
4.87863
4.86331
4.8496
4.83698
4.8258
4.81579
4.80702
4.79962
4.7935
4.78853
4.78486
4.78241
4.7812
4.7812
4.78241
4.78486
4.78853
4.7935
4.79962
4.80702
4.81579
4.8258
4.83698
4.8496
4.86331
4.87863
4.89519
4.91315
4.93254
4.95323
4.97553
4.9992
5.02444
5.05124
5.07972
5.10977
5.14152
5.17485
5.14604
5.11271
5.08118
5.05132
5.02301
4.99633
4.97128
4.94769
4.92554
4.90491
4.8857
4.86776
4.8513
4.83623
4.8224
4.80994
4.79877
4.78885
4.78022
4.77281
4.7667
4.76177
4.75808
4.75563
4.75445
4.75445
4.75563
4.75808
4.76177
4.7667
4.77281
4.78022
4.78885
4.79877
4.80994
4.8224
4.83623
4.8513
4.86776
4.8857
4.90491
4.92554
4.94769
4.97128
4.99633
5.02301
5.05132
5.08118
5.11271
5.14604
5.11873
5.08549
5.05415
5.02444
4.99635
4.96984
4.94486
4.92145
4.89936
4.87888
4.85966
4.84199
4.82563
4.81049
4.79679
4.78443
4.77332
4.76344
4.75483
4.74753
4.7414
4.73655
4.73283
4.73028
4.72921
4.72921
4.73028
4.73283
4.73655
4.7414
4.74753
4.75483
4.76344
4.77332
4.78443
4.79679
4.81049
4.82563
4.84199
4.85966
4.87888
4.89936
4.92145
4.94486
4.96984
4.99635
5.02444
5.05415
5.08549
5.11873
5.09291
5.05997
5.02883
4.99918
4.97117
4.94488
4.91999
4.89666
4.87477
4.85427
4.8353
4.81767
4.80135
4.78643
4.77277
4.76042
4.74929
4.7395
4.73092
4.72354
4.71757
4.71274
4.70906
4.70665
4.7055
4.7055
4.70665
4.70906
4.71274
4.71757
4.72354
4.73092
4.7395
4.74929
4.76042
4.77277
4.78643
4.80135
4.81767
4.8353
4.85427
4.87477
4.89666
4.91999
4.94488
4.97117
4.99918
5.02883
5.05997
5.09291
5.06874
5.03604
5.00494
4.97547
4.94765
4.92145
4.89664
4.87345
4.85157
4.83132
4.8123
4.79476
4.77856
4.76371
4.7501
4.73783
4.72677
4.717
4.70854
4.70107
4.69521
4.69036
4.68664
4.68433
4.68308
4.68308
4.68433
4.68664
4.69036
4.69521
4.70107
4.70854
4.717
4.72677
4.73783
4.7501
4.76371
4.77856
4.79476
4.8123
4.83132
4.85157
4.87345
4.89664
4.92145
4.94765
4.97547
5.00494
5.03604
5.06874
5.04619
5.01352
4.98256
4.95323
4.92557
4.89943
4.87474
4.85166
4.82996
4.8097
4.79087
4.77336
4.75715
4.74226
4.72885
4.71665
4.70553
4.69587
4.68742
4.68019
4.67415
4.66937
4.66578
4.66335
4.66211
2.19793
2.1773
2.26488
2.36477
4.67415
4.68019
4.68742
4.69587
4.70553
4.71665
4.72885
4.74226
4.75715
4.77336
4.79087
4.8097
4.82996
4.85166
4.87474
4.89943
4.92557
4.95323
4.98256
5.01352
5.04619
5.02494
4.9924
4.96167
4.93248
4.90468
4.87884
4.85427
4.83133
4.80973
4.7895
4.77078
4.75334
4.73726
4.72251
4.70902
4.69682
4.68589
4.67623
4.66783
4.66062
4.65463
4.64971
4.64622
2.22432
2.20618
2.19044
2.1758
2.22987
2.32174
2.42535
2.54331
2.66912
2.79065
2.96481
4.69682
4.70902
4.72251
4.73726
4.75334
4.77078
4.7895
4.80973
4.83133
4.85427
4.87884
4.90468
4.93248
4.96167
4.9924
5.02494
5.00522
4.9729
4.94222
4.91316
4.88557
4.85973
4.83533
4.81234
4.79087
4.77075
4.75204
4.73471
4.71866
4.70399
4.69059
4.67841
4.66748
4.65784
4.64953
4.64231
2.27978
2.26018
2.24129
2.22327
2.20081
2.1836
2.17383
2.17132
2.28994
2.3704
2.48815
2.62211
2.75684
2.9056
3.07448
4.69059
4.70399
4.71866
4.73471
4.75204
4.77075
4.79087
4.81234
4.83533
4.85973
4.88557
4.91316
4.94222
4.9729
5.00522
4.98698
4.95475
4.92416
4.89523
4.86777
4.8419
4.81768
4.79475
4.77328
4.75335
4.7347
4.71728
4.70143
4.68682
4.67339
4.66129
4.65052
4.64086
2.3212
2.29949
2.27877
2.25899
2.23068
2.21461
2.19684
2.18866
2.17212
2.15969
2.25543
2.34288
2.43688
2.54792
2.70522
2.83797
3.00648
4.67339
4.68682
4.70143
4.71728
4.7347
4.75335
4.77328
4.79475
4.81768
4.8419
4.86777
4.89523
4.92416
4.95475
4.98698
4.97017
4.93796
4.9075
4.87866
4.85138
4.82554
4.80137
4.77857
4.75715
4.73715
4.7186
4.70148
4.68555
4.67088
4.65764
2.39175
2.36708
2.3433
2.32058
2.29888
2.27816
2.25839
2.23953
2.21151
2.19424
2.17801
2.17056
2.15621
2.22086
2.31781
2.42098
2.53534
2.63903
2.79605
2.95737
3.19376
4.67088
4.68555
4.70148
4.7186
4.73715
4.75715
4.77857
4.80137
4.82554
4.85138
4.87866
4.9075
4.93796
4.97017
4.95469
4.9226
4.89222
4.86341
4.83624
4.81046
4.7864
4.76369
4.74232
4.72243
4.70392
4.68681
4.67094
2.44527
2.41802
2.39197
2.36708
2.34329
2.32058
2.29888
2.27816
2.25839
2.23953
2.22155
2.20441
2.17722
2.16247
2.15664
2.18542
2.27771
2.38479
2.49533
2.61731
2.75257
2.90336
3.07247
4.65636
4.67094
4.68681
4.70392
4.72243
4.74232
4.76369
4.7864
4.81046
4.83624
4.86341
4.89222
4.9226
4.95469
4.94054
4.90857
4.87823
4.84961
4.82245
4.79687
4.7727
4.75006
4.72882
4.70901
2.53543
2.50436
2.4745
2.44596
2.41869
2.39263
2.36773
2.34393
2.3212
2.29949
2.27877
2.25899
2.24012
2.22212
2.20498
2.18866
2.16341
2.15662
2.14735
2.25014
2.34738
2.45733
2.57561
2.70659
2.85237
3.01557
4.64301
4.65762
4.6734
4.69057
4.70901
4.72882
4.75006
4.7727
4.79687
4.82245
4.84961
4.87823
4.90857
4.94054
4.92773
4.89582
4.86567
4.83695
4.80995
4.78445
4.76041
4.73765
2.60206
2.56981
2.53707
2.50579
2.4759
2.44734
2.42004
2.39395
2.36903
2.34521
2.32246
2.30072
2.27998
2.26017
2.24129
2.22328
2.20612
2.18978
2.16563
2.15248
2.1442
2.22177
2.30279
2.42127
2.53608
2.66307
2.80418
2.9619
4.6311
4.64556
4.66126
4.6784
4.69681
4.71658
4.73765
4.76041
4.78445
4.80995
4.83695
4.86567
4.89582
4.92773
4.91617
4.88441
4.85422
4.82565
4.79877
4.77328
2.67118
2.6383
2.60148
2.57205
2.53927
2.50794
2.47801
2.4494
2.42207
2.39594
2.37098
2.34712
2.32434
2.30258
2.2818
2.26195
2.24305
2.22501
2.20783
2.18263
2.16912
2.16036
2.14174
2.19286
2.28553
2.38702
2.47959
2.62185
2.75863
2.91125
3.08258
4.63475
4.65041
4.66748
4.68585
4.70563
4.72671
4.7493
4.77328
4.79877
4.82565
4.85422
4.88441
4.91617
4.90614
4.8743
4.84431
4.8158
4.78888
4.76339
2.68317
2.64545
2.60944
2.57505
2.5422
2.51082
2.48083
2.45216
2.42477
2.39859
2.37358
2.34968
2.32685
2.30505
2.28422
2.26436
2.2454
2.21626
2.20113
2.19371
2.17387
2.1614
2.14612
2.14084
2.25563
2.35449
2.46304
2.58007
2.71553
2.86342
3.02916
4.62521
4.64093
4.65791
4.67622
4.69593
4.71695
4.7393
4.76339
4.78888
4.8158
4.84431
4.8743
4.90614
4.89723
4.86553
4.83546
4.80711
4.78015
4.75473
2.68644
2.6456
2.61329
2.57882
2.54588
2.51224
2.48435
2.45562
2.42816
2.40192
2.37685
2.35289
2.33
2.30814
2.28727
2.26735
2.24835
2.22117
2.21297
2.19653
2.17989
2.16602
2.15141
2.13858
2.2272
2.32358
2.4293
2.53119
2.67475
2.81823
2.97877
4.61687
4.63248
4.64942
4.66778
4.68731
4.70845
4.7309
4.75473
4.78015
4.80711
4.83546
4.86553
4.89723
4.88972
4.858
4.82802
4.79963
4.77285
4.74753
2.69205
2.65412
2.61792
2.58334
2.55031
2.51875
2.4886
2.45978
2.43224
2.40593
2.38078
2.35675
2.33379
2.31187
2.29093
2.27094
2.24283
2.22739
2.21298
2.19959
2.18422
2.16931
2.15514
2.13918
2.20017
2.29421
2.39728
2.51071
2.63614
2.77551
2.93123
3.19378
4.6253
4.64217
4.66058
4.68023
4.7012
4.72364
4.74753
4.77285
4.79963
4.82802
4.858
4.88972
4.88335
4.85182
4.82186
4.79351
4.76673
4.74142
4.71757
2.64867
2.61351
2.58864
2.55549
2.52383
2.49356
2.46465
2.43702
2.41061
2.38537
2.36126
2.33822
2.31622
2.29522
2.26617
2.25604
2.23492
2.22042
2.20387
2.18813
2.17316
2.15894
2.1426
2.17446
2.26358
2.36688
2.47746
2.57654
2.73512
2.88634
3.05609
4.61944
4.63631
4.65454
4.67415
4.69517
4.71757
4.74142
4.76673
4.79351
4.82186
4.85182
4.88335
4.87837
4.84678
4.81696
4.78858
4.76172
4.73654
4.71272
2.66329
2.62894
2.59471
2.56144
2.52964
2.49927
2.47024
2.4425
2.41598
2.39064
2.36644
2.34331
2.32121
2.29127
2.27435
2.25853
2.24249
2.22503
2.20841
2.1926
2.17757
2.16329
2.14802
2.13886
2.23978
2.33802
2.42867
2.56496
2.69692
2.84395
3.00875
4.61461
4.63146
4.64976
4.66938
4.69035
4.71272
4.73654
4.76172
4.78858
4.81696
4.84678
4.87837
4.87451
4.84302
4.81305
4.78486
4.75808
4.73288
4.70899
2.67321
2.63657
2.60157
2.56815
2.53622
2.50571
2.47655
2.44868
2.41722
2.3966
2.37229
2.34905
2.32231
2.30048
2.28261
2.26446
2.24716
2.23024
2.21354
2.19766
2.18255
2.16821
2.1546
2.14001
2.21455
2.31062
2.41602
2.53218
2.66075
2.80391
2.96412
4.61109
4.62791
4.64624
4.66579
4.68675
4.70899
4.73288
4.75808
4.78486
4.81305
4.84302
4.87451
4.87209
4.84054
4.81064
4.78238
4.75568
4.73044
4.70656
4.68427
2.6444
2.60924
2.57565
2.54356
2.51289
2.48359
2.45558
2.42882
2.40325
2.37881
2.35546
2.33317
2.31188
2.29155
2.27216
2.25367
2.22982
2.21927
2.19918
2.18499
2.17113
2.15864
2.14321
2.19065
2.27868
2.38767
2.47442
2.6266
2.75305
2.92201
3.0974
4.62561
4.64374
4.66335
4.68427
4.70656
4.73044
4.75568
4.78238
4.81064
4.84054
4.87209
4.87073
4.83939
4.80942
4.78106
4.75444
4.72918
4.70545
4.68307
2.64724
2.61771
2.58394
2.55167
2.52084
2.49138
2.46272
2.4363
2.41059
2.38603
2.36255
2.34013
2.31872
2.29828
2.27878
2.26019
2.24246
2.21469
2.19971
2.19425
2.17974
2.16598
2.14998
2.1451
2.25986
2.36079
2.44808
2.59426
2.73034
2.88194
3.05295
4.62437
4.64247
4.66219
4.68307
4.70545
4.72918
4.75444
4.78106
4.80942
4.83939
4.87073
4.87073
4.83939
4.80942
4.78106
4.75444
4.72918
4.70545
4.68307
2.66013
2.627
2.59303
2.56057
2.52956
2.49992
2.47159
2.44452
2.41865
2.39393
2.37032
2.34776
2.32622
2.30567
2.28605
2.26733
2.2495
2.23252
2.21635
2.20098
2.18638
2.17252
2.15649
2.14689
2.23655
2.31462
2.42432
2.56368
2.69658
2.83314
2.99812
4.62437
4.64247
4.66219
4.68307
4.70545
4.72918
4.75444
4.78106
4.80942
4.83939
4.87073
4.87209
4.84054
4.81064
4.78238
4.75568
4.73044
4.70656
4.68427
2.67576
2.63715
2.59802
2.56425
2.52741
2.50923
2.48072
2.45347
2.42743
2.40256
2.37879
2.35608
2.3344
2.31371
2.29396
2.27512
2.25717
2.24007
2.22379
2.20831
2.19361
2.17965
2.15879
2.15142
2.21436
2.30375
2.4047
2.51339
2.63751
2.80944
2.94596
3.16967
4.64374
4.66335
4.68427
4.70656
4.73044
4.75568
4.78238
4.81064
4.84054
4.87209
4.87451
4.84302
4.81305
4.78486
4.75808
4.73288
4.70899
4.68675
4.66579
2.63653
2.61243
2.57285
2.54936
2.51869
2.48912
2.46317
2.43695
2.4119
2.38796
2.3651
2.34326
2.32242
2.30252
2.28355
2.26547
2.24824
2.23185
2.21626
2.20143
2.18738
2.17405
2.15938
2.19332
2.28059
2.36976
2.48247
2.62801
2.77528
2.92529
3.1037
4.64624
4.66579
4.68675
4.70899
4.73288
4.75808
4.78486
4.81305
4.84302
4.87451
4.87837
4.84678
4.81696
4.78858
4.76172
4.73654
4.71272
4.69035
4.66938
2.65492
2.62531
2.59216
2.55238
2.53021
2.50128
2.47364
2.43648
2.42198
2.39786
2.37482
2.35282
2.33182
2.31177
2.29265
2.27443
2.25707
2.24054
2.22482
2.20988
2.1957
2.18226
2.16809
2.16008
2.25574
2.34025
2.4816
2.60618
2.74467
2.89948
3.06076
4.64976
4.66938
4.69035
4.71272
4.73654
4.76172
4.78858
4.81696
4.84678
4.87837
4.88335
4.85182
4.82186
4.79351
4.76673
4.74142
4.71757
4.69517
4.67415
2.67313
2.63778
2.60436
2.57243
2.54192
2.50644
2.48489
2.45826
2.43281
2.40439
2.38527
2.36308
2.34191
2.3217
2.30242
2.28404
2.26653
2.24987
2.23401
2.21894
2.20464
2.19108
2.17642
2.16488
2.24622
2.34669
2.45719
2.57937
2.71362
2.86655
3.03559
4.65454
4.67415
4.69517
4.71757
4.74142
4.76673
4.79351
4.82186
4.85182
4.88335
4.88972
4.858
4.82802
4.79963
4.77285
4.74753
4.72364
4.7012
4.68023
4.66058
2.64173
2.61744
2.58523
2.55445
2.52504
2.49474
2.46624
2.4444
2.41988
2.39645
2.37407
2.35271
2.33233
2.31288
2.29433
2.27667
2.25985
2.24385
2.22864
2.2142
2.20051
2.18532
2.17408
2.22689
2.32564
2.412
2.53572
2.68169
2.83558
4.64217
4.66058
4.68023
4.7012
4.72364
4.74753
4.77285
4.79963
4.82802
4.858
4.88972
4.89723
4.86553
4.83546
4.80711
4.78015
4.75473
4.7309
4.70845
4.68731
4.66778
2.66082
2.63141
2.5989
2.56784
2.53816
2.50979
2.4737
2.45678
2.43077
2.40839
2.38581
2.36424
2.34367
2.32404
2.30532
2.28749
2.2705
2.25435
2.23899
2.2244
2.21057
2.19748
2.18455
2.18599
2.30454
2.4107
2.52112
2.66089
2.80477
4.64942
4.66778
4.68731
4.70845
4.7309
4.75473
4.78015
4.80711
4.83546
4.86553
4.89723
4.90614
4.8743
4.84431
4.8158
4.78888
4.76339
4.7393
4.71695
4.69593
4.67622
2.68017
2.63511
2.61347
2.58211
2.5453
2.5235
2.49612
2.46997
2.44498
2.4211
2.3983
2.37652
2.35574
2.33591
2.31701
2.29899
2.28184
2.26551
2.24999
2.23525
2.22128
2.20804
2.19481
2.18495
2.2814
2.38069
2.50162
2.63577
4.64093
4.65791
4.67622
4.69593
4.71695
4.7393
4.76339
4.78888
4.8158
4.84431
4.8743
4.90614
4.91617
4.88441
4.85422
4.82565
4.79877
4.77328
4.7493
4.72671
4.70563
4.68585
4.66748
2.65477
2.62895
2.59727
2.56584
2.53805
2.5104
2.48398
2.45872
2.4346
2.41156
2.38956
2.36856
2.34853
2.32942
2.31121
2.29387
2.27737
2.26168
2.24678
2.23264
2.21924
2.20567
2.19414
2.2693
2.37156
2.48685
4.63475
4.65041
4.66748
4.68585
4.70563
4.72671
4.7493
4.77328
4.79877
4.82565
4.85422
4.88441
4.91617
4.92773
4.89582
4.86567
4.83695
4.80995
4.78445
4.76041
4.73765
4.71658
4.69681
4.6784
2.67486
2.63378
2.60661
2.58275
2.5535
2.52554
2.49882
2.47331
2.44892
2.42563
2.40338
2.38215
2.36055
2.34257
2.32416
2.30662
2.28993
2.27406
2.25898
2.24466
2.23112
2.2171
2.20607
2.23597
2.35109
4.6311
4.64556
4.66126
4.6784
4.69681
4.71658
4.73765
4.76041
4.78445
4.80995
4.83695
4.86567
4.89582
4.92773
4.94054
4.90857
4.87823
4.84961
4.82245
4.79687
4.7727
4.75006
4.72882
4.70901
4.69057
2.69601
2.65358
2.63038
2.59943
2.56984
2.54157
2.50303
2.47851
2.46407
2.42985
2.41801
2.39653
2.37604
2.35438
2.33224
2.32011
2.30321
2.28714
2.27188
2.25066
2.23798
2.22908
2.21825
2.23736
4.62973
4.64301
4.65762
4.6734
4.69057
4.70901
4.72882
4.75006
4.7727
4.79687
4.82245
4.84961
4.87823
4.90857
4.94054
4.95469
4.9226
4.89222
4.86341
4.83624
4.81046
4.7864
4.76369
4.74232
4.72243
4.70392
4.68681
2.67392
2.63604
2.61707
2.57551
2.55027
2.52708
2.50505
2.48008
2.45623
2.43346
2.41172
2.39097
2.36947
2.34154
2.33435
2.31305
2.30097
2.27595
2.27083
2.25691
2.24061
4.62028
4.63105
4.64313
4.65636
4.67094
4.68681
4.70392
4.72243
4.74232
4.76369
4.7864
4.81046
4.83624
4.86341
4.89222
4.9226
4.95469
4.97017
4.93796
4.9075
4.87866
4.85138
4.82554
4.80137
4.77857
4.75715
4.73715
4.7186
4.70148
2.69677
2.66742
2.63569
2.59398
2.56996
2.54866
2.52226
2.49698
2.47283
2.44976
2.42774
2.40673
2.38668
2.36757
4.59312
4.59535
4.59904
4.60381
4.60959
4.61676
4.62513
4.63475
4.64554
4.65764
4.67088
4.68555
4.70148
4.7186
4.73715
4.75715
4.77857
4.80137
4.82554
4.85138
4.87866
4.9075
4.93796
4.97017
4.98698
4.95475
4.92416
4.89523
4.86777
4.8419
4.81768
4.79475
4.77328
4.75335
4.7347
4.71728
2.72035
2.67465
2.65049
2.62462
2.58723
2.56721
2.5404
2.51575
4.61944
4.61467
4.61109
4.60872
4.60747
4.60747
4.60872
4.61109
4.61467
4.61944
4.62524
4.6324
4.64086
4.65052
4.66129
4.67339
4.68682
4.70143
4.71728
4.7347
4.75335
4.77328
4.79475
4.81768
4.8419
4.86777
4.89523
4.92416
4.95475
4.98698
5.00522
4.9729
4.94222
4.91316
4.88557
4.85973
4.83533
4.81234
4.79087
4.77075
4.75204
4.73471
4.71866
4.70399
4.69059
4.67841
4.66748
4.65784
4.64953
4.64231
4.63636
4.6316
4.62799
4.62561
4.62433
4.62433
4.62561
4.62799
4.6316
4.63636
4.64231
4.64953
4.65784
4.66748
4.67841
4.69059
4.70399
4.71866
4.73471
4.75204
4.77075
4.79087
4.81234
4.83533
4.85973
4.88557
4.91316
4.94222
4.9729
5.00522
5.02494
4.9924
4.96167
4.93248
4.90468
4.87884
4.85427
4.83133
4.80973
4.7895
4.77078
4.75334
4.73726
4.72251
4.70902
4.69682
4.68589
4.67623
4.66783
4.66062
4.65463
4.64971
4.64622
4.64383
4.64267
4.64267
4.64383
4.64622
4.64971
4.65463
4.66062
4.66783
4.67623
4.68589
4.69682
4.70902
4.72251
4.73726
4.75334
4.77078
4.7895
4.80973
4.83133
4.85427
4.87884
4.90468
4.93248
4.96167
4.9924
5.02494
5.04619
5.01352
4.98256
4.95323
4.92557
4.89943
4.87474
4.85166
4.82996
4.8097
4.79087
4.77336
4.75715
4.74226
4.72885
4.71665
4.70553
4.69587
4.68742
4.68019
4.67415
4.66937
4.66578
4.66335
4.66211
4.66211
4.66335
4.66578
4.66937
4.67415
4.68019
4.68742
4.69587
4.70553
4.71665
4.72885
4.74226
4.75715
4.77336
4.79087
4.8097
4.82996
4.85166
4.87474
4.89943
4.92557
4.95323
4.98256
5.01352
5.04619
5.06874
5.03604
5.00494
4.97547
4.94765
4.92145
4.89664
4.87345
4.85157
4.83132
4.8123
4.79476
4.77856
4.76371
4.7501
4.73783
4.72677
4.717
4.70854
4.70107
4.69521
4.69036
4.68664
4.68433
4.68308
4.68308
4.68433
4.68664
4.69036
4.69521
4.70107
4.70854
4.717
4.72677
4.73783
4.7501
4.76371
4.77856
4.79476
4.8123
4.83132
4.85157
4.87345
4.89664
4.92145
4.94765
4.97547
5.00494
5.03604
5.06874
5.09291
5.05997
5.02883
4.99918
4.97117
4.94488
4.91999
4.89666
4.87477
4.85427
4.8353
4.81767
4.80135
4.78643
4.77277
4.76042
4.74929
4.7395
4.73092
4.72354
4.71757
4.71274
4.70906
4.70665
4.7055
4.7055
4.70665
4.70906
4.71274
4.71757
4.72354
4.73092
4.7395
4.74929
4.76042
4.77277
4.78643
4.80135
4.81767
4.8353
4.85427
4.87477
4.89666
4.91999
4.94488
4.97117
4.99918
5.02883
5.05997
5.09291
5.11873
5.08549
5.05415
5.02444
4.99635
4.96984
4.94486
4.92145
4.89936
4.87888
4.85966
4.84199
4.82563
4.81049
4.79679
4.78443
4.77332
4.76344
4.75483
4.74753
4.7414
4.73655
4.73283
4.73028
4.72921
4.72921
4.73028
4.73283
4.73655
4.7414
4.74753
4.75483
4.76344
4.77332
4.78443
4.79679
4.81049
4.82563
4.84199
4.85966
4.87888
4.89936
4.92145
4.94486
4.96984
4.99635
5.02444
5.05415
5.08549
5.11873
5.14604
5.11271
5.08118
5.05132
5.02301
4.99633
4.97128
4.94769
4.92554
4.90491
4.8857
4.86776
4.8513
4.83623
4.8224
4.80994
4.79877
4.78885
4.78022
4.77281
4.7667
4.76177
4.75808
4.75563
4.75445
4.75445
4.75563
4.75808
4.76177
4.7667
4.77281
4.78022
4.78885
4.79877
4.80994
4.8224
4.83623
4.8513
4.86776
4.8857
4.90491
4.92554
4.94769
4.97128
4.99633
5.02301
5.05132
5.08118
5.11271
5.14604
5.17485
5.14152
5.10977
5.07972
5.05124
5.02444
4.9992
4.97553
4.95323
4.93254
4.91315
4.89519
4.87863
4.86331
4.8496
4.83698
4.8258
4.81579
4.80702
4.79962
4.7935
4.78853
4.78486
4.78241
4.7812
4.7812
4.78241
4.78486
4.78853
4.7935
4.79962
4.80702
4.81579
4.8258
4.83698
4.8496
4.86331
4.87863
4.89519
4.91315
4.93254
4.95323
4.97553
4.9992
5.02444
5.05124
5.07972
5.10977
5.14152
5.17485
5.20561
5.17193
5.13997
5.10979
5.08121
5.05419
5.02873
5.00491
4.98253
4.9617
4.94217
4.92415
4.90746
4.89225
4.87826
4.86566
4.85432
4.84423
4.83555
4.82793
4.8219
4.81682
4.81314
4.81066
4.80953
4.80953
4.81066
4.81314
4.81682
4.8219
4.82793
4.83555
4.84423
4.85432
4.86566
4.87826
4.89225
4.90746
4.92415
4.94217
4.9617
4.98253
5.00491
5.02873
5.05419
5.08121
5.10979
5.13997
5.17193
5.20561
5.23786
5.204
5.17185
5.14144
5.11264
5.08553
5.06004
5.03606
5.01344
4.99248
4.97291
4.95467
4.93796
4.92262
4.90853
4.89588
4.88442
4.87431
4.86559
4.85806
4.85177
4.84681
4.84297
4.84057
4.83932
4.83932
4.84057
4.84297
4.84681
4.85177
4.85806
4.86559
4.87431
4.88442
4.89588
4.90853
4.92262
4.93796
4.95467
4.97291
4.99248
5.01344
5.03606
5.06004
5.08553
5.11264
5.14144
5.17185
5.204
5.23786
5.27193
5.23792
5.20554
5.1749
5.14603
5.11866
5.09296
5.06885
5.04621
5.02504
5.0052
4.98688
4.97014
4.95467
4.94047
4.92775
4.91615
4.90612
4.89726
4.88972
4.88341
4.87834
4.87464
4.872
4.87086
4.87086
4.872
4.87464
4.87834
4.88341
4.88972
4.89726
4.90612
4.91615
4.92775
4.94047
4.95467
4.97014
4.98688
5.0052
5.02504
5.04621
5.06885
5.09296
5.11866
5.14603
5.1749
5.20554
5.23792
5.27193
