Label: Box
Position: -2.35469, -0.141087, -0.078341
Orientation (Quaternion): 0.292438, -0.832484, 0.0141978, -0.470371
5.27193
5.23792
5.20554
5.1749
5.14603
5.11866
5.09296
5.06885
5.04621
5.02504
5.0052
4.98688
4.97014
4.95467
4.94047
4.92775
4.91615
4.90612
4.89726
4.88972
4.88341
4.87834
4.87464
4.872
4.87086
4.87086
4.872
4.87464
4.87834
4.88341
4.88972
4.89726
4.90612
4.91615
4.92775
4.94047
4.95467
4.97014
4.98688
5.0052
5.02504
5.04621
5.06885
5.09296
5.11866
5.14603
5.1749
5.20554
5.23792
5.27193
5.23786
5.204
5.17185
5.14144
5.11264
5.08553
5.06004
5.03606
5.01344
4.99248
4.97291
4.95467
4.93796
4.92262
4.90853
4.89588
4.88442
4.87431
4.86559
4.85806
4.85177
4.84681
4.84297
4.84057
4.83932
4.83932
4.84057
4.84297
4.84681
4.85177
4.85806
4.86559
4.87431
4.88442
4.89588
4.90853
4.92262
4.93796
4.95467
4.97291
4.99248
5.01344
5.03606
5.06004
5.08553
5.11264
5.14144
5.17185
5.204
5.23786
5.20561
5.17193
5.13997
5.10979
5.08121
5.05419
5.02873
5.00491
4.98253
4.9617
4.94217
4.92415
4.90746
4.89225
4.87826
4.86566
4.85432
4.84423
4.83555
4.82793
4.8219
4.81682
4.81314
4.81066
4.80953
4.80953
4.81066
4.81314
4.81682
4.8219
4.82793
4.83555
4.84423
4.85432
4.86566
4.87826
4.89225
4.90746
4.92415
4.94217
4.9617
4.98253
5.00491
5.02873
5.05419
5.08121
5.10979
5.13997
5.17193
5.20561
5.17485
5.14152
5.10977
5.07972
5.05124
5.02444
4.9992
4.97553
4.95323
4.93254
4.91315
4.89519
4.87863
4.86331
4.8496
4.83698
4.8258
4.81579
4.80702
4.79962
4.7935
4.78853
4.78486
4.78241
4.7812
4.7812
4.78241
4.78486
4.78853
4.7935
4.79962
4.80702
4.81579
4.8258
4.83698
4.8496
4.86331
4.87863
4.89519
4.91315
4.93254
4.95323
4.97553
4.9992
5.02444
5.05124
5.07972
5.10977
5.14152
5.17485
5.14604
5.11271
5.08118
5.05132
5.02301
4.99633
4.97128
4.94769
4.92554
4.90491
4.8857
4.86776
4.8513
4.83623
4.8224
4.80994
4.79877
4.78885
4.78022
4.77281
4.7667
4.76177
4.75808
4.75563
4.75445
4.75445
4.75563
4.75808
4.76177
4.7667
4.77281
4.78022
4.78885
4.79877
4.80994
4.8224
4.83623
4.8513
4.86776
4.8857
4.90491
4.92554
4.94769
4.97128
4.99633
5.02301
5.05132
5.08118
5.11271
5.14604
5.11873
5.08549
5.05415
5.02444
4.99635
4.96984
4.94486
4.92145
4.89936
4.87888
4.85966
4.84199
4.82563
4.81049
4.79679
4.78443
4.77332
4.76344
4.75483
4.74753
4.7414
4.73655
4.73283
4.73028
4.72921
4.72921
4.73028
4.73283
4.73655
4.7414
4.74753
4.75483
4.76344
4.77332
4.78443
4.79679
4.81049
4.82563
4.84199
4.85966
4.87888
4.89936
4.92145
4.94486
4.96984
4.99635
5.02444
5.05415
5.08549
5.11873
5.09291
5.05997
5.02883
4.99918
4.97117
4.94488
4.91999
4.89666
4.87477
4.85427
4.8353
4.81767
4.80135
4.78643
4.77277
4.76042
4.74929
4.7395
4.73092
4.72354
4.71757
4.71274
4.70906
4.70665
4.7055
4.7055
4.70665
4.70906
4.71274
4.71757
4.72354
4.73092
4.7395
4.74929
4.76042
4.77277
4.78643
4.80135
4.81767
4.8353
4.85427
4.87477
4.89666
4.91999
4.94488
4.97117
4.99918
5.02883
5.05997
5.09291
5.06874
5.03604
5.00494
4.97547
4.94765
4.92145
4.89664
4.87345
4.85157
4.83132
4.8123
4.79476
4.77856
4.76371
4.7501
4.73783
4.72677
4.717
4.70854
4.70107
4.69521
4.69036
4.68664
4.68433
4.68308
4.68308
4.68433
4.68664
4.69036
4.69521
4.70107
4.70854
4.717
4.72677
4.73783
4.7501
4.76371
4.77856
4.79476
4.8123
4.83132
4.85157
4.87345
4.89664
4.92145
4.94765
4.97547
5.00494
5.03604
5.06874
5.04619
5.01352
4.98256
4.95323
4.92557
4.89943
4.87474
4.85166
4.82996
4.8097
4.79087
4.77336
4.75715
4.74226
2.46714
2.42783
2.39909
2.37431
4.68742
4.68019
4.67415
4.66937
4.66578
4.66335
4.66211
4.66211
4.66335
4.66578
4.66937
4.67415
4.68019
4.68742
4.69587
4.70553
4.71665
4.72885
4.74226
4.75715
4.77336
4.79087
4.8097
4.82996
4.85166
4.87474
4.89943
4.92557
4.95323
4.98256
5.01352
5.04619
5.02494
4.9924
4.96167
4.93248
4.90468
4.87884
4.85427
4.83133
4.80973
4.7895
4.77078
4.75334
4.73726
2.46341
2.42753
2.39521
2.36436
2.33488
2.30672
2.27979
2.25407
2.22948
2.20599
2.18354
4.64267
4.64267
4.64383
4.64622
4.64971
4.65463
4.66062
4.66783
4.67623
4.68589
4.69682
4.70902
4.72251
4.73726
4.75334
4.77078
4.7895
4.80973
4.83133
4.85427
4.87884
4.90468
4.93248
4.96167
4.9924
5.02494
5.00522
4.9729
4.94222
4.91316
4.88557
4.85973
4.83533
4.81234
4.79087
4.77075
4.75204
4.73471
2.45287
2.41794
2.38516
2.35386
2.32396
2.29539
2.26809
2.24201
2.21708
2.19325
2.17048
2.14873
2.12795
2.10532
2.08878
2.07312
4.6316
4.63636
4.64231
4.64953
4.65784
4.66748
4.67841
4.69059
4.70399
4.71866
4.73471
4.75204
4.77075
4.79087
4.81234
4.83533
4.85973
4.88557
4.91316
4.94222
4.9729
5.00522
4.98698
4.95475
4.92416
4.89523
4.86777
4.8419
4.81768
4.79475
4.77328
4.75335
4.7347
4.71728
2.40998
2.37669
2.34491
2.31455
2.28554
2.25783
2.23134
2.20604
2.18185
2.15874
2.13665
2.11554
2.09539
2.06246
2.04636
2.0311
2.01665
2.003
1.99011
1.97672
1.96363
4.65052
4.66129
4.67339
4.68682
4.70143
4.71728
4.7347
4.75335
4.77328
4.79475
4.81768
4.8419
4.86777
4.89523
4.92416
4.95475
4.98698
4.97017
4.93796
4.9075
4.87866
4.85138
4.82554
4.80137
4.77857
4.75715
4.73715
2.43911
2.40365
2.3698
2.33749
2.30663
2.27715
2.24899
2.22208
2.19636
2.17178
2.14829
2.12585
2.1044
2.08391
2.06435
2.04566
2.02782
2.01082
1.9946
1.97915
1.96443
1.94787
1.92538
1.91912
1.91058
1.90072
1.8904
1.88639
4.70148
4.7186
4.73715
4.75715
4.77857
4.80137
4.82554
4.85138
4.87866
4.9075
4.93796
4.97017
4.95469
4.9226
4.89222
4.86341
4.83624
4.81046
4.7864
4.76369
4.74232
4.72243
2.39895
2.3645
2.33161
2.30021
2.26187
2.24157
2.21419
2.18803
2.16303
2.13914
2.11631
2.0945
2.07365
2.05373
2.03472
2.01657
1.99925
1.98273
1.96698
1.95197
1.93769
1.92144
1.9041
1.89645
1.88697
1.87634
1.85839
1.90377
4.68681
4.70392
4.72243
4.74232
4.76369
4.7864
4.81046
4.83624
4.86341
4.89222
4.9226
4.95469
4.94054
4.90857
4.87823
4.84961
4.82245
4.79687
4.7727
4.75006
4.72882
4.70901
2.36078
2.32727
2.29529
2.25704
2.23557
2.20769
2.18105
2.1556
2.13128
2.10803
2.08582
2.06459
2.04431
2.02494
2.00645
1.9888
1.97195
1.95589
1.94058
1.926
1.91213
1.89894
1.88333
1.87395
1.86326
1.8526
1.84289
1.91733
4.6734
4.69057
4.70901
4.72882
4.75006
4.7727
4.79687
4.82245
4.84961
4.87823
4.90857
4.94054
4.92773
4.89582
4.86567
4.83695
4.80995
4.78445
4.76041
4.73765
4.71658
2.35866
2.32448
2.28495
2.25719
2.23098
2.20256
2.17542
2.14948
2.11856
2.10101
2.07837
2.05673
2.03606
2.01632
1.99746
1.97945
1.96227
1.94588
1.93025
1.91536
1.90118
1.88769
1.86929
1.86148
1.85115
1.84022
1.82001
1.87077
1.93177
1.99489
4.6784
4.69681
4.71658
4.73765
4.76041
4.78445
4.80995
4.83695
4.86567
4.89582
4.92773
4.91617
4.88441
4.85422
4.82565
4.79877
4.77328
4.7493
4.72671
2.35814
2.32325
2.28995
2.25817
2.22782
2.19883
2.17114
2.14468
2.11939
2.09523
2.07214
2.05007
2.02898
2.00884
1.98959
1.97121
1.95367
1.93693
1.92096
1.90574
1.89124
1.87744
1.86432
1.84934
1.84001
1.82879
1.81817
1.80607
1.88519
1.94711
2.00903
4.66748
4.68585
4.70563
4.72671
4.7493
4.77328
4.79877
4.82565
4.85422
4.88441
4.91617
4.90614
4.8743
4.84431
4.8158
4.78888
4.76339
4.7393
2.34812
2.32358
2.28955
2.25707
2.22608
2.19648
2.1682
2.14118
2.11537
2.0907
2.06713
2.0446
2.02307
2.0025
1.98285
1.96408
1.94615
1.92904
1.91272
1.89716
1.88232
1.86819
1.85475
1.84196
1.82941
1.8183
1.80739
1.78539
1.84195
1.90049
1.96212
2.02259
4.65791
4.67622
4.69593
4.71695
4.7393
4.76339
4.78888
4.8158
4.84431
4.8743
4.90614
4.89723
4.86553
4.83546
4.80711
4.78015
4.75473
4.7309
2.3255
2.29069
2.25749
2.22579
2.19553
2.16662
2.13902
2.11264
2.08743
2.06335
2.04033
2.01833
1.99731
1.97722
1.95803
1.93971
1.92221
1.90552
1.88959
1.8744
1.85993
1.84615
1.83304
1.81873
1.80875
1.79753
1.78691
1.797
1.85723
1.9167
1.97673
2.035
2.12381
4.66778
4.68731
4.70845
4.7309
4.75473
4.78015
4.80711
4.83546
4.86553
4.89723
4.88972
4.858
4.82802
4.79963
4.77285
4.74753
2.32903
2.29339
2.25938
2.22695
2.19598
2.16204
2.13322
2.1112
2.08542
2.06079
2.03725
2.01476
1.99326
1.97272
1.95309
1.93434
1.91644
1.89934
1.88303
1.86748
1.85265
1.83852
1.82507
1.81228
1.80013
1.78859
1.77765
1.76668
1.81702
1.87338
1.93307
1.99041
2.04548
2.1448
4.66058
4.68023
4.7012
4.72364
4.74753
4.77285
4.79963
4.82802
4.858
4.88972
4.88335
4.85182
4.82186
4.79351
4.76673
2.32124
2.29767
2.26282
2.22958
2.18962
2.1676
2.13868
2.11107
2.08468
2.05947
2.03538
2.01236
1.99036
1.96933
1.94924
1.93005
1.91171
1.89421
1.87749
1.86155
1.84634
1.83185
1.81805
1.80491
1.79242
1.78056
1.7693
1.75863
1.77006
1.8331
1.89044
1.94843
2.01055
2.07675
2.16691
4.65454
4.67415
4.69517
4.71757
4.74142
4.76673
4.79351
4.82186
4.85182
4.88335
4.87837
4.84678
4.81696
4.78858
4.76172
2.30356
2.26782
2.22186
2.19992
2.17018
2.14055
2.11226
2.07392
2.0594
2.03472
2.01114
1.98861
1.96707
1.94649
1.92683
1.90804
1.8901
1.87297
1.85662
1.84102
1.82615
1.81198
1.79848
1.78564
1.77343
1.76184
1.75084
1.74178
1.79564
1.85009
1.90732
1.96125
2.0255
2.09643
2.1903
2.27594
4.66938
4.69035
4.71272
4.73654
4.76172
4.78858
4.81696
4.84678
4.87837
4.87451
4.84302
4.81305
4.78486
2.3111
2.25927
2.23333
2.20603
2.17419
2.1438
2.11478
2.08707
2.06059
2.0353
2.01112
1.98803
1.96595
1.94485
1.92469
1.90543
1.88703
1.86946
1.85269
1.83668
1.82141
1.80684
1.79297
1.77977
1.76721
1.75527
1.74393
1.73271
1.7491
1.81255
1.86801
1.92193
1.97237
2.05
2.11075
2.21468
2.30249
4.66579
4.68675
4.70899
4.73288
4.75808
4.78486
4.81305
4.84302
4.87451
4.87209
4.84054
4.81064
2.32021
2.2826
2.23585
2.21236
2.17966
2.14845
2.11867
2.09023
2.06306
2.03711
2.01231
1.98862
1.96597
1.94433
1.92365
1.90389
1.88501
1.86697
1.84975
1.83331
1.81762
1.80266
1.7884
1.77481
1.76188
1.74958
1.7379
1.72681
1.72085
1.77756
1.83036
1.88446
1.93457
2.0052
2.08302
2.14726
2.24124
2.33067
4.66335
4.68427
4.70656
4.73044
4.75568
4.78238
4.81064
4.84054
4.87209
4.87073
4.83939
4.80942
2.29247
2.2523
2.22022
2.18661
2.15454
2.12394
2.09473
2.06683
2.04018
2.01472
1.9904
1.96715
1.94494
1.92371
1.90342
1.88403
1.86551
1.84782
1.83093
1.81481
1.79943
1.78476
1.77078
1.75746
1.74479
1.73274
1.72129
1.7087
1.73146
1.79529
1.84879
1.89847
1.96864
2.0137
2.09769
2.18472
2.24254
2.3605
2.46044
4.68307
4.70545
4.72918
4.75444
4.78106
4.80942
4.83939
4.87073
4.87073
4.83939
2.30405
2.25511
2.21386
2.19109
2.15372
2.13063
2.1006
2.07192
2.04454
2.01838
1.99339
1.96951
1.94669
1.92488
1.90404
1.88412
1.86509
1.84691
1.82955
1.81297
1.79715
1.78205
1.76766
1.75394
1.74088
1.72845
1.71664
1.70542
1.70344
1.76157
1.81393
1.86402
1.90972
1.99095
2.03525
2.13247
2.21195
2.29818
2.39207
2.49461
4.68307
4.70545
4.72918
4.75444
4.78106
4.80942
4.83939
4.87073
4.87209
2.31741
2.27815
2.24075
2.20513
2.17116
2.13877
2.10787
2.07837
2.0502
2.0233
1.99761
1.97306
1.9496
1.92718
1.90575
1.88528
1.86571
1.84702
1.82916
1.8121
1.79582
1.78028
1.76546
1.75133
1.73786
1.72504
1.71285
1.70126
1.68931
1.71693
1.78112
1.8312
1.87686
1.94979
1.99956
2.08408
2.15927
2.24069
2.32911
2.42546
2.51727
4.68427
4.70656
4.73044
4.75568
4.78238
4.81064
4.84054
4.87209
4.87451
2.29209
2.25351
2.21678
2.18177
2.1484
2.11657
2.07149
2.05721
2.02952
2.00308
1.97782
1.95369
1.93062
1.90858
1.88752
1.86739
1.84816
1.82978
1.81223
1.79546
1.77946
1.76419
1.74962
1.73574
1.72251
1.70992
1.69795
1.68552
1.68923
1.74744
1.79995
1.84548
1.91149
1.95746
2.03918
2.10677
2.18753
2.26824
2.35314
2.4608
2.5668
2.68814
4.70899
4.73288
4.75808
4.78486
4.81305
4.84302
4.87451
2.30801
2.26802
2.2301
2.19399
2.15957
2.12675
2.09545
2.06558
2.02757
2.00984
1.98383
1.95898
1.93524
1.91255
1.88008
1.87015
1.85035
1.83143
1.81335
1.79608
1.7796
1.76386
1.74884
1.73452
1.72087
1.70787
1.69549
1.68372
1.67381
1.70536
1.76987
1.81554
1.8564
1.92942
1.99747
2.06524
2.13833
2.20883
2.30312
2.39639
2.49741
2.59117
4.69035
4.71272
4.73654
4.76172
4.78858
4.81696
4.84678
4.87837
2.28293
2.24515
2.20785
2.17233
2.13846
2.10617
2.07537
2.04597
2.0179
1.98329
1.9655
1.94104
1.91767
1.89534
1.874
1.8536
1.83411
1.81548
1.79769
1.7807
1.76447
1.74898
1.73421
1.72011
1.70668
1.6939
1.68172
1.66786
1.67802
1.73669
1.78699
1.82823
1.89108
1.95868
2.02321
2.0875
2.1519
2.23073
2.33699
2.43295
2.5378
2.6528
4.69517
4.71757
4.74142
4.76673
4.79351
4.82186
4.85182
4.88335
2.26198
2.22048
2.1863
2.15174
2.1184
2.08661
2.05628
2.01959
1.99503
1.97328
1.93747
1.92398
1.90096
1.87896
1.85794
1.83785
1.81865
1.80031
1.78278
1.76604
1.75006
1.73481
1.72026
1.70639
1.69317
1.68058
1.6686
1.66175
1.69661
1.75978
1.80131
1.86516
1.91969
1.98413
2.05031
2.12161
2.18061
2.28209
2.37279
2.47163
2.57975
4.68023
4.7012
4.72364
4.74753
4.77285
4.79963
4.82802
4.858
4.88972
4.89723
2.20262
2.16546
2.1322
2.09935
2.06802
2.03814
2.00961
1.98237
1.94804
1.9315
1.90034
1.88507
1.86339
1.84266
1.82286
1.80394
1.78586
1.76859
1.75209
1.73635
1.72132
1.70698
1.69331
1.68029
1.66789
1.65426
1.67127
1.72903
1.77559
1.83397
1.8889
1.94774
2.0109
2.07885
2.15212
2.23133
2.31722
2.41063
2.5087
2.62418
4.68731
4.70845
4.7309
4.75473
4.78015
4.80711
4.83546
4.86553
4.89723
4.90614
4.8743
4.84431
2.11365
2.08127
2.05038
2.0209
1.99278
1.95936
1.92901
1.90286
1.89234
1.86996
1.84858
1.82814
1.80861
1.78995
1.77212
1.75509
1.73883
1.7233
1.70848
1.69435
1.68087
1.66803
1.65405
1.65281
1.69055
1.75099
1.78795
1.8575
1.89569
1.97422
2.03908
2.1089
2.18425
2.2658
2.35429
2.45064
2.55589
4.67622
4.69593
4.71695
4.7393
4.76339
4.78888
4.8158
4.84431
4.8743
4.90614
4.91617
4.88441
4.85422
4.82565
2.0642
2.03365
2.00457
1.97681
1.95031
1.91679
1.90081
1.86896
1.85562
1.83452
1.81435
1.79508
1.77666
1.75907
1.74226
1.72621
1.71089
1.69628
1.68233
1.66904
1.65638
1.6442
1.68569
1.72425
1.76531
1.81074
1.88221
1.94004
2.00206
2.06872
2.14055
2.21814
2.30218
2.39347
2.49297
2.6018
4.68585
4.70563
4.72671
4.7493
4.77328
4.79877
4.82565
4.85422
4.88441
4.91617
4.92773
4.89582
4.86567
4.83695
4.80995
4.78445
1.98908
1.96168
1.93551
1.91051
1.88058
1.86382
1.83385
1.82118
1.80126
1.78223
1.76405
1.74668
1.73009
1.71424
1.69912
1.68469
1.67092
1.65781
1.64253
1.64676
1.69116
1.74355
1.79295
1.85269
1.90816
1.96757
2.03134
2.09994
2.17391
2.25389
2.3406
2.43489
2.53779
4.6784
4.69681
4.71658
4.73765
4.76041
4.78445
4.80995
4.83695
4.86567
4.89582
4.92773
4.94054
4.90857
4.87823
4.84961
4.82245
4.79687
4.7727
1.94525
1.92149
1.8968
1.8732
1.84404
1.82912
1.80853
1.78886
1.77006
1.75209
1.73493
1.71854
1.70288
1.68794
1.67369
1.6601
1.64698
1.63734
1.68218
1.72218
1.76827
1.82512
1.87841
1.93542
1.99652
2.06215
2.13282
2.20908
2.29162
2.38119
2.47872
2.58527
4.69057
4.70901
4.72882
4.75006
4.7727
4.79687
4.82245
4.84961
4.87823
4.90857
4.94054
4.95469
4.9226
4.89222
4.86341
4.83624
4.81046
4.7864
4.76369
1.90962
1.88382
1.86049
1.82769
1.81691
1.78998
1.77711
1.75853
1.74077
1.7238
1.7076
1.69213
1.67736
1.66327
1.64984
1.63458
1.66369
1.69517
1.73726
1.79935
1.85063
1.90541
1.96405
2.02696
2.09459
2.16746
2.24618
2.33146
2.42411
2.52511
4.68681
4.70392
4.72243
4.74232
4.76369
4.7864
4.81046
4.83624
4.86341
4.89222
4.9226
4.95469
4.97017
4.93796
4.9075
4.87866
4.85138
4.82554
4.80137
4.77857
4.75715
4.73715
1.84848
1.82642
1.80538
1.78525
1.76384
1.74762
1.73006
1.70361
1.69725
1.68195
1.66735
1.65342
1.63778
1.6334
1.68521
1.72269
1.77526
1.82467
1.87739
1.93377
1.99416
2.05899
2.12874
2.20398
2.28533
2.37355
2.44576
2.55117
4.70148
4.7186
4.73715
4.75715
4.77857
4.80137
4.82554
4.85138
4.87866
4.9075
4.93796
4.97017
4.98698
4.95475
4.92416
4.89523
4.86777
4.8419
4.81768
4.79475
4.77328
4.75335
4.7347
4.71728
1.79449
1.76645
1.75553
1.73733
1.71995
1.70334
1.68548
1.66862
1.6526
1.63738
1.62605
1.66584
1.70423
1.7386
1.8004
1.85122
1.90549
1.96356
2.02582
2.0927
2.16473
2.2425
2.30686
2.41807
2.5176
4.70143
4.71728
4.7347
4.75335
4.77328
4.79475
4.81768
4.8419
4.86777
4.89523
4.92416
4.95475
4.98698
5.00522
4.9729
4.94222
4.91316
4.88557
4.85973
4.83533
4.81234
4.79087
4.77075
4.75204
4.73471
4.71866
1.75421
1.74565
1.72763
1.71042
1.69387
1.67828
1.66329
1.64898
1.63227
1.63194
1.68807
1.7206
1.77186
1.81873
1.86871
1.935
1.99487
2.05912
2.12821
2.20268
2.28315
2.35551
2.46517
4.70399
4.71866
4.73471
4.75204
4.77075
4.79087
4.81234
4.83533
4.85973
4.88557
4.91316
4.94222
4.9729
5.00522
5.02494
4.9924
4.96167
4.93248
4.90468
4.87884
4.85427
4.83133
4.80973
4.7895
4.77078
4.75334
4.73726
4.72251
4.70902
1.71851
1.70146
1.68381
1.66952
1.65476
1.64059
1.62807
1.67003
1.70726
1.7565
1.80389
1.8544
1.90778
1.96319
2.02253
2.08621
2.15471
2.2427
2.31771
2.41658
2.51506
4.72251
4.73726
4.75334
4.77078
4.7895
4.80973
4.83133
4.85427
4.87884
4.90468
4.93248
4.96167
4.9924
5.02494
5.04619
5.01352
4.98256
4.95323
4.92557
4.89943
4.87474
4.85166
4.82996
4.8097
4.79087
4.77336
4.75715
4.74226
4.72885
4.71665
1.69393
1.67466
1.66059
1.64664
1.63094
1.63939
1.69351
1.73665
1.7825
1.83133
1.8834
1.93903
1.99858
2.06245
2.1311
2.20507
2.28364
2.36942
2.45763
4.72885
4.74226
4.75715
4.77336
4.79087
4.8097
4.82996
4.85166
4.87474
4.89943
4.92557
4.95323
4.98256
5.01352
5.04619
5.06874
5.03604
5.00494
4.97547
4.94765
4.92145
4.89664
4.87345
4.85157
4.83132
4.8123
4.79476
4.77856
4.76371
4.7501
4.73783
4.72677
4.717
1.65399
1.63928
1.62944
1.67305
1.71808
1.7625
1.80975
1.8601
1.91384
1.9713
2.03285
2.09893
2.17002
2.24669
2.32961
2.41952
2.51732
4.7501
4.76371
4.77856
4.79476
4.8123
4.83132
4.85157
4.87345
4.89664
4.92145
4.94765
4.97547
5.00494
5.03604
5.06874
5.09291
5.05997
5.02883
4.99918
4.97117
4.94488
4.91999
4.89666
4.87477
4.85427
4.8353
4.81767
4.80135
4.78643
4.77277
4.76042
4.74929
4.7395
4.73092
4.72354
1.65945
1.70061
1.74378
1.78958
1.83832
1.8903
1.94581
2.00522
2.06891
2.13735
2.21107
2.29065
2.37682
2.47037
4.76042
4.77277
4.78643
4.80135
4.81767
4.8353
4.85427
4.87477
4.89666
4.91999
4.94488
4.97117
4.99918
5.02883
5.05997
5.09291
5.11873
5.08549
5.05415
5.02444
4.99635
4.96984
4.94486
4.92145
4.89936
4.87888
4.85966
4.84199
4.82563
4.81049
4.79679
4.78443
4.77332
4.76344
4.75483
4.74753
4.7414
4.73655
1.7693
1.81796
1.86829
1.922
1.97941
2.0409
2.10689
2.17787
2.25439
2.33711
2.42679
2.52429
4.78443
4.79679
4.81049
4.82563
4.84199
4.85966
4.87888
4.89936
4.92145
4.94486
4.96984
4.99635
5.02444
5.05415
5.08549
5.11873
5.14604
5.11271
5.08118
5.05132
5.02301
4.99633
4.97128
4.94769
4.92554
4.90491
4.8857
4.86776
4.8513
4.83623
4.8224
4.80994
4.79877
4.78885
4.78022
4.77281
4.7667
4.76177
4.75808
4.75563
1.89974
1.9553
2.01474
2.07846
2.14691
2.22061
2.30017
2.38627
2.47566
4.79877
4.80994
4.8224
4.83623
4.8513
4.86776
4.8857
4.90491
4.92554
4.94769
4.97128
4.99633
5.02301
5.05132
5.08118
5.11271
5.14604
5.17485
5.14152
5.10977
5.07972
5.05124
5.02444
4.9992
4.97553
4.95323
4.93254
4.91315
4.89519
4.87863
4.86331
4.8496
4.83698
4.8258
4.81579
4.80702
4.79962
4.7935
4.78853
4.78486
4.78241
4.7812
4.7812
2.05192
2.11803
2.18912
2.26575
2.3261
2.4383
2.53271
4.8258
4.83698
4.8496
4.86331
4.87863
4.89519
4.91315
4.93254
4.95323
4.97553
4.9992
5.02444
5.05124
5.07972
5.10977
5.14152
5.17485
5.20561
5.17193
5.13997
5.10979
5.08121
5.05419
5.02873
5.00491
4.98253
4.9617
4.94217
4.92415
4.90746
4.89225
4.87826
4.86566
4.85432
4.84423
4.83555
4.82793
4.8219
4.81682
4.81314
4.81066
4.80953
4.80953
4.81066
4.81314
2.23394
2.31346
2.3998
2.49351
4.84423
4.85432
4.86566
4.87826
4.89225
4.90746
4.92415
4.94217
4.9617
4.98253
5.00491
5.02873
5.05419
5.08121
5.10979
5.13997
5.17193
5.20561
5.23786
5.204
5.17185
5.14144
5.11264
5.08553
5.06004
5.03606
5.01344
4.99248
4.97291
4.95467
4.93796
4.92262
4.90853
4.89588
4.88442
4.87431
4.86559
4.85806
4.85177
4.84681
4.84297
4.84057
4.83932
4.83932
4.84057
4.84297
4.84681
4.85177
2.45485
2.55208
4.87431
4.88442
4.89588
4.90853
4.92262
4.93796
4.95467
4.97291
4.99248
5.01344
5.03606
5.06004
5.08553
5.11264
5.14144
5.17185
5.204
5.23786
5.27193
5.23792
5.20554
5.1749
5.14603
5.11866
5.09296
5.06885
5.04621
5.02504
5.0052
4.98688
4.97014
4.95467
4.94047
4.92775
4.91615
4.90612
4.89726
4.88972
4.88341
4.87834
4.87464
4.872
4.87086
4.87086
4.872
4.87464
4.87834
4.88341
4.88972
4.89726
4.90612
4.91615
4.92775
4.94047
4.95467
4.97014
4.98688
5.0052
5.02504
5.04621
5.06885
5.09296
5.11866
5.14603
5.1749
5.20554
5.23792
5.27193
