Label: Box
Position: -2.62435, -0.322672, 0.000885037
Orientation (Quaternion): -0.199148, -0.489784, 0.321852, -0.785406
5.27193
5.23792
5.20554
5.1749
5.14603
5.11866
5.09296
5.06885
5.04621
5.02504
5.0052
4.98688
4.97014
4.95467
4.94047
4.92775
4.91615
4.90612
4.89726
4.88972
4.88341
4.87834
4.87464
4.872
4.87086
4.87086
4.872
4.87464
4.87834
4.88341
4.88972
4.89726
4.90612
4.91615
4.92775
4.94047
4.95467
4.97014
4.98688
5.0052
5.02504
5.04621
5.06885
5.09296
5.11866
5.14603
5.1749
5.20554
5.23792
5.27193
5.23786
5.204
5.17185
5.14144
5.11264
5.08553
5.06004
5.03606
5.01344
4.99248
4.97291
4.95467
4.93796
4.92262
4.90853
4.89588
4.88442
4.87431
4.86559
4.85806
4.85177
4.84681
4.84297
4.84057
4.83932
4.83932
4.84057
4.84297
4.84681
4.85177
4.85806
4.86559
4.87431
4.88442
4.89588
4.90853
4.92262
4.93796
4.95467
4.97291
4.99248
5.01344
5.03606
5.06004
5.08553
5.11264
5.14144
5.17185
5.204
5.23786
5.20561
5.17193
5.13997
5.10979
5.08121
5.05419
5.02873
5.00491
4.98253
4.9617
4.94217
4.92415
4.90746
4.89225
4.87826
4.86566
4.85432
4.84423
4.83555
4.82793
4.8219
4.81682
4.81314
4.81066
4.80953
4.80953
4.81066
4.81314
4.81682
4.8219
4.82793
4.83555
4.84423
4.85432
4.86566
4.87826
4.89225
4.90746
4.92415
4.94217
4.9617
4.98253
5.00491
5.02873
5.05419
5.08121
5.10979
5.13997
5.17193
5.20561
5.17485
5.14152
5.10977
5.07972
5.05124
5.02444
4.9992
4.97553
4.95323
4.93254
4.91315
4.89519
4.87863
4.86331
4.8496
4.83698
4.8258
4.81579
4.80702
4.79962
4.7935
4.78853
4.78486
4.78241
4.7812
4.7812
4.78241
4.78486
4.78853
4.7935
4.79962
4.80702
4.81579
4.8258
4.83698
4.8496
4.86331
4.87863
4.89519
4.91315
4.93254
4.95323
4.97553
4.9992
5.02444
5.05124
5.07972
5.10977
5.14152
5.17485
5.14604
5.11271
5.08118
5.05132
5.02301
4.99633
4.97128
4.94769
4.92554
4.90491
4.8857
4.86776
4.8513
4.83623
4.8224
4.80994
4.79877
4.78885
4.78022
4.77281
4.7667
4.76177
4.75808
4.75563
4.75445
4.75445
4.75563
4.75808
4.76177
4.7667
4.77281
4.78022
4.78885
4.79877
4.80994
4.8224
4.83623
4.8513
4.86776
4.8857
4.90491
4.92554
4.94769
4.97128
4.99633
5.02301
5.05132
5.08118
5.11271
5.14604
5.11873
5.08549
5.05415
5.02444
4.99635
4.96984
4.94486
4.92145
4.89936
4.87888
4.85966
4.84199
4.82563
4.81049
4.79679
4.78443
4.77332
4.76344
4.75483
4.74753
4.7414
4.73655
4.73283
4.73028
4.72921
4.72921
4.73028
4.73283
4.73655
4.7414
4.74753
4.75483
4.76344
4.77332
4.78443
4.79679
4.81049
4.82563
4.84199
4.85966
4.87888
4.89936
4.92145
4.94486
4.96984
4.99635
5.02444
5.05415
5.08549
5.11873
5.09291
5.05997
5.02883
4.99918
4.97117
4.94488
4.91999
4.89666
4.87477
4.85427
4.8353
4.81767
4.80135
4.78643
4.77277
4.76042
4.74929
4.7395
4.73092
4.72354
4.71757
4.71274
4.70906
4.70665
4.7055
4.7055
4.70665
4.70906
4.71274
4.71757
4.72354
4.73092
4.7395
4.74929
4.76042
4.77277
4.78643
4.80135
4.81767
4.8353
4.85427
4.87477
4.89666
4.91999
4.94488
4.97117
4.99918
5.02883
5.05997
5.09291
5.06874
5.03604
5.00494
4.97547
4.94765
4.92145
4.89664
4.87345
4.85157
4.83132
4.8123
4.79476
4.77856
4.76371
4.7501
4.73783
4.72677
4.717
4.70854
4.70107
4.69521
4.69036
4.68664
4.68433
4.68308
4.68308
4.68433
4.68664
4.69036
4.69521
4.70107
4.70854
4.717
4.72677
4.73783
4.7501
4.76371
4.77856
4.79476
4.8123
4.83132
4.85157
4.87345
4.89664
4.92145
4.94765
4.97547
5.00494
5.03604
5.06874
5.04619
5.01352
4.98256
4.95323
4.92557
4.89943
4.87474
4.85166
4.82996
4.8097
4.79087
4.77336
4.75715
4.74226
4.72885
4.71665
4.70553
4.69587
4.68742
4.68019
4.67415
4.66937
4.66578
4.66335
4.66211
4.66211
4.66335
4.66578
4.66937
4.67415
4.68019
4.68742
4.69587
4.70553
4.71665
4.72885
4.74226
4.75715
4.77336
4.79087
4.8097
4.82996
4.85166
4.87474
4.89943
4.92557
4.95323
4.98256
5.01352
5.04619
5.02494
4.9924
4.96167
4.93248
4.90468
4.87884
4.85427
4.83133
4.80973
4.7895
4.77078
4.75334
4.73726
4.72251
4.70902
4.69682
4.68589
4.67623
4.66783
4.66062
4.65463
4.64971
4.64622
4.64383
4.64267
4.64267
4.64383
4.64622
4.64971
4.65463
4.66062
4.66783
4.67623
4.68589
4.69682
4.70902
4.72251
4.73726
4.75334
4.77078
4.7895
4.80973
4.83133
4.85427
4.87884
4.90468
4.93248
4.96167
4.9924
5.02494
5.00522
4.9729
4.94222
4.91316
4.88557
4.85973
4.83533
4.81234
4.79087
4.77075
4.75204
4.73471
4.71866
4.70399
4.69059
4.67841
4.66748
4.65784
4.64953
4.64231
4.63636
4.6316
4.62799
4.62561
4.62433
4.62433
4.62561
4.62799
4.6316
4.63636
4.64231
4.64953
4.65784
4.66748
4.67841
4.69059
4.70399
4.71866
4.73471
4.75204
4.77075
4.79087
4.81234
4.83533
4.85973
4.88557
4.91316
4.94222
4.9729
5.00522
4.98698
4.95475
4.92416
4.89523
4.86777
4.8419
4.81768
4.79475
4.77328
4.75335
4.7347
4.71728
4.70143
4.68682
4.67339
4.66129
4.65052
4.64086
4.6324
4.62524
4.61944
4.61467
4.61109
4.60872
4.60747
4.60747
4.60872
4.61109
4.61467
4.61944
4.62524
4.6324
4.64086
4.65052
4.66129
4.67339
4.68682
4.70143
4.71728
4.7347
4.75335
4.77328
4.79475
4.81768
4.8419
4.86777
4.89523
4.92416
4.95475
4.98698
4.97017
4.93796
4.9075
4.87866
4.85138
4.82554
4.80137
4.77857
4.75715
4.73715
4.7186
4.70148
4.68555
4.67088
4.65764
4.64554
4.63475
4.62513
4.61676
4.60959
4.60381
4.59904
4.59535
4.59312
4.59194
4.59194
4.59312
4.59535
4.59904
4.60381
4.60959
4.61676
4.62513
4.63475
4.64554
4.65764
4.67088
4.68555
4.70148
4.7186
4.73715
4.75715
4.77857
4.80137
4.82554
4.85138
4.87866
4.9075
4.93796
4.97017
4.95469
4.9226
4.89222
4.86341
4.83624
4.81046
4.7864
4.76369
4.74232
4.72243
4.70392
4.68681
4.67094
4.65636
4.64313
4.63105
4.62028
4.61072
4.60242
4.59523
4.5894
4.58464
4.58117
4.57871
4.57768
4.57768
4.57871
4.58117
4.58464
4.5894
4.59523
4.60242
4.61072
4.62028
4.63105
4.64313
4.65636
4.67094
4.68681
4.70392
4.72243
4.74232
4.76369
4.7864
4.81046
4.83624
4.86341
4.89222
4.9226
4.95469
4.94054
4.90857
4.87823
4.84961
4.82245
4.79687
4.7727
4.75006
4.72882
4.70901
4.69057
4.6734
4.65762
4.64301
4.62973
4.61783
4.60712
4.5976
4.58933
4.58218
4.57625
4.5715
4.56805
4.56577
4.56457
4.56457
4.56577
4.56805
4.5715
4.57625
4.58218
4.58933
4.5976
4.60712
4.61783
4.62973
4.64301
4.65762
4.6734
4.69057
4.70901
4.72882
4.75006
4.7727
4.79687
4.82245
4.84961
4.87823
4.90857
4.94054
4.92773
4.89582
4.86567
4.83695
4.80995
4.78445
4.76041
4.73765
4.71658
4.69681
4.6784
4.66126
4.64556
2.47489
2.47286
2.48835
2.5033
2.52369
2.53058
2.56213
2.58337
4.55976
4.55622
4.55391
4.55281
4.55281
4.55391
4.55622
4.55976
4.5645
4.57035
4.57738
4.58574
4.59518
4.60594
4.61789
4.6311
4.64556
4.66126
4.6784
4.69681
4.71658
4.73765
4.76041
4.78445
4.80995
4.83695
4.86567
4.89582
4.92773
4.91617
4.88441
4.85422
4.82565
4.79877
4.77328
4.7493
4.72671
4.70563
4.68585
4.66748
4.65041
4.63475
2.48683
2.41552
2.43348
2.4469
2.46355
2.47561
2.50297
2.5226
2.5357
2.55462
2.58748
2.6112
2.63604
2.66208
2.67519
2.70488
2.74763
2.77066
2.80856
2.84572
2.88149
4.59521
4.60713
4.62035
4.63475
4.65041
4.66748
4.68585
4.70563
4.72671
4.7493
4.77328
4.79877
4.82565
4.85422
4.88441
4.91617
4.90614
4.8743
4.84431
4.8158
4.78888
4.76339
4.7393
4.71695
4.69593
4.67622
4.65791
4.64093
4.62521
2.46986
2.36317
2.38102
2.39216
2.4122
2.42379
2.44706
2.46576
2.47826
2.49485
2.52757
2.55019
2.57388
2.59871
2.62469
2.65188
2.68034
2.70617
2.73896
2.77391
2.80606
2.84375
4.59766
4.61077
4.62521
4.64093
4.65791
4.67622
4.69593
4.71695
4.7393
4.76339
4.78888
4.8158
4.84431
4.8743
4.90614
4.89723
4.86553
4.83546
4.80711
4.78015
4.75473
4.7309
4.70845
4.68731
4.66778
4.64942
4.63248
4.61687
2.47318
2.32145
2.33094
2.3458
2.35528
2.37027
2.38748
2.412
2.43071
2.45037
2.47097
2.49257
2.51522
2.53893
2.56375
2.58974
2.61694
2.63842
2.67519
2.70636
2.73868
2.7667
2.80883
4.60246
4.61687
4.63248
4.64942
4.66778
4.68731
4.70845
4.7309
4.75473
4.78015
4.80711
4.83546
4.86553
4.89723
4.88972
4.858
4.82802
4.79963
4.77285
4.74753
4.72364
4.7012
4.68023
4.66058
4.64217
4.6253
2.61834
2.46664
2.33215
2.27909
2.29794
2.31253
2.32011
2.34139
2.3611
2.37897
2.39126
2.41332
2.43813
2.45978
2.48247
2.50622
2.5311
2.55714
2.56706
2.61146
2.64273
2.67396
2.70663
2.7408
2.77507
4.60972
4.6253
4.64217
4.66058
4.68023
4.7012
4.72364
4.74753
4.77285
4.79963
4.82802
4.858
4.88972
4.88335
4.85182
4.82186
4.79351
4.76673
4.74142
4.71757
4.69517
4.67415
4.65454
4.63631
4.61944
2.60116
2.46116
2.32725
2.23376
2.25252
2.26645
2.26635
2.29659
2.31286
2.32998
2.34795
2.3668
2.3866
2.40734
2.42909
2.45185
2.47569
2.50065
2.51734
2.55412
2.58272
2.61266
2.62896
2.67676
2.6971
2.75215
4.61944
4.63631
4.65454
4.67415
4.69517
4.71757
4.74142
4.76673
4.79351
4.82186
4.85182
4.88335
4.87837
4.84678
4.81696
4.78858
4.76172
4.73654
4.71272
4.69035
4.66938
4.64976
4.63146
4.61461
2.60715
2.44965
2.32327
2.19819
2.2094
2.2227
2.22865
2.25154
2.26711
2.2835
2.30073
2.31882
2.33779
2.35769
2.37855
2.4004
2.4233
2.44724
2.47234
2.49859
2.52607
2.55481
2.58489
2.61637
2.6493
2.67808
4.61461
4.63146
4.64976
4.66938
4.69035
4.71272
4.73654
4.76172
4.78858
4.81696
4.84678
4.87837
4.87451
4.84302
4.81305
4.78486
4.75808
4.73288
4.70899
4.68675
4.66579
4.64624
4.62791
4.61109
2.59231
2.45331
2.3146
2.19731
2.1633
2.18112
2.18415
2.20874
2.22368
2.23939
2.25592
2.26095
2.29151
2.31062
2.33068
2.35167
2.37235
2.39671
2.42083
2.44608
2.47249
2.50014
2.52906
2.55934
2.59101
2.62416
2.65887
4.62791
4.64624
4.66579
4.68675
4.70899
4.73288
4.75808
4.78486
4.81305
4.84302
4.87451
4.87209
4.84054
4.81064
4.78238
4.75568
4.73044
4.70656
4.68427
4.66335
4.64374
4.62561
2.77057
2.58554
2.45093
2.31513
2.19584
2.12314
2.14157
2.14736
2.16806
2.1824
2.1975
2.21339
2.22314
2.24758
2.26598
2.28526
2.30548
2.32666
2.34884
2.37205
2.39637
2.42181
2.44123
2.47628
2.50543
2.53593
2.55718
2.60126
4.62561
4.64374
4.66335
4.68427
4.70656
4.73044
4.75568
4.78238
4.81064
4.84054
4.87209
4.87073
4.83939
4.80942
4.78106
4.75444
4.72918
4.70545
4.68307
4.66219
4.64247
4.62437
2.76887
2.5991
2.43934
2.31684
2.19526
2.09218
2.09895
2.10998
2.1165
2.12961
2.15767
2.17292
2.18901
2.20588
2.2236
2.23141
2.26164
2.28205
2.30344
2.32582
2.34926
2.37379
2.38657
2.42632
2.44418
2.48383
2.51461
2.54682
2.58054
4.64247
4.66219
4.68307
4.70545
4.72918
4.75444
4.78106
4.80942
4.83939
4.87073
4.87073
4.83939
4.80942
4.78106
4.75444
4.72918
4.70545
4.68307
4.66219
4.64247
4.62437
2.76842
2.59872
2.44921
2.31653
2.19802
2.06392
2.05752
2.07399
2.0925
2.10581
2.11978
2.12052
2.13454
2.16623
2.18331
2.20123
2.22001
2.2397
2.26035
2.28195
2.30457
2.32129
2.35305
2.37898
2.40612
2.43451
2.46423
2.49532
2.52787
2.56195
4.66219
4.68307
4.70545
4.72918
4.75444
4.78106
4.80942
4.83939
4.87073
4.87209
4.84054
4.81064
4.78238
4.75568
4.73044
4.70656
4.68427
4.66335
4.64374
4.62561
2.76926
2.59946
2.44987
2.29752
2.19856
2.09203
2.02776
2.04263
2.05597
2.07024
2.08371
2.08643
2.10417
2.11451
2.12972
2.14732
2.18046
2.19949
2.21942
2.24031
2.26217
2.28506
2.30902
2.33409
2.36032
2.38777
2.41649
2.44655
2.47801
2.51094
4.66335
4.68427
4.70656
4.73044
4.75568
4.78238
4.81064
4.84054
4.87209
4.87451
4.84302
4.81305
4.78486
4.75808
4.73288
4.70899
4.68675
4.66579
4.64624
2.98297
2.77139
2.60134
2.45064
2.31863
2.19989
2.09328
2.00058
2.00153
2.02127
2.03636
2.04935
2.06305
2.06712
2.08118
2.0977
2.11188
2.14283
2.16124
2.18053
2.20073
2.22189
2.24403
2.26722
2.29148
2.31687
2.34344
2.37124
2.40033
2.43078
2.46265
2.49601
4.68675
4.70899
4.73288
4.75808
4.78486
4.81305
4.84302
4.87451
4.87837
4.84678
4.81696
4.78858
4.76172
4.73654
4.71272
4.69035
4.66938
4.64976
2.96995
2.77482
2.60437
2.45424
2.32105
2.2021
2.09526
1.97368
1.97228
1.98834
2.00405
2.01025
2.02254
2.03554
2.05227
2.06428
2.07811
2.10704
2.12485
2.14353
2.16309
2.18359
2.20505
2.22751
2.25102
2.27562
2.30136
2.3283
2.35649
2.38598
2.41686
2.44916
2.47661
4.71272
4.73654
4.76172
4.78858
4.81696
4.84678
4.87837
4.88335
4.85182
4.82186
4.79351
4.76673
4.74142
4.71757
4.69517
4.67415
4.65454
2.97535
2.77955
2.60856
2.45797
2.32439
2.20512
2.09799
2.0013
1.94295
1.95714
1.97324
1.98538
1.99818
2.00527
2.0194
2.0324
2.04589
2.05988
2.09021
2.10831
2.12729
2.14715
2.16797
2.18976
2.20874
2.23642
2.26139
2.28752
2.31486
2.34028
2.36157
2.40476
2.43673
4.71757
4.74142
4.76673
4.79351
4.82186
4.85182
4.88335
4.88972
4.858
4.82802
4.79963
4.77285
4.74753
4.72364
4.7012
4.68023
4.66058
2.98223
2.78559
2.61389
2.46273
2.32866
2.20897
2.0944
2.00447
1.91972
1.92768
1.94383
1.95207
1.96381
1.97675
1.98926
2.00197
2.02449
2.02882
2.04299
2.07478
2.09319
2.11248
2.12829
2.14828
2.17598
2.19915
2.22218
2.23743
2.27311
2.3031
2.33218
2.35355
2.38946
2.42768
4.74753
4.77285
4.79963
4.82802
4.858
4.88972
4.89723
4.86553
4.83546
4.80711
4.78015
4.75473
4.7309
4.70845
4.68731
4.66778
2.99068
2.79297
2.62037
2.46852
2.33385
2.20575
2.10575
2.00836
1.89961
1.89814
1.91387
1.92472
1.93622
1.9485
1.96518
1.97923
1.9858
1.99917
2.01304
2.04283
2.05632
2.07946
2.0959
2.1196
2.132
2.1637
2.18376
2.21193
2.23773
2.2498
2.29301
2.31232
2.34654
2.383
4.75473
4.78015
4.80711
4.83546
4.86553
4.89723
4.90614
4.8743
4.84431
4.8158
4.78888
4.76339
4.7393
4.71695
4.69593
4.67622
3.00065
2.8017
2.62812
2.47539
2.34
2.21919
2.11078
2.01292
1.92425
1.87374
1.88781
1.89999
1.90993
1.92395
1.93297
1.94514
1.9649
1.97086
1.99302
2.00988
2.02447
2.04038
2.05281
2.0871
2.10804
2.12995
2.15288
2.17688
2.18641
2.22827
2.25577
2.28454
2.31467
2.34621
2.37923
4.78888
4.8158
4.84431
4.8743
4.90614
4.91617
4.88441
4.85422
4.82565
4.79877
4.77328
4.7493
4.72671
4.70563
4.68585
3.0122
2.8118
2.63704
2.48333
2.34712
2.22562
2.11658
2.01824
1.92908
1.85202
1.86275
1.87406
1.88538
1.89733
1.90992
1.9186
1.92851
1.94326
1.96165
1.97148
2.00026
2.01801
2.02588
2.05607
2.07648
2.09782
2.12015
2.14352
2.16798
2.19357
2.22034
2.24837
2.27761
2.3084
2.32656
4.79877
4.82565
4.85422
4.88441
4.91617
4.92773
4.89582
4.86567
4.83695
4.80995
4.78445
4.76041
4.73765
4.71658
4.69681
3.02536
2.8233
2.64718
2.49235
2.3552
2.2329
2.1232
2.02062
1.93459
1.83608
1.83865
1.84887
1.86028
1.87022
1.88124
1.89186
1.90882
1.91366
1.93697
1.94742
1.96265
1.98257
1.9964
2.0166
2.03795
2.06048
2.08419
2.10913
2.13533
2.16285
2.19174
2.22207
2.2539
2.31558
2.35738
4.80995
4.83695
4.86567
4.89582
4.92773
4.94054
4.90857
4.87823
4.84961
4.82245
4.79687
4.7727
4.75006
4.72882
4.70901
3.04015
2.83623
2.65859
2.50249
2.36428
2.24108
2.13061
2.03101
1.94079
1.85094
1.81545
1.8246
1.83161
1.84384
1.85655
1.87052
1.88553
1.90146
1.91829
1.936
1.95462
1.98512
2.01965
2.04572
2.073
2.10156
2.13148
2.16283
2.19568
2.23013
2.26628
2.29929
2.3386
2.38589
2.43032
4.82245
4.84961
4.87823
4.90857
4.94054
4.95469
4.9226
4.89222
4.86341
4.83624
4.81046
4.7864
4.76369
4.74232
4.72243
4.70392
2.85063
2.67128
2.51377
2.37437
2.25017
2.13884
2.03851
1.94764
1.85456
1.82797
1.83824
1.84324
1.87777
1.89523
1.91394
1.9334
1.95361
1.97766
1.9923
2.02442
2.04943
2.0663
2.10304
2.13174
2.16179
2.19328
2.22628
2.26088
2.29717
2.33525
2.37524
2.40897
2.46142
4.81046
4.83624
4.86341
4.89222
4.9226
4.95469
4.97017
4.93796
4.9075
4.87866
4.85138
4.82554
4.80137
4.77857
4.75715
4.73715
4.7186
2.86653
2.68528
2.5262
2.38549
2.26018
2.14791
2.02197
1.95515
1.86348
1.87437
1.89105
1.9082
1.91809
1.93263
1.96616
1.98692
2.00914
2.03216
2.05623
2.08143
2.10779
2.12234
2.16428
2.19454
2.21292
2.25945
2.29426
2.33078
2.3691
2.40932
2.45146
2.496
4.80137
4.82554
4.85138
4.87866
4.9075
4.93796
4.97017
4.98698
4.95475
4.92416
4.89523
4.86777
4.8419
4.81768
4.79475
4.77328
4.75335
4.7347
2.88398
2.70064
2.53983
2.39768
2.27113
2.15783
2.05578
1.96344
1.89981
1.9237
1.94135
1.95966
1.97844
1.99788
2.00902
2.03498
2.05732
2.07607
2.11573
2.14233
2.15341
2.18302
2.22985
2.26182
2.28093
2.33041
2.36725
2.40588
2.4388
2.48903
2.53309
4.79475
4.81768
4.8419
4.86777
4.89523
4.92416
4.95475
4.98698
5.00522
4.9729
4.94222
4.91316
4.88557
4.85973
4.83533
4.81234
4.79087
4.77075
4.75204
2.90303
2.71739
2.55468
2.41094
2.28308
2.16863
2.06561
1.9527
1.94392
1.97618
1.99486
2.01443
2.03448
2.05511
2.07646
2.09558
2.1126
2.14941
2.17938
2.20753
2.21473
2.26786
2.28105
2.33404
2.36953
2.39297
2.44578
2.48676
2.52859
2.57501
4.79087
4.81234
4.83533
4.85973
4.88557
4.91316
4.94222
4.9729
5.00522
5.02494
4.9924
4.96167
4.93248
4.90468
4.87884
4.85427
4.83133
4.80973
4.7895
4.77078
4.75334
2.73558
2.57081
2.42535
2.29602
2.18033
2.07623
1.99112
1.99289
2.03123
2.05194
2.07269
2.09439
2.11632
2.13903
2.1658
2.18264
2.20667
2.23111
2.27746
2.29026
2.34147
2.35268
2.41174
2.44943
2.475
2.53048
2.57406
2.61985
4.7895
4.80973
4.83133
4.85427
4.87884
4.90468
4.93248
4.96167
4.9924
5.02494
5.04619
5.01352
4.98256
4.95323
4.92557
4.89943
4.87474
4.85166
4.82996
4.8097
4.79087
2.94613
2.75525
2.58823
2.4409
2.30999
2.19295
2.08769
2.03636
2.0717
2.08851
2.11291
2.13497
2.15805
2.18193
2.20614
2.23122
2.26161
2.2783
2.3047
2.33206
2.36753
2.42073
2.44798
2.49553
2.53567
2.57782
2.62207
2.66856
4.79087
4.8097
4.82996
4.85166
4.87474
4.89943
4.92557
4.95323
4.98256
5.01352
5.04619
5.06874
5.03604
5.00494
4.97547
4.94765
4.92145
4.89664
4.87345
4.85157
4.83132
4.8123
4.79476
2.77647
2.60701
2.45763
2.32501
2.20649
2.09608
2.11376
2.13423
2.14969
2.17817
2.20167
2.22627
2.252
2.27824
2.30505
2.33284
2.36168
2.38383
2.41294
2.46911
2.50627
2.52124
2.58613
2.62672
2.67406
2.72135
4.79476
4.8123
4.83132
4.85157
4.87345
4.89664
4.92145
4.94765
4.97547
5.00494
5.03604
5.06874
5.09291
5.05997
5.02883
4.99918
4.97117
4.94488
4.91999
4.89666
4.87477
4.85427
4.8353
4.81767
2.79929
2.62718
2.4756
2.34113
2.22105
2.14498
2.17934
2.20125
2.21511
2.24816
2.27327
2.29953
2.32702
2.35578
2.38462
2.41442
2.44534
2.48495
2.50074
2.53302
2.59885
2.64057
2.68436
2.73033
2.77863
2.82103
4.81767
4.8353
4.85427
4.87477
4.89666
4.91999
4.94488
4.97117
4.99918
5.02883
5.05997
5.09291
5.11873
5.08549
5.05415
5.02444
4.99635
4.96984
4.94486
4.92145
4.89936
4.87888
4.85966
4.84199
4.82563
2.64879
2.49483
2.35836
2.21614
2.22721
2.24969
2.27315
2.28521
2.32339
2.35028
2.37841
2.40784
2.43865
2.47058
2.50262
2.53589
2.57045
2.60636
2.63089
2.69932
2.74414
2.79119
2.84063
2.89261
4.82563
4.84199
4.85966
4.87888
4.89936
4.92145
4.94486
4.96984
4.99635
5.02444
5.05415
5.08549
5.11873
5.14604
5.11271
5.08118
5.05132
5.02301
4.99633
4.97128
4.94769
4.92554
4.90491
4.8857
4.86776
4.8513
2.66053
2.51541
2.37679
2.27039
2.30121
2.32529
2.35049
2.36046
2.40445
2.43332
2.46353
2.49515
2.52825
2.5629
2.59825
2.63415
2.67146
2.71027
2.75066
2.8087
2.857
2.90777
2.96114
4.83623
4.8513
4.86776
4.8857
4.90491
4.92554
4.94769
4.97128
4.99633
5.02301
5.05132
5.08118
5.11271
5.14604
5.17485
5.14152
5.10977
5.07972
5.05124
5.02444
4.9992
4.97553
4.95323
4.93254
4.91315
4.89519
4.87863
2.69662
2.53735
2.39636
2.35603
2.38081
2.40675
2.43388
2.44141
2.49199
2.52309
2.55563
2.5897
2.62538
2.66274
2.70189
2.7411
2.78153
2.82362
2.86745
2.92813
2.98047
3.0349
4.8496
4.86331
4.87863
4.89519
4.91315
4.93254
4.95323
4.97553
4.9992
5.02444
5.05124
5.07972
5.10977
5.14152
5.17485
5.20561
5.17193
5.13997
5.10979
5.08121
5.05419
5.02873
5.00491
4.98253
4.9617
4.94217
4.92415
4.90746
2.72296
2.56071
2.41532
2.43993
2.46672
2.49472
2.52404
2.52871
2.58682
2.62042
2.65559
2.69242
2.73101
2.77143
2.81381
2.85791
2.90189
2.9477
4.83555
4.84423
4.85432
4.86566
4.87826
4.89225
4.90746
4.92415
4.94217
4.9617
4.98253
5.00491
5.02873
5.05419
5.08121
5.10979
5.13997
5.17193
5.20561
5.23786
5.204
5.17185
5.14144
5.11264
5.08553
5.06004
5.03606
5.01344
4.99248
4.97291
4.95467
4.93796
2.75103
2.58556
2.48333
2.53064
2.55965
2.59
2.62178
2.65502
2.68982
2.72626
2.76441
2.80601
2.84626
4.84057
4.84297
4.84681
4.85177
4.85806
4.86559
4.87431
4.88442
4.89588
4.90853
4.92262
4.93796
4.95467
4.97291
4.99248
5.01344
5.03606
5.06004
5.08553
5.11264
5.14144
5.17185
5.204
5.23786
5.27193
5.23792
5.20554
5.1749
5.14603
5.11866
5.09296
5.06885
5.04621
5.02504
5.0052
4.98688
4.97014
4.95467
2.58383
2.59884
2.62898
2.65137
2.69351
2.72806
4.88341
4.87834
4.87464
4.872
4.87086
4.87086
4.872
4.87464
4.87834
4.88341
4.88972
4.89726
4.90612
4.91615
4.92775
4.94047
4.95467
4.97014
4.98688
5.0052
5.02504
5.04621
5.06885
5.09296
5.11866
5.14603
5.1749
5.20554
5.23792
5.27193
