Label: Box
Position: -3.0712, 0.339152, -0.620533
Orientation (Quaternion): -0.00584796, -0.832475, 0.215646, 0.510341
5.27193
5.23792
5.20554
5.1749
5.14603
5.11866
5.09296
5.06885
5.04621
5.02504
5.0052
4.98688
4.97014
4.95467
4.94047
4.92775
4.91615
4.90612
4.89726
4.88972
4.88341
4.87834
4.87464
4.872
4.87086
4.87086
4.872
4.87464
4.87834
4.88341
4.88972
4.89726
4.90612
4.91615
4.92775
4.94047
4.95467
4.97014
4.98688
5.0052
5.02504
5.04621
5.06885
5.09296
5.11866
5.14603
5.1749
5.20554
5.23792
5.27193
5.23786
5.204
5.17185
5.14144
5.11264
5.08553
5.06004
5.03606
5.01344
4.99248
4.97291
4.95467
4.93796
4.92262
4.90853
4.89588
4.88442
4.87431
4.86559
4.85806
4.85177
4.84681
4.84297
4.84057
4.83932
4.83932
4.84057
4.84297
4.84681
4.85177
4.85806
4.86559
4.87431
4.88442
4.89588
4.90853
4.92262
4.93796
4.95467
4.97291
4.99248
5.01344
5.03606
5.06004
5.08553
5.11264
5.14144
5.17185
5.204
5.23786
5.20561
5.17193
5.13997
5.10979
5.08121
5.05419
5.02873
5.00491
4.98253
4.9617
4.94217
4.92415
4.90746
4.89225
4.87826
4.86566
4.85432
4.84423
4.83555
4.82793
4.8219
4.81682
4.81314
4.81066
4.80953
4.80953
4.81066
4.81314
4.81682
4.8219
4.82793
4.83555
4.84423
4.85432
4.86566
4.87826
4.89225
4.90746
4.92415
4.94217
4.9617
4.98253
5.00491
5.02873
5.05419
5.08121
5.10979
5.13997
5.17193
5.20561
5.17485
5.14152
5.10977
5.07972
5.05124
5.02444
4.9992
4.97553
4.95323
4.93254
4.91315
4.89519
4.87863
4.86331
4.8496
4.83698
4.8258
4.81579
4.80702
4.79962
4.7935
4.78853
4.78486
4.78241
4.7812
4.7812
4.78241
4.78486
4.78853
4.7935
4.79962
4.80702
4.81579
4.8258
4.83698
4.8496
4.86331
4.87863
4.89519
4.91315
4.93254
4.95323
4.97553
4.9992
5.02444
5.05124
5.07972
5.10977
5.14152
5.17485
5.14604
5.11271
5.08118
5.05132
5.02301
4.99633
4.97128
4.94769
4.92554
4.90491
4.8857
4.86776
4.8513
4.83623
4.8224
4.80994
4.79877
4.78885
4.78022
4.77281
4.7667
4.76177
4.75808
4.75563
4.75445
4.75445
4.75563
4.75808
4.76177
4.7667
4.77281
4.78022
4.78885
4.79877
4.80994
4.8224
4.83623
4.8513
4.86776
4.8857
4.90491
4.92554
4.94769
4.97128
4.99633
5.02301
5.05132
5.08118
5.11271
5.14604
5.11873
5.08549
5.05415
5.02444
4.99635
4.96984
4.94486
4.92145
4.89936
4.87888
4.85966
4.84199
4.82563
4.81049
4.79679
4.78443
4.77332
4.76344
4.75483
4.74753
3.38071
3.04841
2.78045
4.73028
4.72921
4.72921
4.73028
4.73283
4.73655
4.7414
4.74753
4.75483
4.76344
4.77332
4.78443
4.79679
4.81049
4.82563
4.84199
4.85966
4.87888
4.89936
4.92145
4.94486
4.96984
4.99635
5.02444
5.05415
5.08549
5.11873
5.09291
5.05997
5.02883
4.99918
4.97117
4.94488
4.91999
4.89666
4.87477
4.85427
4.8353
4.81767
4.80135
4.78643
4.77277
3.62998
3.29043
3.0096
2.69792
2.71608
2.73559
2.7561
2.77764
2.80024
4.7055
4.7055
4.70665
4.70906
4.71274
4.71757
4.72354
4.73092
4.7395
4.74929
4.76042
4.77277
4.78643
4.80135
4.81767
4.8353
4.85427
4.87477
4.89666
4.91999
4.94488
4.97117
4.99918
5.02883
5.05997
5.09291
5.06874
5.03604
5.00494
4.97547
4.94765
4.92145
4.89664
4.87345
4.85157
4.83132
4.8123
4.79476
3.27688
3.00869
2.63175
2.64556
2.66136
2.67804
2.69562
2.71414
2.73363
2.75411
2.77561
2.79818
4.68308
4.68308
4.68433
4.68664
4.69036
4.69521
4.70107
4.70854
4.717
4.72677
4.73783
4.7501
4.76371
4.77856
4.79476
4.8123
4.83132
4.85157
4.87345
4.89664
4.92145
4.94765
4.97547
5.00494
5.03604
5.06874
5.04619
5.01352
4.98256
4.95323
4.92557
4.89943
4.87474
4.85166
3.33799
3.02919
2.79465
2.5896
2.60209
2.61536
2.62945
2.64437
2.66015
2.67681
2.69438
2.71288
2.73234
2.7528
2.77428
2.79683
4.66211
4.66211
4.66335
4.66578
4.66937
4.67415
4.68019
4.68742
4.69587
4.70553
4.71665
4.72885
4.74226
4.75715
4.77336
4.79087
4.8097
4.82996
4.85166
4.87474
4.89943
4.92557
4.95323
4.98256
5.01352
5.04619
5.02494
4.9924
4.96167
4.93248
3.44673
3.13044
2.8369
2.54778
2.55628
2.5634
2.57142
2.58908
2.60155
2.61481
2.62889
2.64381
2.65958
2.67623
2.69379
2.71228
2.73173
2.75218
2.77366
2.79619
2.82052
4.64267
4.64383
4.64622
4.64971
4.65463
4.66062
4.66783
4.67623
4.68589
4.69682
4.70902
4.72251
4.73726
4.75334
4.77078
4.7895
4.80973
4.83133
4.85427
4.87884
4.90468
4.93248
4.96167
4.9924
5.02494
3.72914
3.29534
2.98619
2.52892
2.52279
2.52339
2.53815
2.54689
2.55598
2.56652
2.57745
2.58914
2.60161
2.61487
2.62895
2.64387
2.65964
2.67629
2.69385
2.71235
2.7318
2.75225
2.77372
2.79626
2.8199
2.84467
4.62561
4.62799
4.6316
4.63636
4.64231
4.64953
4.65784
4.66748
4.67841
4.69059
4.70399
4.71866
4.73471
4.75204
4.77075
4.79087
4.81234
4.83533
4.85973
4.88557
4.91316
4.94222
4.9729
5.00522
2.91641
2.50568
2.51035
2.51495
2.5234
2.53074
2.53877
2.54751
2.55697
2.56116
2.57203
2.58662
2.60227
2.61554
2.62963
2.64456
2.66034
2.677
2.69457
2.71308
2.73254
2.753
2.77449
2.79704
2.82069
4.60747
4.60872
4.61109
4.61467
4.61944
4.62524
4.6324
4.64086
4.65052
4.66129
4.67339
4.68682
4.70143
4.71728
4.7347
4.75335
4.77328
4.79475
4.81768
4.8419
4.86777
4.89523
4.92416
4.95475
4.98698
3.06934
2.63368
2.51094
2.51591
2.52455
2.52408
2.53994
2.54869
2.55575
2.56837
2.57309
2.58798
2.60354
2.61682
2.63093
2.64587
2.66168
2.67836
2.69595
2.71447
2.73396
2.75444
2.77596
2.79853
2.8222
2.84702
4.59312
4.59535
4.59904
4.60381
4.60959
4.61676
4.62513
4.63475
4.64554
4.65764
4.67088
4.68555
4.70148
4.7186
4.73715
4.75715
4.77857
4.80137
4.82554
4.85138
4.87866
4.9075
4.93796
4.97017
3.21563
2.70176
2.51133
2.51584
2.52625
2.52549
2.54168
2.55045
2.55994
2.56522
2.57464
2.58983
2.6054
2.61872
2.63285
2.64782
2.66365
2.68036
2.69798
2.71654
2.73606
2.75657
2.77812
2.80073
2.82445
2.8493
4.57871
4.58117
4.58464
4.5894
4.59523
4.60242
4.61072
4.62028
4.63105
4.64313
4.65636
4.67094
4.68681
4.70392
4.72243
4.74232
4.76369
4.7864
4.81046
4.83624
4.86341
4.89222
4.9226
4.95469
3.38118
2.85588
2.51177
2.51579
2.52849
2.53589
2.54398
2.55277
2.5623
2.57255
2.58356
2.59217
2.60788
2.62123
2.63539
2.6504
2.66626
2.68301
2.70067
2.71927
2.73883
2.7594
2.78099
2.80365
2.82741
2.85232
4.56577
4.56805
4.5715
4.57625
4.58218
4.58933
4.5976
4.60712
4.61783
4.62973
4.64301
4.65762
4.6734
4.69057
4.70901
4.72882
4.75006
4.7727
4.79687
4.82245
4.84961
4.87823
4.90857
4.94054
3.60348
2.98658
2.52507
2.52456
2.53129
2.53654
2.54522
2.55291
2.56353
2.57366
2.58656
2.59837
2.61096
2.62435
2.63856
2.65361
2.66952
2.68632
2.70403
2.72268
2.7423
2.76291
2.78456
2.80728
2.83111
2.85608
4.55391
4.55622
4.55976
4.5645
4.57035
4.57738
4.58574
4.59518
4.60594
4.61789
4.6311
4.64556
4.66126
4.6784
4.69681
4.71658
4.73765
4.76041
4.78445
4.80995
4.83695
4.86567
4.89582
4.92773
4.91617
3.1475
2.6945
2.52788
2.53194
2.53803
2.55027
2.5528
2.56155
2.57125
2.58242
2.59708
2.61466
2.6281
2.64236
2.65746
2.67342
2.69028
2.70805
2.72676
2.74645
2.76713
2.78885
2.81164
2.83554
2.8606
4.54334
4.54568
4.54908
4.55388
4.55969
4.56674
4.57505
4.58447
4.59521
4.60713
4.62035
4.63475
4.65041
4.66748
4.68585
4.70563
4.72671
4.7493
4.77328
4.79877
4.82565
4.85422
4.88441
4.91617
4.90614
3.31896
2.78775
2.53175
2.53856
2.54606
2.55318
2.5617
2.57117
2.58323
2.59437
2.60627
2.61897
2.63247
2.64679
2.66195
2.67799
2.69491
2.71275
2.73153
2.75129
2.77205
2.79385
2.81673
2.84072
2.86587
2.89221
4.53619
4.53978
4.54443
4.55033
4.5574
4.56553
4.57502
4.5857
4.59766
4.61077
4.62521
4.64093
4.65791
4.67622
4.69593
4.71695
4.7393
4.76339
4.78888
4.8158
4.84431
4.8743
4.90614
4.89723
3.51461
2.92288
2.53688
2.54304
2.55059
2.55885
2.56783
2.57753
2.58797
2.59917
2.61114
2.6239
2.63747
2.65186
2.66709
2.6832
2.7002
2.71812
2.73699
2.75683
2.77768
2.79958
2.82255
2.84664
2.8719
2.89835
4.52813
4.53154
4.53631
4.54197
4.54905
4.55734
4.56682
4.57748
4.58934
4.60246
4.61687
4.63248
4.64942
4.66778
4.68731
4.70845
4.7309
4.75473
4.78015
4.80711
4.83546
4.86553
4.89723
4.88972
4.858
3.12016
2.67727
2.54808
2.55569
2.56401
2.57305
2.58282
2.59333
2.60459
2.61663
2.62946
2.6431
2.65757
2.67289
2.68908
2.70617
2.72418
2.74314
2.76308
2.78403
2.80604
2.82912
2.85332
2.8787
2.90527
2.93311
4.52461
4.52929
4.53508
4.54212
4.55032
4.55974
4.57036
4.5821
4.59529
4.60972
4.6253
4.64217
4.66058
4.68023
4.7012
4.72364
4.74753
4.77285
4.79963
4.82802
4.858
4.88972
4.88335
4.85182
3.20789
2.78693
2.5537
2.56138
2.56976
2.57887
2.5887
2.59929
2.61063
2.62274
2.63566
2.64938
2.66394
2.67935
2.69563
2.71281
2.73093
2.74999
2.77004
2.79111
2.81323
2.83644
2.86077
2.88627
2.91299
4.51525
4.51881
4.52344
4.52923
4.53629
4.54452
4.55383
4.56452
4.57631
4.5894
4.60381
4.61944
4.63631
4.65454
4.67415
4.69517
4.71757
4.74142
4.76673
4.79351
4.82186
4.85182
4.88335
4.87837
4.84678
3.50917
2.96055
2.55991
2.56765
2.5761
2.58528
2.5952
2.60586
2.61729
2.62949
2.64249
2.65631
2.67096
2.68647
2.70286
2.72015
2.73838
2.75756
2.77773
2.79892
2.82117
2.84451
2.86899
2.89464
2.92151
4.51064
4.51417
4.51881
4.52461
4.53163
4.53979
4.54919
4.55984
4.57155
4.5847
4.59903
4.61461
4.63146
4.64976
4.66938
4.69035
4.71272
4.73654
4.76172
4.78858
4.81696
4.84678
4.87837
4.87451
4.84302
4.81305
3.09214
2.68815
2.57451
2.58304
2.59231
2.60231
2.61306
2.62458
2.63688
2.64998
2.6639
2.67866
2.69427
2.71078
2.72819
2.74654
2.76585
2.78615
2.80748
2.82987
2.85337
2.878
2.90381
2.93085
2.95924
4.51064
4.51526
4.52111
4.52811
4.53626
4.5456
4.55632
4.56808
4.5812
4.59551
4.61109
4.62791
4.64624
4.66579
4.68675
4.70899
4.73288
4.75808
4.78486
4.81305
4.84302
4.87451
4.87209
4.84054
4.81064
3.32538
2.83151
2.58196
2.59059
2.59995
2.61004
2.62089
2.63251
2.64491
2.65812
2.67215
2.68703
2.70277
2.71939
2.73693
2.75541
2.77486
2.79531
2.81679
2.83934
2.863
2.8878
2.91379
2.94101
2.96952
4.50832
4.51288
4.51876
4.52582
4.53399
4.5434
4.55392
4.56561
4.57879
4.5931
4.6087
4.62561
4.64374
4.66335
4.68427
4.70656
4.73044
4.75568
4.78238
4.81064
4.84054
4.87209
4.87073
4.83939
4.80942
3.5287
2.9399
2.59002
2.59875
2.60821
2.61841
2.62936
2.64109
2.65361
2.66693
2.68108
2.69608
2.71195
2.72872
2.7464
2.76502
2.78462
2.80523
2.82688
2.8496
2.87343
2.89841
2.9246
2.95202
2.98074
4.50722
4.51184
4.51766
4.52458
4.53279
4.54218
4.55279
4.56458
4.57765
4.59186
4.60752
4.62437
4.64247
4.66219
4.68307
4.70545
4.72918
4.75444
4.78106
4.80942
4.83939
4.87073
4.87073
4.83939
4.80942
4.78106
3.1421
2.72701
2.60755
2.6171
2.62741
2.63848
2.65033
2.66297
2.67642
2.6907
2.70584
2.72185
2.73876
2.75659
2.77538
2.79514
2.81592
2.83774
2.86064
2.88467
2.90985
2.93624
2.96388
2.99283
4.50722
4.51184
4.51766
4.52458
4.53279
4.54218
4.55279
4.56458
4.57765
4.59186
4.60752
4.62437
4.64247
4.66219
4.68307
4.70545
4.72918
4.75444
4.78106
4.80942
4.83939
4.87073
4.87209
4.84054
4.81064
4.78238
3.39385
2.88386
2.61697
2.62665
2.63707
2.64826
2.66024
2.67301
2.6866
2.70102
2.7163
2.73247
2.74953
2.76753
2.78648
2.80643
2.82739
2.8494
2.8725
2.89673
2.92213
2.94875
2.97662
4.50483
4.50832
4.51288
4.51876
4.52582
4.53399
4.5434
4.55392
4.56561
4.57879
4.5931
4.6087
4.62561
4.64374
4.66335
4.68427
4.70656
4.73044
4.75568
4.78238
4.81064
4.84054
4.87209
4.87451
4.84302
4.81305
4.78486
3.64276
3.02103
2.62733
2.63684
2.64739
2.65872
2.67083
2.68374
2.69748
2.71205
2.72749
2.74382
2.76106
2.77923
2.79836
2.8185
2.83965
2.86187
2.88519
2.90964
2.93527
4.50359
4.50483
4.50715
4.51064
4.51526
4.52111
4.52811
4.53626
4.5456
4.55632
4.56808
4.5812
4.59551
4.61109
4.62791
4.64624
4.66579
4.68675
4.70899
4.73288
4.75808
4.78486
4.81305
4.84302
4.87451
4.87837
4.84678
4.81696
4.78858
4.76172
3.26897
2.79421
2.6477
2.65839
2.66986
2.68211
2.69518
2.70907
2.72381
2.73942
2.75592
2.77334
2.7917
2.81103
2.83136
2.85273
2.87517
2.89976
4.50831
4.50722
4.50722
4.50831
4.51064
4.51417
4.51881
4.52461
4.53163
4.53979
4.54919
4.55984
4.57155
4.5847
4.59903
4.61461
4.63146
4.64976
4.66938
4.69035
4.71272
4.73654
4.76172
4.78858
4.81696
4.84678
4.87837
4.88335
4.85182
4.82186
4.79351
4.76673
3.51088
2.96987
2.65924
2.67008
2.68169
2.69411
2.70733
2.72139
2.73631
2.7521
2.76878
2.7864
2.80496
2.8245
2.84505
4.52344
4.51881
4.51525
4.51288
4.51184
4.51184
4.51288
4.51525
4.51881
4.52344
4.52923
4.53629
4.54452
4.55383
4.56452
4.57631
4.5894
4.60381
4.61944
4.63631
4.65454
4.67415
4.69517
4.71757
4.74142
4.76673
4.79351
4.82186
4.85182
4.88335
4.88972
4.858
4.82802
4.79963
4.77285
4.74753
3.17059
2.67297
2.68247
2.69424
2.70682
2.72022
2.73446
2.74956
2.76554
2.78243
2.80025
2.81902
2.83879
4.53508
4.52929
4.52461
4.52112
4.51874
4.51767
4.51767
4.51874
4.52112
4.52461
4.52929
4.53508
4.54212
4.55032
4.55974
4.57036
4.5821
4.59529
4.60972
4.6253
4.64217
4.66058
4.68023
4.7012
4.72364
4.74753
4.77285
4.79963
4.82802
4.858
4.88972
4.89723
4.86553
4.83546
4.80711
4.78015
4.75473
4.7309
2.89689
2.69557
2.70752
2.72028
2.73386
2.74829
2.76359
2.77977
2.79687
4.56682
4.55734
4.54905
4.54197
4.53631
4.53154
4.52813
4.52579
4.52459
4.52459
4.52579
4.52813
4.53154
4.53631
4.54197
4.54905
4.55734
4.56682
4.57748
4.58934
4.60246
4.61687
4.63248
4.64942
4.66778
4.68731
4.70845
4.7309
4.75473
4.78015
4.80711
4.83546
4.86553
4.89723
4.90614
4.8743
4.84431
4.8158
4.78888
4.76339
4.7393
3.09392
2.7093
2.72154
2.73449
2.74827
2.7629
2.7784
2.79481
4.5857
4.57502
4.56553
4.5574
4.55033
4.54443
4.53978
4.53619
4.53395
4.5328
4.5328
4.53395
4.53619
4.53978
4.54443
4.55033
4.5574
4.56553
4.57502
4.5857
4.59766
4.61077
4.62521
4.64093
4.65791
4.67622
4.69593
4.71695
4.7393
4.76339
4.78888
4.8158
4.84431
4.8743
4.90614
4.91617
4.88441
4.85422
4.82565
4.79877
4.77328
4.7493
4.72671
2.84108
2.73632
2.74947
2.76346
4.63475
4.62035
4.60713
4.59521
4.58447
4.57505
4.56674
4.55969
4.55388
4.54908
4.54568
4.54334
4.54219
4.54219
4.54334
4.54568
4.54908
4.55388
4.55969
4.56674
4.57505
4.58447
4.59521
4.60713
4.62035
4.63475
4.65041
4.66748
4.68585
4.70563
4.72671
4.7493
4.77328
4.79877
4.82565
4.85422
4.88441
4.91617
4.92773
4.89582
4.86567
4.83695
4.80995
4.78445
4.76041
4.73765
4.71658
4.69681
4.6784
4.66126
4.64556
4.6311
4.61789
4.60594
4.59518
4.58574
4.57738
4.57035
4.5645
4.55976
4.55622
4.55391
4.55281
4.55281
4.55391
4.55622
4.55976
4.5645
4.57035
4.57738
4.58574
4.59518
4.60594
4.61789
4.6311
4.64556
4.66126
4.6784
4.69681
4.71658
4.73765
4.76041
4.78445
4.80995
4.83695
4.86567
4.89582
4.92773
4.94054
4.90857
4.87823
4.84961
4.82245
4.79687
4.7727
4.75006
4.72882
4.70901
4.69057
4.6734
4.65762
4.64301
4.62973
4.61783
4.60712
4.5976
4.58933
4.58218
4.57625
4.5715
4.56805
4.56577
4.56457
4.56457
4.56577
4.56805
4.5715
4.57625
4.58218
4.58933
4.5976
4.60712
4.61783
4.62973
4.64301
4.65762
4.6734
4.69057
4.70901
4.72882
4.75006
4.7727
4.79687
4.82245
4.84961
4.87823
4.90857
4.94054
4.95469
4.9226
4.89222
4.86341
4.83624
4.81046
4.7864
4.76369
4.74232
4.72243
4.70392
4.68681
4.67094
4.65636
4.64313
4.63105
4.62028
4.61072
4.60242
4.59523
4.5894
4.58464
4.58117
4.57871
4.57768
4.57768
4.57871
4.58117
4.58464
4.5894
4.59523
4.60242
4.61072
4.62028
4.63105
4.64313
4.65636
4.67094
4.68681
4.70392
4.72243
4.74232
4.76369
4.7864
4.81046
4.83624
4.86341
4.89222
4.9226
4.95469
4.97017
4.93796
4.9075
4.87866
4.85138
4.82554
4.80137
4.77857
4.75715
4.73715
4.7186
4.70148
4.68555
4.67088
4.65764
4.64554
4.63475
4.62513
4.61676
4.60959
4.60381
4.59904
4.59535
4.59312
4.59194
4.59194
4.59312
4.59535
4.59904
4.60381
4.60959
4.61676
4.62513
4.63475
4.64554
4.65764
4.67088
4.68555
4.70148
4.7186
4.73715
4.75715
4.77857
4.80137
4.82554
4.85138
4.87866
4.9075
4.93796
4.97017
4.98698
4.95475
4.92416
4.89523
4.86777
4.8419
4.81768
4.79475
4.77328
4.75335
4.7347
4.71728
4.70143
4.68682
4.67339
4.66129
4.65052
4.64086
4.6324
4.62524
4.61944
4.61467
4.61109
4.60872
4.60747
4.60747
4.60872
4.61109
4.61467
4.61944
4.62524
4.6324
4.64086
4.65052
4.66129
4.67339
4.68682
4.70143
4.71728
4.7347
4.75335
4.77328
4.79475
4.81768
4.8419
4.86777
4.89523
4.92416
4.95475
4.98698
5.00522
4.9729
4.94222
4.91316
4.88557
4.85973
4.83533
4.81234
4.79087
4.77075
4.75204
4.73471
4.71866
4.70399
4.69059
4.67841
4.66748
4.65784
4.64953
4.64231
4.63636
4.6316
4.62799
4.62561
4.62433
4.62433
4.62561
4.62799
4.6316
4.63636
4.64231
4.64953
4.65784
4.66748
4.67841
4.69059
4.70399
4.71866
4.73471
4.75204
4.77075
4.79087
4.81234
4.83533
4.85973
4.88557
4.91316
4.94222
4.9729
5.00522
5.02494
4.9924
4.96167
4.93248
4.90468
4.87884
4.85427
4.83133
4.80973
4.7895
4.77078
4.75334
4.73726
4.72251
4.70902
4.69682
4.68589
4.67623
4.66783
4.66062
4.65463
4.64971
4.64622
4.64383
4.64267
4.64267
4.64383
4.64622
4.64971
4.65463
4.66062
4.66783
4.67623
4.68589
4.69682
4.70902
4.72251
4.73726
4.75334
4.77078
4.7895
4.80973
4.83133
4.85427
4.87884
4.90468
4.93248
4.96167
4.9924
5.02494
5.04619
5.01352
4.98256
4.95323
4.92557
4.89943
4.87474
4.85166
4.82996
4.8097
4.79087
4.77336
4.75715
4.74226
4.72885
4.71665
4.70553
4.69587
4.68742
4.68019
4.67415
4.66937
4.66578
4.66335
4.66211
4.66211
4.66335
4.66578
4.66937
4.67415
4.68019
4.68742
4.69587
4.70553
4.71665
4.72885
4.74226
4.75715
4.77336
4.79087
4.8097
4.82996
4.85166
4.87474
4.89943
4.92557
4.95323
4.98256
5.01352
5.04619
5.06874
5.03604
5.00494
4.97547
4.94765
4.92145
4.89664
4.87345
4.85157
4.83132
4.8123
4.79476
4.77856
4.76371
4.7501
4.73783
4.72677
4.717
4.70854
4.70107
4.69521
4.69036
4.68664
4.68433
4.68308
4.68308
4.68433
4.68664
4.69036
4.69521
4.70107
4.70854
4.717
4.72677
4.73783
4.7501
4.76371
4.77856
4.79476
4.8123
4.83132
4.85157
4.87345
4.89664
4.92145
4.94765
4.97547
5.00494
5.03604
5.06874
5.09291
5.05997
5.02883
4.99918
4.97117
4.94488
4.91999
4.89666
4.87477
4.85427
4.8353
4.81767
4.80135
4.78643
4.77277
4.76042
4.74929
4.7395
4.73092
4.72354
4.71757
4.71274
4.70906
4.70665
4.7055
4.7055
4.70665
4.70906
4.71274
4.71757
4.72354
4.73092
4.7395
4.74929
4.76042
4.77277
4.78643
4.80135
4.81767
4.8353
4.85427
4.87477
4.89666
4.91999
4.94488
4.97117
4.99918
5.02883
5.05997
5.09291
5.11873
5.08549
5.05415
5.02444
4.99635
4.96984
4.94486
4.92145
4.89936
4.87888
4.85966
4.84199
4.82563
4.81049
4.79679
4.78443
4.77332
4.76344
4.75483
4.74753
4.7414
4.73655
4.73283
4.73028
4.72921
4.72921
4.73028
4.73283
4.73655
4.7414
4.74753
4.75483
4.76344
4.77332
4.78443
4.79679
4.81049
4.82563
4.84199
4.85966
4.87888
4.89936
4.92145
4.94486
4.96984
4.99635
5.02444
5.05415
5.08549
5.11873
5.14604
5.11271
5.08118
5.05132
5.02301
4.99633
4.97128
4.94769
4.92554
4.90491
4.8857
4.86776
4.8513
4.83623
4.8224
4.80994
4.79877
4.78885
4.78022
4.77281
4.7667
4.76177
4.75808
4.75563
4.75445
4.75445
4.75563
4.75808
4.76177
4.7667
4.77281
4.78022
4.78885
4.79877
4.80994
4.8224
4.83623
4.8513
4.86776
4.8857
4.90491
4.92554
4.94769
4.97128
4.99633
5.02301
5.05132
5.08118
5.11271
5.14604
5.17485
5.14152
5.10977
5.07972
5.05124
5.02444
4.9992
4.97553
4.95323
4.93254
4.91315
4.89519
4.87863
4.86331
4.8496
4.83698
4.8258
4.81579
4.80702
4.79962
4.7935
4.78853
4.78486
4.78241
4.7812
4.7812
4.78241
4.78486
4.78853
4.7935
4.79962
4.80702
4.81579
4.8258
4.83698
4.8496
4.86331
4.87863
4.89519
4.91315
4.93254
4.95323
4.97553
4.9992
5.02444
5.05124
5.07972
5.10977
5.14152
5.17485
5.20561
5.17193
5.13997
5.10979
5.08121
5.05419
5.02873
5.00491
4.98253
4.9617
4.94217
4.92415
4.90746
4.89225
4.87826
4.86566
4.85432
4.84423
4.83555
4.82793
4.8219
4.81682
4.81314
4.81066
4.80953
4.80953
4.81066
4.81314
4.81682
4.8219
4.82793
4.83555
4.84423
4.85432
4.86566
4.87826
4.89225
4.90746
4.92415
4.94217
4.9617
4.98253
5.00491
5.02873
5.05419
5.08121
5.10979
5.13997
5.17193
5.20561
5.23786
5.204
5.17185
5.14144
5.11264
5.08553
5.06004
5.03606
5.01344
4.99248
4.97291
4.95467
4.93796
4.92262
4.90853
4.89588
4.88442
4.87431
4.86559
4.85806
4.85177
4.84681
4.84297
4.84057
4.83932
4.83932
4.84057
4.84297
4.84681
4.85177
4.85806
4.86559
4.87431
4.88442
4.89588
4.90853
4.92262
4.93796
4.95467
4.97291
4.99248
5.01344
5.03606
5.06004
5.08553
5.11264
5.14144
5.17185
5.204
5.23786
5.27193
5.23792
5.20554
5.1749
5.14603
5.11866
5.09296
5.06885
5.04621
5.02504
5.0052
4.98688
4.97014
4.95467
4.94047
4.92775
4.91615
4.90612
4.89726
4.88972
4.88341
4.87834
4.87464
4.872
4.87086
4.87086
4.872
4.87464
4.87834
4.88341
4.88972
4.89726
4.90612
4.91615
4.92775
4.94047
4.95467
4.97014
4.98688
5.0052
5.02504
5.04621
5.06885
5.09296
5.11866
5.14603
5.1749
5.20554
5.23792
5.27193
