Label: Box
Position: -2.46657, -0.204505, 0.438032
Orientation (Quaternion): 0.600854, -0.0923955, -0.793318, -0.0329206
5.27193
5.23792
5.20554
5.1749
5.14603
5.11866
5.09296
5.06885
5.04621
5.02504
5.0052
4.98688
4.97014
4.95467
4.94047
4.92775
4.91615
4.90612
4.89726
4.88972
4.88341
4.87834
4.87464
4.872
4.87086
4.87086
4.872
4.87464
4.87834
4.88341
4.88972
4.89726
4.90612
4.91615
4.92775
4.94047
4.95467
4.97014
4.98688
5.0052
5.02504
5.04621
5.06885
5.09296
5.11866
5.14603
5.1749
5.20554
5.23792
5.27193
5.23786
5.204
5.17185
5.14144
5.11264
5.08553
5.06004
5.03606
5.01344
4.99248
4.97291
4.95467
4.93796
4.92262
4.90853
4.89588
4.88442
4.87431
4.86559
4.85806
4.85177
4.84681
4.84297
4.84057
4.83932
4.83932
4.84057
4.84297
4.84681
4.85177
4.85806
4.86559
4.87431
4.88442
4.89588
4.90853
4.92262
4.93796
4.95467
4.97291
4.99248
5.01344
5.03606
5.06004
5.08553
5.11264
5.14144
5.17185
5.204
5.23786
5.20561
5.17193
5.13997
5.10979
5.08121
5.05419
5.02873
5.00491
4.98253
4.9617
4.94217
4.92415
4.90746
4.89225
4.87826
4.86566
4.85432
4.84423
4.83555
4.82793
4.8219
4.81682
4.81314
4.81066
4.80953
4.80953
4.81066
4.81314
4.81682
4.8219
4.82793
4.83555
4.84423
4.85432
4.86566
4.87826
4.89225
4.90746
4.92415
4.94217
4.9617
4.98253
5.00491
5.02873
5.05419
5.08121
5.10979
5.13997
5.17193
5.20561
5.17485
5.14152
5.10977
5.07972
5.05124
5.02444
4.9992
4.97553
4.95323
4.93254
4.91315
4.89519
4.87863
4.86331
4.8496
4.83698
4.8258
4.81579
4.80702
4.79962
4.7935
4.78853
4.78486
4.78241
4.7812
4.7812
4.78241
4.78486
4.78853
4.7935
4.79962
4.80702
4.81579
4.8258
4.83698
4.8496
4.86331
4.87863
4.89519
4.91315
4.93254
4.95323
4.97553
4.9992
5.02444
5.05124
5.07972
5.10977
5.14152
5.17485
5.14604
5.11271
5.08118
5.05132
5.02301
4.99633
4.97128
4.94769
4.92554
4.90491
4.8857
4.86776
4.8513
4.83623
4.8224
4.80994
4.79877
4.78885
4.78022
4.77281
4.7667
4.76177
4.75808
4.75563
4.75445
4.75445
4.75563
4.75808
4.76177
4.7667
4.77281
4.78022
4.78885
4.79877
4.80994
4.8224
4.83623
4.8513
4.86776
4.8857
4.90491
4.92554
4.94769
4.97128
4.99633
5.02301
5.05132
5.08118
5.11271
5.14604
5.11873
5.08549
5.05415
5.02444
4.99635
4.96984
4.94486
4.92145
4.89936
4.87888
4.85966
4.84199
4.82563
4.81049
4.79679
4.78443
4.77332
4.76344
4.75483
4.74753
4.7414
4.73655
4.73283
4.73028
4.72921
4.72921
4.73028
4.73283
4.73655
4.7414
4.74753
4.75483
4.76344
4.77332
4.78443
4.79679
4.81049
4.82563
4.84199
4.85966
4.87888
4.89936
4.92145
4.94486
4.96984
4.99635
5.02444
5.05415
5.08549
5.11873
5.09291
5.05997
5.02883
4.99918
4.97117
4.94488
4.91999
4.89666
4.87477
4.85427
4.8353
4.81767
4.80135
4.78643
4.77277
4.76042
4.74929
4.7395
4.73092
4.72354
4.71757
4.71274
4.70906
4.70665
4.7055
4.7055
4.70665
4.70906
4.71274
4.71757
4.72354
4.73092
4.7395
4.74929
4.76042
4.77277
4.78643
4.80135
4.81767
4.8353
4.85427
4.87477
4.89666
4.91999
4.94488
4.97117
4.99918
5.02883
5.05997
5.09291
5.06874
5.03604
5.00494
4.97547
4.94765
4.92145
4.89664
4.87345
4.85157
4.83132
4.8123
4.79476
4.77856
4.76371
4.7501
4.73783
4.72677
4.717
4.70854
4.70107
4.69521
4.69036
4.68664
4.68433
4.68308
4.68308
4.68433
4.68664
4.69036
4.69521
4.70107
4.70854
4.717
4.72677
4.73783
4.7501
4.76371
4.77856
4.79476
4.8123
4.83132
4.85157
4.87345
4.89664
4.92145
4.94765
4.97547
5.00494
5.03604
5.06874
5.04619
5.01352
4.98256
4.95323
4.92557
4.89943
4.87474
4.85166
4.82996
4.8097
4.79087
4.77336
4.75715
4.74226
4.72885
4.71665
4.70553
4.69587
4.68742
4.68019
4.67415
4.66937
4.66578
4.66335
4.66211
4.66211
4.66335
4.66578
4.66937
4.67415
4.68019
4.68742
4.69587
4.70553
4.71665
4.72885
4.74226
4.75715
4.77336
4.79087
4.8097
4.82996
4.85166
4.87474
4.89943
4.92557
4.95323
4.98256
5.01352
5.04619
5.02494
4.9924
4.96167
4.93248
4.90468
4.87884
4.85427
4.83133
4.80973
4.7895
4.77078
4.75334
4.73726
4.72251
4.70902
4.69682
4.68589
4.67623
4.66783
4.66062
4.65463
4.64971
4.64622
4.64383
4.64267
4.64267
4.64383
4.64622
4.64971
4.65463
4.66062
4.66783
4.67623
4.68589
4.69682
4.70902
4.72251
4.73726
4.75334
4.77078
4.7895
4.80973
4.83133
4.85427
4.87884
4.90468
4.93248
4.96167
4.9924
5.02494
5.00522
4.9729
4.94222
4.91316
4.88557
4.85973
4.83533
4.81234
4.79087
4.77075
4.75204
4.73471
4.71866
4.70399
4.69059
4.67841
4.66748
4.65784
4.64953
4.64231
4.63636
4.6316
4.62799
4.62561
4.62433
4.62433
4.62561
4.62799
4.6316
4.63636
4.64231
4.64953
4.65784
4.66748
4.67841
4.69059
4.70399
4.71866
4.73471
4.75204
4.77075
4.79087
4.81234
4.83533
4.85973
4.88557
4.91316
4.94222
4.9729
5.00522
4.98698
4.95475
4.92416
4.89523
4.86777
4.8419
4.81768
4.79475
4.77328
4.75335
4.7347
4.71728
4.70143
4.68682
4.67339
4.66129
4.65052
4.64086
4.6324
4.62524
4.61944
4.61467
4.61109
4.60872
4.60747
4.60747
4.60872
4.61109
4.61467
4.61944
4.62524
4.6324
4.64086
4.65052
4.66129
4.67339
4.68682
4.70143
4.71728
4.7347
4.75335
4.77328
4.79475
4.81768
4.8419
4.86777
4.89523
4.92416
4.95475
4.98698
4.97017
4.93796
4.9075
4.87866
4.85138
4.82554
4.80137
4.77857
4.75715
4.73715
4.7186
4.70148
4.68555
4.67088
4.65764
4.64554
4.63475
4.62513
4.61676
4.60959
4.60381
4.59904
4.59535
4.59312
4.59194
4.59194
4.59312
4.59535
4.59904
4.60381
4.60959
4.61676
4.62513
4.63475
4.64554
4.65764
4.67088
4.68555
4.70148
4.7186
4.73715
4.75715
4.77857
4.80137
4.82554
4.85138
4.87866
4.9075
4.93796
4.97017
4.95469
4.9226
4.89222
4.86341
4.83624
4.81046
4.7864
4.76369
4.74232
4.72243
4.70392
4.68681
4.67094
4.65636
4.64313
4.63105
4.62028
4.61072
4.60242
4.59523
4.5894
4.58464
4.58117
4.57871
4.57768
4.57768
4.57871
4.58117
4.58464
4.5894
4.59523
4.60242
4.61072
4.62028
4.63105
4.64313
4.65636
4.67094
4.68681
4.70392
4.72243
4.74232
4.76369
4.7864
4.81046
4.83624
4.86341
4.89222
4.9226
4.95469
4.94054
4.90857
4.87823
4.84961
4.82245
4.79687
4.7727
4.75006
4.72882
4.70901
4.69057
4.6734
4.65762
4.64301
4.62973
4.61783
4.60712
4.5976
4.58933
4.58218
4.57625
4.5715
4.56805
4.56577
4.56457
4.56457
4.56577
4.56805
4.5715
4.57625
4.58218
4.58933
4.5976
4.60712
4.61783
4.62973
4.64301
4.65762
4.6734
4.69057
4.70901
4.72882
4.75006
4.7727
4.79687
4.82245
4.84961
4.87823
4.90857
4.94054
4.92773
4.89582
4.86567
4.83695
4.80995
4.78445
4.76041
4.73765
4.71658
4.69681
4.6784
4.66126
4.64556
4.6311
4.61789
4.60594
4.59518
4.58574
4.57738
4.57035
4.5645
4.55976
4.55622
4.55391
4.55281
4.55281
4.55391
4.55622
4.55976
4.5645
4.57035
4.57738
4.58574
4.59518
4.60594
4.61789
4.6311
4.64556
4.66126
4.6784
4.69681
4.71658
4.73765
4.76041
4.78445
4.80995
4.83695
4.86567
4.89582
4.92773
4.91617
4.88441
4.85422
4.82565
4.79877
4.77328
4.7493
4.72671
4.70563
4.68585
4.66748
4.65041
4.63475
4.62035
4.60713
4.59521
4.58447
4.57505
4.56674
4.55969
4.55388
4.54908
4.54568
4.54334
4.54219
4.54219
4.54334
4.54568
4.54908
4.55388
4.55969
4.56674
4.57505
4.58447
4.59521
4.60713
4.62035
2.99655
2.96061
2.90787
2.89338
2.82518
2.78972
2.76886
2.68509
2.7211
2.73374
2.64356
2.67925
4.91617
4.90614
4.8743
4.84431
4.8158
4.78888
4.76339
4.7393
4.71695
4.69593
4.67622
4.65791
4.64093
4.62521
4.61077
4.59766
4.5857
4.57502
4.56553
4.5574
4.55033
4.54443
2.96239
2.86299
2.82059
2.78004
2.74125
2.70435
2.66906
2.63531
2.52002
2.57228
2.47956
2.50694
2.48784
2.4455
2.38092
2.40544
2.39178
2.37042
2.25757
2.25222
2.29599
2.28793
2.27641
2.26148
2.24632
2.23189
2.10235
2.12726
2.15348
4.89723
4.86553
4.83546
4.80711
4.78015
4.75473
4.7309
4.70845
4.68731
4.66778
4.64942
4.63248
4.61687
4.60246
4.58934
4.57748
4.56682
4.55734
4.54905
4.54197
2.67019
2.48807
2.33223
2.19907
2.24349
2.21819
2.19411
2.17104
2.11147
2.12788
2.10393
2.08134
2.06332
2.04691
1.96992
2.01998
1.99999
1.90268
1.91811
1.93455
1.95196
1.97036
1.98975
2.01015
2.0316
2.05412
2.07776
2.10255
2.12473
2.15209
4.88972
4.858
4.82802
4.79963
4.77285
4.74753
4.72364
4.7012
4.68023
4.66058
4.64217
4.6253
4.60972
4.59529
4.5821
4.57036
4.55974
4.55032
4.54212
4.53508
2.69309
2.501
2.33512
2.19052
2.06349
1.95135
1.85314
1.77763
1.78841
1.79812
1.80893
1.82031
1.83227
1.84538
1.84911
1.8729
1.88771
1.90324
1.91953
1.9366
1.95449
1.97322
1.99283
2.01335
2.03483
2.05732
2.08084
2.10545
2.13121
2.15816
4.88335
4.85182
4.82186
4.79351
4.76673
4.74142
4.71757
4.69517
4.67415
4.65454
4.63631
4.61944
4.60381
4.5894
4.57631
4.56452
4.55383
4.54452
4.53629
4.52923
2.73553
2.53556
2.36339
2.21365
2.08226
1.96608
1.86259
1.77724
1.79044
1.80077
1.80927
1.82323
1.82938
1.83977
1.86163
1.87577
1.89061
1.90618
1.92251
1.93963
1.95756
1.97634
1.99599
2.01657
2.0381
2.06064
2.08422
2.10889
2.13471
2.16173
4.87837
4.84678
4.81696
4.78858
4.76172
4.73654
4.71272
4.69035
4.66938
4.64976
4.63146
4.61461
4.59903
4.5847
4.57155
4.55984
4.54919
4.53979
4.53163
4.52461
2.75557
2.55278
2.37836
2.22679
2.09389
1.97629
1.84077
1.78263
1.79356
1.80238
1.81489
1.82158
1.83156
1.84178
1.86497
1.87915
1.89404
1.90966
1.92603
1.9432
1.96118
1.98001
1.99973
2.02036
2.04196
2.06456
2.08821
2.11295
2.13885
2.16595
4.87451
4.84302
4.81305
4.78486
4.75808
4.73288
4.70899
4.68675
4.66579
4.64624
4.62791
4.61109
4.59551
4.5812
4.56808
4.55632
4.5456
4.53626
4.52811
4.52111
2.77688
2.57108
2.39425
2.24072
2.10581
1.98638
1.87766
1.78555
1.79717
1.80461
1.81857
1.83018
1.83427
1.85529
1.86883
1.88306
1.898
1.91367
1.9301
1.94732
1.96537
1.98426
2.00404
2.02475
2.04641
2.06909
2.09282
2.11764
2.14362
2.17081
4.87209
4.84054
4.81064
4.78238
4.75568
4.73044
4.70656
4.68427
4.66335
4.64374
4.62561
4.6087
4.5931
4.57879
4.56561
4.55392
4.5434
4.53399
4.52582
4.51876
2.7995
2.59048
2.41107
2.25466
2.11922
1.99447
1.87859
1.79206
1.80126
1.80689
1.82275
1.83441
1.839
1.85961
1.87321
1.88749
1.90249
1.91822
1.93472
1.95201
1.97012
1.98908
2.00894
2.02972
2.05147
2.07423
2.09804
2.12297
2.14904
2.17634
4.87073
4.83939
4.80942
4.78106
4.75444
4.72918
4.70545
4.68307
4.66219
4.64247
4.62437
4.60752
4.59186
4.57765
4.56458
4.55279
4.54218
4.53279
4.52458
4.51766
2.82348
2.61102
2.42748
2.27104
2.11525
1.99004
1.88772
1.79754
1.79976
1.80924
1.82743
1.83914
1.84107
1.86446
1.87811
1.89245
1.90752
1.92332
1.93989
1.95725
1.97544
1.99448
2.01442
2.03529
2.05714
2.07999
2.10391
2.12893
2.15512
2.18253
4.87073
4.83939
4.80942
4.78106
4.75444
4.72918
4.70545
4.68307
4.66219
4.64247
4.62437
4.60752
4.59186
4.57765
4.56458
4.55279
4.54218
4.53279
4.52458
4.51766
4.51184
2.63052
2.44769
2.27272
2.13976
2.00017
1.9092
1.80362
1.80232
1.81165
1.83262
1.84439
1.85678
1.86983
1.88355
1.89797
1.9131
1.92898
1.94562
1.96307
1.98134
2.00048
2.02051
2.04147
2.06342
2.08638
2.11041
2.13555
2.16186
2.18939
4.87209
4.84054
4.81064
4.78238
4.75568
4.73044
4.70656
4.68427
4.66335
4.64374
4.62561
4.6087
4.5931
4.57879
4.56561
4.55392
4.5434
4.53399
4.52582
4.51876
4.51288
2.65039
2.44663
2.30481
2.16274
2.01541
1.91533
1.81026
1.81305
1.82711
1.83832
1.85016
1.86262
1.87574
1.88953
1.90402
1.91924
1.9352
1.95193
1.96946
1.98783
2.00706
2.0272
2.04827
2.07033
2.09341
2.11756
2.14283
2.16927
2.19213
4.87451
4.84302
4.81305
4.78486
4.75808
4.73288
4.70899
4.68675
4.66579
4.64624
4.62791
4.61109
4.59551
4.5812
4.56808
4.55632
4.5456
4.53626
4.52811
4.52111
4.51526
2.65126
2.45841
2.31735
2.14284
2.0309
1.93415
1.81794
1.82225
1.83327
1.84455
1.85645
1.86899
1.88219
1.89607
1.91064
1.92308
1.94199
1.95882
1.97645
1.99492
2.01426
2.03451
2.0557
2.07788
2.10108
2.12537
2.14703
2.17737
2.20501
4.87837
4.84678
4.81696
4.78858
4.76172
4.73654
4.71272
4.69035
4.66938
4.64976
4.63146
4.61461
4.59903
4.5847
4.57155
4.55984
4.54919
4.53979
4.53163
4.52461
4.51881
2.66514
2.51052
2.32533
2.19573
2.06692
1.94915
1.82518
1.82893
1.83996
1.85132
1.86329
1.87591
1.88919
1.90315
1.91782
1.93321
1.94176
1.96629
1.98403
2.00261
2.02207
2.04244
2.06376
2.08608
2.10942
2.13385
2.15941
2.18247
2.21416
4.88335
4.85182
4.82186
4.79351
4.76673
4.74142
4.71757
4.69517
4.67415
4.65454
4.63631
4.61944
4.60381
4.5894
4.57631
4.56452
4.55383
4.54452
4.53629
4.52923
4.52344
2.70346
2.53376
2.32814
2.20626
2.08264
1.95972
1.83346
1.83614
1.84718
1.85862
1.87068
1.88339
1.89676
1.91081
1.92558
1.94107
1.94816
1.9665
1.99223
2.01093
2.02405
2.05102
2.07248
2.09494
2.11843
2.14302
2.16875
2.19568
2.21268
4.88972
4.858
4.82802
4.79963
4.77285
4.74753
4.72364
4.7012
4.68023
4.66058
4.64217
4.6253
4.60972
4.59529
4.5821
4.57036
4.55974
4.55032
4.54212
4.53508
4.52929
2.76093
2.5582
2.38374
2.22322
2.09915
1.96013
1.87695
1.84388
1.85495
1.86647
1.87863
1.89143
1.90489
1.91905
1.93392
1.94953
1.9659
1.98306
1.99851
2.01543
2.0396
2.06025
2.0788
2.10199
2.11589
2.15289
2.17419
2.20592
2.23429
4.89723
4.86553
4.83546
4.80711
4.78015
4.75473
4.7309
4.70845
4.68731
4.66778
4.64942
4.63248
4.61687
4.60246
4.58934
4.57748
4.56682
4.55734
4.54905
4.54197
4.53631
2.79089
2.54927
2.40609
2.22291
2.10179
1.98793
1.89078
1.85218
1.85858
1.87382
1.88714
1.90004
1.91361
1.92788
1.94287
1.95859
1.97509
1.99238
2.0105
2.02589
2.04935
2.07015
2.09192
2.1147
2.13462
2.15288
2.17975
2.21308
2.24549
4.90614
4.8743
4.84431
4.8158
4.78888
4.76339
4.7393
4.71695
4.69593
4.67622
4.65791
4.64093
4.62521
4.61077
4.59766
4.5857
4.57502
4.56553
4.5574
4.55033
4.54443
2.82243
2.61094
2.4295
2.27222
2.1232
1.99749
1.90518
1.86103
1.87217
1.88118
1.89624
1.90925
1.92293
1.93732
1.95243
1.96828
1.98491
2.00234
2.02061
2.03973
2.05976
2.08073
2.10267
2.12563
2.14966
2.1748
2.20111
2.22864
2.25026
4.91617
4.88441
4.85422
4.82565
4.79877
4.77328
4.7493
4.72671
4.70563
4.68585
4.66748
4.65041
4.63475
4.62035
4.60713
4.59521
4.58447
4.57505
4.56674
4.55969
4.55388
2.82477
2.63936
2.41569
2.29373
2.13551
2.02583
1.92026
1.87045
1.88165
1.89347
1.90276
1.91906
1.92617
1.94738
1.96262
1.97861
1.99538
2.01296
2.03138
2.05067
2.06235
2.09201
2.11414
2.13681
2.16152
2.18687
2.2134
2.24117
2.27023
4.92773
4.89582
4.86567
4.83695
4.80995
4.78445
4.76041
4.73765
4.71658
4.69681
4.6784
4.66126
4.64556
4.6311
4.61789
4.60594
4.59518
4.58574
4.57738
4.57035
4.5645
2.88408
2.66919
2.47579
2.31627
2.14976
2.04526
1.93607
1.87978
1.89172
1.90365
1.90994
1.92949
1.94124
1.95807
1.97345
1.98109
2.00228
2.02333
2.04283
2.0623
2.07633
2.10401
2.12301
2.14969
2.17414
2.19972
2.22468
2.2545
2.28382
4.94054
4.90857
4.87823
4.84961
4.82245
4.79687
4.7727
4.75006
4.72882
4.70901
4.69057
4.6734
4.65762
4.64301
4.62973
4.61783
4.60712
4.5976
4.58933
4.58218
4.57625
2.93698
2.70061
2.47067
2.33989
2.16617
2.06388
1.95253
1.88988
1.9024
1.91446
1.92717
1.93228
1.94732
1.96941
1.98494
2.00124
2.01779
2.03623
2.05499
2.07464
2.09521
2.11674
2.13371
2.16286
2.17512
2.21336
2.24038
2.26865
2.29825
4.95469
4.9226
4.89222
4.86341
4.83624
4.81046
4.7864
4.76369
4.74232
4.72243
4.70392
4.68681
4.67094
4.65636
4.64313
4.63105
4.62028
4.61072
4.60242
4.59523
4.5894
2.98574
2.70193
2.53542
2.36462
2.18223
2.08407
1.96971
1.90078
1.91371
1.92426
1.93281
1.95226
1.959
1.97282
1.99711
2.00421
2.03083
2.04892
2.06787
2.07876
2.09984
2.12652
2.14182
2.17681
2.20173
2.21819
2.24183
2.27447
2.31355
4.97017
4.93796
4.9075
4.87866
4.85138
4.82554
4.80137
4.77857
4.75715
4.73715
4.7186
4.70148
4.68555
4.67088
4.65764
4.64554
4.63475
4.62513
4.61676
4.60959
4.60381
4.59904
2.75346
2.56522
2.36677
2.23863
2.10487
1.98763
1.91245
1.92566
1.93799
1.94866
1.96465
1.97382
1.98772
2.00284
2.01919
2.04406
2.05573
2.076
2.09764
2.12254
2.13722
2.16483
2.19157
2.21675
2.24311
2.26227
2.29954
2.32753
4.98698
4.95475
4.92416
4.89523
4.86777
4.8419
4.81768
4.79475
4.77328
4.75335
4.7347
4.71728
4.70143
4.68682
4.67339
4.66129
4.65052
4.64086
4.6324
4.62524
4.61944
4.61467
2.80248
2.59649
2.41766
2.26237
2.12643
2.00634
1.9249
1.93828
1.95075
1.96389
1.97516
1.99226
2.00322
2.01841
2.0348
2.05803
2.07133
2.09588
2.11615
2.13545
2.1596
2.18285
2.20301
2.23263
2.25927
2.28715
2.30765
2.34686
5.00522
4.9729
4.94222
4.91316
4.88557
4.85973
4.83533
4.81234
4.79087
4.77075
4.75204
4.73471
4.71866
4.70399
4.69059
4.67841
4.66748
4.65784
4.64953
4.64231
4.63636
4.6316
2.80083
2.58537
2.44186
2.26606
2.14837
2.02586
1.93813
1.95158
1.9642
1.9775
1.9915
2.00384
2.02168
2.03459
2.05492
2.07276
2.0876
2.11105
2.13157
2.15304
2.17551
2.19903
2.22364
2.24227
2.27633
2.30453
2.33404
2.35461
5.02494
4.9924
4.96167
4.93248
4.90468
4.87884
4.85427
4.83133
4.80973
4.7895
4.77078
4.75334
4.73726
4.72251
4.70902
4.69682
4.68589
4.67623
4.66783
4.66062
4.65463
4.64971
2.88316
2.66366
2.46964
2.31325
2.14665
2.0462
1.95213
1.96558
1.97837
1.99184
2.00602
2.02092
2.03657
2.053
2.07023
2.08829
2.10722
2.12376
2.14781
2.16954
2.19228
2.21608
2.24099
2.26705
2.28562
2.32286
2.35273
2.384
5.04619
5.01352
4.98256
4.95323
4.92557
4.89943
4.87474
4.85166
4.82996
4.8097
4.79087
4.77336
4.75715
4.74226
4.72885
4.71665
4.70553
4.69587
4.68742
4.68019
4.67415
4.66937
4.66578
2.69976
2.50697
2.32623
2.19521
2.06743
1.96693
1.98031
1.99327
2.00693
2.02129
2.03639
2.05225
2.0682
2.08634
2.10284
2.12149
2.14388
2.16491
2.18691
2.20995
2.23405
2.25927
2.28566
2.31283
2.33319
2.37243
2.39425
5.06874
5.03604
5.00494
4.97547
4.94765
4.92145
4.89664
4.87345
4.85157
4.83132
4.8123
4.79476
4.77856
4.76371
4.7501
4.73783
4.72677
4.717
4.70854
4.70107
4.69521
4.69036
4.68664
4.68433
2.51376
2.35975
2.22018
2.08954
1.98253
1.99579
2.00894
2.02278
2.03735
2.05265
2.06872
2.08559
2.10328
2.12182
2.14125
2.16159
2.1829
2.20519
2.22853
2.25295
2.27851
2.30525
2.33323
2.36056
2.38519
2.41178
5.09291
5.05997
5.02883
4.99918
4.97117
4.94488
4.91999
4.89666
4.87477
4.85427
4.8353
4.81767
4.80135
4.78643
4.77277
4.76042
4.74929
4.7395
4.73092
4.72354
4.71757
4.71274
4.70906
4.70665
2.5738
2.39006
2.23842
2.11261
1.99896
2.01205
2.02539
2.03944
2.05421
2.06974
2.08604
2.10314
2.12108
2.13988
2.15839
2.18021
2.20181
2.22441
2.24807
2.27283
2.29874
2.32584
2.35421
2.3839
2.41277
2.44182
5.11873
5.08549
5.05415
5.02444
4.99635
4.96984
4.94486
4.92145
4.89936
4.87888
4.85966
4.84199
4.82563
4.81049
4.79679
4.78443
4.77332
4.76344
4.75483
4.74753
4.7414
4.73655
4.73283
4.73028
4.72921
2.42627
2.2735
2.13668
2.01623
2.02911
2.04266
2.05692
2.07192
2.08767
2.10422
2.12158
2.13978
2.15885
2.17884
2.19976
2.22167
2.24461
2.26861
2.29372
2.32
2.3475
2.37628
2.40639
2.43792
2.46964
5.14604
5.11271
5.08118
5.05132
5.02301
4.99633
4.97128
4.94769
4.92554
4.90491
4.8857
4.86776
4.8513
4.83623
4.8224
4.80994
4.79877
4.78885
4.78022
4.77281
4.7667
4.76177
4.75808
4.75563
4.75445
4.75445
2.29675
2.16178
2.03436
2.04701
2.06077
2.07526
2.09049
2.1065
2.1233
2.14092
2.1594
2.17877
2.19905
2.2203
2.24254
2.26581
2.29018
2.31567
2.34234
2.37025
2.39946
2.43003
2.46203
2.49595
5.17485
5.14152
5.10977
5.07972
5.05124
5.02444
4.9992
4.97553
4.95323
4.93254
4.91315
4.89519
4.87863
4.86331
4.8496
4.83698
4.8258
4.81579
4.80702
4.79962
4.7935
4.78853
4.78486
4.78241
4.7812
4.7812
2.33166
2.18506
2.0534
2.06578
2.07977
2.0945
2.10998
2.12624
2.14331
2.16122
2.17999
2.19966
2.22027
2.24185
2.26444
2.28808
2.31282
2.33871
2.3658
2.39415
5.07972
5.10977
5.14152
5.17485
5.20561
5.17193
5.13997
5.10979
5.08121
5.05419
5.02873
5.00491
4.98253
4.9617
4.94217
4.92415
4.90746
4.89225
4.87826
4.86566
4.85432
4.84423
4.83555
4.82793
4.8219
4.81682
4.81314
4.81066
4.80953
4.80953
4.81066
2.21525
2.07336
2.08544
2.09968
2.11466
2.1304
2.14694
2.1643
2.1825
2.20159
2.22158
2.24253
2.26446
2.28771
2.31453
5.00491
5.02873
5.05419
5.08121
5.10979
5.13997
5.17193
5.20561
5.23786
5.204
5.17185
5.14144
5.11264
5.08553
5.06004
5.03606
5.01344
4.99248
4.97291
4.95467
4.93796
4.92262
4.90853
4.89588
4.88442
4.87431
4.86559
4.85806
4.85177
4.84681
4.84297
4.84057
4.83932
4.83932
4.84057
2.24299
2.09428
2.10572
2.12054
2.13578
2.15181
2.16864
2.1863
2.20482
2.22423
4.93796
2.26587
4.97291
4.99248
5.01344
5.03606
5.06004
5.08553
5.11264
5.14144
5.17185
5.204
5.23786
5.27193
5.23792
5.20554
5.1749
5.14603
5.11866
5.09296
5.06885
5.04621
5.02504
5.0052
4.98688
4.97014
4.95467
4.94047
4.92775
4.91615
4.90612
4.89726
4.88972
4.88341
4.87834
4.87464
4.872
4.87086
4.87086
4.872
4.87464
2.11619
2.12661
2.14239
2.15792
4.90612
4.91615
4.92775
4.94047
4.95467
4.97014
4.98688
5.0052
2.3368
5.04621
5.06885
5.09296
5.11866
5.14603
5.1749
5.20554
5.23792
5.27193
