Label: Box
Position: -2.20905, -0.441511, -0.0414747
Orientation (Quaternion): 0.0654876, -0.211779, -0.75755, -0.613986
5.27193
5.23792
5.20554
5.1749
5.14603
5.11866
5.09296
5.06885
5.04621
5.02504
5.0052
4.98688
4.97014
4.95467
4.94047
4.92775
4.91615
4.90612
4.89726
4.88972
4.88341
4.87834
4.87464
4.872
4.87086
4.87086
4.872
4.87464
4.87834
4.88341
4.88972
4.89726
4.90612
4.91615
4.92775
4.94047
4.95467
4.97014
4.98688
5.0052
5.02504
5.04621
5.06885
5.09296
5.11866
5.14603
5.1749
5.20554
5.23792
5.27193
5.23786
5.204
5.17185
5.14144
5.11264
5.08553
5.06004
5.03606
5.01344
4.99248
4.97291
4.95467
4.93796
4.92262
4.90853
4.89588
4.88442
4.87431
4.86559
4.85806
4.85177
4.84681
4.84297
4.84057
4.83932
4.83932
4.84057
4.84297
4.84681
4.85177
4.85806
4.86559
4.87431
4.88442
4.89588
4.90853
4.92262
4.93796
4.95467
4.97291
4.99248
5.01344
5.03606
5.06004
5.08553
5.11264
5.14144
5.17185
5.204
5.23786
5.20561
5.17193
5.13997
5.10979
5.08121
5.05419
5.02873
5.00491
4.98253
4.9617
4.94217
4.92415
4.90746
4.89225
4.87826
4.86566
4.85432
4.84423
4.83555
4.82793
4.8219
4.81682
4.81314
4.81066
4.80953
4.80953
4.81066
4.81314
4.81682
4.8219
4.82793
4.83555
4.84423
4.85432
4.86566
4.87826
4.89225
4.90746
4.92415
4.94217
4.9617
4.98253
5.00491
5.02873
5.05419
5.08121
5.10979
5.13997
5.17193
5.20561
5.17485
5.14152
5.10977
5.07972
5.05124
5.02444
4.9992
4.97553
4.95323
4.93254
4.91315
4.89519
4.87863
4.86331
4.8496
4.83698
4.8258
4.81579
4.80702
4.79962
4.7935
4.78853
4.78486
4.78241
4.7812
4.7812
4.78241
4.78486
4.78853
4.7935
4.79962
4.80702
4.81579
4.8258
4.83698
4.8496
4.86331
4.87863
4.89519
4.91315
4.93254
4.95323
4.97553
4.9992
5.02444
5.05124
5.07972
5.10977
5.14152
5.17485
5.14604
5.11271
5.08118
5.05132
5.02301
4.99633
4.97128
4.94769
4.92554
4.90491
4.8857
4.86776
4.8513
4.83623
4.8224
4.80994
4.79877
4.78885
4.78022
4.77281
4.7667
4.76177
4.75808
4.75563
4.75445
4.75445
4.75563
4.75808
4.76177
4.7667
4.77281
4.78022
4.78885
4.79877
4.80994
4.8224
4.83623
4.8513
4.86776
4.8857
4.90491
4.92554
4.94769
4.97128
4.99633
5.02301
5.05132
5.08118
5.11271
5.14604
5.11873
5.08549
5.05415
5.02444
4.99635
4.96984
4.94486
4.92145
4.89936
4.87888
4.85966
4.84199
4.82563
4.81049
4.79679
4.78443
4.77332
4.76344
4.75483
4.74753
4.7414
4.73655
4.73283
4.73028
4.72921
4.72921
4.73028
4.73283
4.73655
4.7414
4.74753
4.75483
4.76344
4.77332
4.78443
4.79679
4.81049
4.82563
4.84199
4.85966
4.87888
4.89936
4.92145
4.94486
4.96984
4.99635
5.02444
5.05415
5.08549
5.11873
5.09291
5.05997
5.02883
4.99918
4.97117
4.94488
4.91999
4.89666
4.87477
4.85427
4.8353
4.81767
4.80135
4.78643
4.77277
4.76042
4.74929
4.7395
4.73092
4.72354
4.71757
4.71274
4.70906
4.70665
4.7055
4.7055
4.70665
4.70906
4.71274
4.71757
4.72354
4.73092
4.7395
4.74929
4.76042
4.77277
4.78643
4.80135
4.81767
4.8353
4.85427
4.87477
4.89666
4.91999
4.94488
4.97117
4.99918
5.02883
5.05997
5.09291
5.06874
5.03604
5.00494
4.97547
4.94765
4.92145
4.89664
4.87345
4.85157
4.83132
4.8123
4.79476
4.77856
4.76371
4.7501
4.73783
4.72677
4.717
4.70854
4.70107
4.69521
4.69036
4.68664
4.68433
4.68308
4.68308
4.68433
4.68664
4.69036
4.69521
4.70107
4.70854
4.717
4.72677
4.73783
4.7501
4.76371
4.77856
4.79476
4.8123
4.83132
4.85157
4.87345
4.89664
4.92145
4.94765
4.97547
5.00494
5.03604
5.06874
5.04619
5.01352
4.98256
4.95323
4.92557
4.89943
4.87474
4.85166
4.82996
4.8097
4.79087
4.77336
4.75715
4.74226
4.72885
4.71665
4.70553
4.69587
4.68742
4.68019
4.67415
4.66937
4.66578
4.66335
4.66211
4.66211
4.66335
4.66578
4.66937
4.67415
4.68019
4.68742
4.69587
4.70553
4.71665
4.72885
4.74226
4.75715
4.77336
4.79087
4.8097
4.82996
4.85166
4.87474
4.89943
4.92557
4.95323
4.98256
5.01352
5.04619
5.02494
4.9924
4.96167
4.93248
4.90468
4.87884
4.85427
4.83133
4.80973
4.7895
4.77078
4.75334
4.73726
4.72251
4.70902
4.69682
4.68589
4.67623
4.66783
4.66062
4.65463
4.64971
4.64622
4.64383
4.64267
4.64267
4.64383
4.64622
4.64971
4.65463
4.66062
4.66783
4.67623
4.68589
4.69682
4.70902
4.72251
4.73726
4.75334
4.77078
4.7895
4.80973
4.83133
4.85427
4.87884
4.90468
4.93248
4.96167
4.9924
5.02494
5.00522
4.9729
4.94222
4.91316
4.88557
4.85973
4.83533
4.81234
4.79087
4.77075
4.75204
4.73471
4.71866
4.70399
4.69059
4.67841
4.66748
4.65784
4.64953
4.64231
4.63636
4.6316
4.62799
4.62561
4.62433
4.62433
4.62561
4.62799
4.6316
4.63636
4.64231
4.64953
4.65784
4.66748
4.67841
4.69059
4.70399
4.71866
4.73471
4.75204
4.77075
4.79087
4.81234
4.83533
4.85973
4.88557
4.91316
4.94222
4.9729
5.00522
4.98698
4.95475
4.92416
4.89523
4.86777
4.8419
4.81768
4.79475
4.77328
4.75335
4.7347
4.71728
4.70143
4.68682
4.67339
4.66129
4.65052
4.64086
4.6324
4.62524
4.61944
4.61467
4.61109
4.60872
4.60747
4.60747
4.60872
4.61109
4.61467
4.61944
4.62524
4.6324
4.64086
4.65052
4.66129
4.67339
4.68682
4.70143
4.71728
4.7347
4.75335
4.77328
4.79475
4.81768
4.8419
4.86777
4.89523
4.92416
4.95475
4.98698
4.97017
4.93796
4.9075
4.87866
4.85138
4.82554
4.80137
4.77857
4.75715
4.73715
4.7186
4.70148
4.68555
4.67088
4.65764
4.64554
4.63475
4.62513
4.61676
4.60959
4.60381
4.59904
4.59535
4.59312
4.59194
4.59194
4.59312
4.59535
4.59904
4.60381
4.60959
4.61676
4.62513
4.63475
4.64554
4.65764
4.67088
4.68555
4.70148
4.7186
4.73715
4.75715
4.77857
4.80137
4.82554
4.85138
4.87866
4.9075
4.93796
4.97017
4.95469
4.9226
4.89222
4.86341
4.83624
4.81046
4.7864
4.76369
4.74232
4.72243
4.70392
4.68681
4.67094
4.65636
4.64313
4.63105
4.62028
4.61072
4.60242
4.59523
4.5894
4.58464
4.58117
4.57871
4.57768
4.57768
4.57871
4.58117
4.58464
4.5894
4.59523
4.60242
4.61072
4.62028
4.63105
4.64313
4.65636
4.67094
4.68681
4.70392
4.72243
4.74232
4.76369
4.7864
4.81046
4.83624
4.86341
4.89222
4.9226
4.95469
4.94054
4.90857
4.87823
4.84961
4.82245
4.79687
4.7727
4.75006
4.72882
4.70901
4.69057
4.6734
4.65762
4.64301
4.62973
4.61783
4.60712
4.5976
4.58933
4.58218
4.57625
4.5715
4.56805
4.56577
4.56457
4.56457
4.56577
4.56805
4.5715
4.57625
4.58218
4.58933
4.5976
4.60712
4.61783
4.62973
4.64301
4.65762
4.6734
4.69057
4.70901
4.72882
4.75006
4.7727
4.79687
4.82245
4.84961
4.87823
4.90857
4.94054
4.92773
4.89582
4.86567
4.83695
4.80995
4.78445
4.76041
4.73765
4.71658
4.69681
4.6784
4.66126
4.64556
4.6311
4.61789
4.60594
4.59518
4.58574
4.57738
4.57035
4.5645
4.55976
4.55622
4.55391
4.55281
4.55281
4.55391
4.55622
4.55976
4.5645
4.57035
4.57738
4.58574
4.59518
4.60594
4.61789
4.6311
4.64556
4.66126
4.6784
4.69681
4.71658
4.73765
4.76041
4.78445
4.80995
4.83695
4.86567
4.89582
4.92773
4.91617
4.88441
4.85422
4.82565
4.79877
4.77328
4.7493
4.72671
4.70563
4.68585
4.66748
4.65041
4.63475
4.62035
4.60713
4.59521
4.58447
4.57505
4.56674
4.55969
4.55388
4.54908
4.54568
4.54334
4.54219
4.54219
4.54334
4.54568
4.54908
4.55388
4.55969
4.56674
4.57505
4.58447
4.59521
4.60713
4.62035
4.63475
4.65041
4.66748
4.68585
4.70563
4.72671
4.7493
4.77328
4.79877
4.82565
4.85422
4.88441
4.91617
4.90614
4.8743
4.84431
4.8158
4.78888
4.76339
4.7393
4.71695
4.69593
4.67622
4.65791
4.64093
4.62521
4.61077
4.59766
4.5857
4.57502
4.56553
4.5574
4.55033
4.54443
4.53978
4.53619
4.53395
4.5328
4.5328
4.53395
4.53619
4.53978
4.54443
4.55033
4.5574
4.56553
4.57502
4.5857
4.59766
4.61077
4.62521
4.64093
4.65791
4.67622
4.69593
4.71695
4.7393
4.76339
4.78888
4.8158
4.84431
4.8743
4.90614
4.89723
4.86553
4.83546
4.80711
4.78015
4.75473
4.7309
4.70845
4.68731
4.66778
4.64942
4.63248
4.61687
4.60246
4.58934
4.57748
4.56682
4.55734
4.54905
4.54197
4.53631
4.53154
4.52813
4.52579
4.52459
4.52459
4.52579
4.52813
4.53154
4.53631
4.54197
4.54905
4.55734
4.56682
4.57748
4.58934
2.60999
4.61687
4.63248
4.64942
4.66778
4.68731
4.70845
4.7309
4.75473
4.78015
4.80711
4.83546
4.86553
4.89723
4.88972
4.858
4.82802
4.79963
4.77285
4.74753
4.72364
4.7012
4.68023
4.66058
4.64217
4.6253
4.60972
4.59529
4.5821
4.57036
4.55974
4.55032
4.54212
4.53508
4.52929
4.52461
4.52112
4.51874
4.51767
4.51767
4.51874
4.52112
4.52461
4.52929
4.53508
4.54212
4.55032
2.47685
2.41786
2.34268
2.29636
2.48219
4.6253
4.64217
4.66058
4.68023
4.7012
4.72364
4.74753
4.77285
4.79963
4.82802
4.858
4.88972
4.88335
4.85182
4.82186
4.79351
4.76673
4.74142
4.71757
4.69517
4.67415
4.65454
4.63631
4.61944
4.60381
4.5894
4.57631
4.56452
4.55383
4.54452
4.53629
4.52923
4.52344
4.51881
4.51525
4.51288
4.51184
4.51184
4.51288
4.51525
2.56725
2.44364
2.39795
2.32227
2.25178
2.18599
2.12445
2.10975
2.27181
2.44537
4.61944
4.63631
4.65454
4.67415
4.69517
4.71757
4.74142
4.76673
4.79351
4.82186
4.85182
4.88335
4.87837
4.84678
4.81696
4.78858
4.76172
4.73654
4.71272
4.69035
4.66938
4.64976
4.63146
4.61461
4.59903
4.5847
4.57155
4.55984
4.54919
4.53979
4.53163
4.52461
4.51881
4.51417
4.51064
4.50831
2.54829
2.46771
2.38487
2.30799
2.23646
2.15127
2.10747
2.04916
1.99449
1.87775
1.95268
2.09596
2.2422
2.41117
4.61461
4.63146
4.64976
4.66938
4.69035
4.71272
4.73654
4.76172
4.78858
4.81696
4.84678
4.87837
4.87451
4.84302
4.81305
4.78486
4.75808
4.73288
4.70899
4.68675
4.66579
4.64624
4.62791
4.61109
4.59551
4.5812
4.56808
4.55632
4.5456
4.53626
4.52811
2.65888
2.51165
2.46648
2.38123
2.30224
2.22883
2.16059
2.09689
2.03735
1.98158
1.92928
1.88011
1.83384
1.75138
1.81941
1.91223
2.07153
2.17058
2.34254
4.61109
4.62791
4.64624
4.66579
4.68675
4.70899
4.73288
4.75808
4.78486
4.81305
4.84302
4.87451
4.87209
4.84054
4.81064
4.78238
4.75568
4.73044
4.70656
4.68427
4.66335
4.64374
4.62561
4.6087
4.5931
4.57879
2.81355
2.59278
2.51622
2.42868
2.33973
2.27599
2.2032
2.13751
2.05886
2.03323
1.97575
1.9219
1.87138
1.78248
1.77923
1.73712
1.69737
1.64163
1.70655
1.79697
1.90927
2.04456
2.18821
2.34898
4.6087
4.62561
4.64374
4.66335
4.68427
4.70656
4.73044
4.75568
4.78238
4.81064
4.84054
4.87209
4.87073
4.83939
4.80942
4.78106
4.75444
4.72918
4.70545
4.68307
4.66219
4.64247
4.62437
4.60752
2.61022
2.49414
2.41347
2.32667
2.24645
2.1721
2.10306
2.02913
1.96864
1.91298
1.87019
1.81231
1.77227
1.68087
1.69005
1.65131
1.57048
1.58011
1.54568
1.61543
1.70619
1.80073
1.90687
2.02687
2.16358
2.3207
2.50313
4.62437
4.64247
4.66219
4.68307
4.70545
4.72918
4.75444
4.78106
4.80942
4.83939
4.87073
4.87073
4.83939
4.80942
4.78106
4.75444
4.72918
4.70545
4.68307
4.66219
4.64247
2.45507
2.36286
2.26958
2.19774
2.12432
2.05615
1.99273
1.93358
1.87831
1.82656
1.77401
1.72965
1.68387
1.64467
1.60771
1.52367
1.51192
1.50064
1.49225
1.48136
1.53317
1.6083
1.69162
1.78454
1.88878
2.00649
2.14044
2.29418
2.4724
4.62437
4.64247
4.66219
4.68307
4.70545
4.72918
4.75444
4.78106
4.80942
4.83939
4.87073
4.87209
4.84054
4.81064
4.78238
4.75568
4.73044
4.70656
2.39217
2.3154
2.24075
2.16138
2.08798
2.01988
1.95659
1.89761
1.84253
1.79101
1.73787
1.69544
1.64542
1.58205
1.56864
1.55637
1.54542
1.53505
1.52304
1.51461
1.50754
1.49919
1.49102
1.49898
1.59566
1.67789
1.7693
1.87175
1.98733
2.11871
2.26931
2.44364
4.62561
4.64374
4.66335
4.68427
4.70656
4.73044
4.75568
4.78238
4.81064
4.84054
4.87209
4.87451
4.84302
4.81305
4.78486
4.75808
2.30549
2.21515
2.12859
2.05492
1.98894
1.92695
1.87004
1.81549
1.76364
1.6765
1.65899
1.64261
1.62738
1.61335
1.60061
1.58672
1.56608
1.55639
1.54705
1.53807
1.52942
1.5211
1.5131
1.50629
1.49741
1.49697
1.57751
1.66304
1.7545
1.85573
1.96934
2.09833
2.24602
2.41674
4.62791
4.64624
4.66579
4.68675
4.70899
4.73288
4.75808
4.78486
4.81305
4.84302
4.87451
4.87837
4.84678
4.81696
2.18972
2.1268
2.05051
1.98002
1.91466
1.80127
1.77828
1.75661
1.73622
1.71711
1.69927
1.68272
1.66749
1.64895
1.63336
1.62303
1.6095
1.59661
1.58432
1.56283
1.5615
1.54472
1.53618
1.53137
1.52016
1.51178
1.50579
1.49861
1.57247
1.63717
1.726
1.83939
1.95166
2.07919
2.22423
2.39162
4.63146
4.64976
4.66938
4.69035
4.71272
4.73654
4.76172
4.78858
4.81696
4.84678
4.87837
4.88335
2.13365
2.0505
1.9358
1.90698
1.87978
1.85414
1.83
1.80733
1.7861
1.7663
1.74514
1.72368
1.70805
1.6937
1.67724
1.66153
1.64652
1.6322
1.61854
1.60551
1.5931
1.58128
1.57004
1.55935
1.5492
1.53545
1.53046
1.51842
1.51052
1.50547
1.56272
1.64137
1.6947
1.79384
1.92946
2.05531
2.20262
2.36806
2.55966
4.65454
4.67415
4.69517
4.71757
4.74142
4.76673
4.79351
4.82186
4.85182
4.88335
2.0359
2.00324
1.97246
1.9435
1.91627
1.89072
1.8668
1.84047
1.81343
1.79732
1.77872
1.7523
1.7397
1.72148
1.70407
1.68744
1.67156
1.65639
1.64192
1.62811
1.61494
1.60239
1.59044
1.5679
1.55922
1.55088
1.54261
1.53904
1.52518
1.52209
1.51411
1.5453
1.62593
1.71701
1.81345
1.92189
2.03274
2.1738
2.33723
2.54389
4.66058
4.68023
4.7012
4.72364
4.74753
4.77285
4.79963
4.82802
4.858
4.88972
2.05287
2.01708
1.98793
1.96065
1.92703
1.90466
1.88103
1.85658
1.83372
1.81163
1.79053
1.77035
1.75108
1.73265
1.71505
1.69823
1.68217
1.66684
1.6522
1.63823
1.62491
1.61222
1.60013
1.58863
1.56708
1.55915
1.54959
1.54057
1.53207
1.53094
1.52267
1.52153
1.6195
1.70595
1.77458
1.89586
2.02917
2.14896
2.30828
2.49454
4.66778
4.68731
4.70845
4.7309
4.75473
4.78015
4.80711
4.83546
4.86553
4.89723
4.90614
2.02913
1.9901
1.96204
1.94704
1.90917
1.88834
1.8701
1.84671
1.82437
1.80301
1.7826
1.7631
1.74446
1.72666
1.70964
1.69339
1.67787
1.66306
1.64893
1.63545
1.6226
1.61036
1.59872
1.58764
1.56631
1.5567
1.54763
1.54875
1.53106
1.53166
1.52637
1.60707
1.69566
1.78935
1.88335
2.01475
2.1508
2.28085
2.46239
4.67622
4.69593
4.71695
4.7393
4.76339
4.78888
4.8158
4.84431
4.8743
4.90614
4.91617
2.05156
2.01737
1.99047
1.962
1.93483
1.90888
1.8841
1.86043
1.83781
1.81619
1.79553
1.77579
1.75693
1.7389
1.72168
1.70522
1.68951
1.67451
1.6602
1.64656
1.63355
1.62116
1.60936
1.59814
1.58748
1.57737
1.56779
1.55871
1.55014
1.5411
1.53379
1.59812
1.68201
1.75631
1.88345
1.98947
2.13563
2.28982
2.44136
4.68585
4.70563
4.72671
4.7493
4.77328
4.79877
4.82565
4.85422
4.88441
4.91617
4.92773
2.06853
2.03684
2.00662
1.97779
1.95026
1.92398
1.89888
1.8749
1.85199
1.83009
1.80917
1.78917
1.77007
1.75181
1.73436
1.71769
1.70178
1.68659
1.67209
1.65826
1.64508
1.63252
1.62056
1.60919
1.59839
1.58813
1.57841
1.56921
1.56051
1.551
1.54316
1.59474
1.67627
1.7575
1.87249
1.98903
2.08884
2.27375
2.45011
4.69681
4.71658
4.73765
4.76041
4.78445
4.80995
4.83695
4.86567
4.89582
4.92773
4.94054
4.90857
2.0543
2.02366
1.99443
1.96653
1.93989
1.91445
1.89015
1.86693
1.84474
1.82353
1.80327
1.7839
1.7654
1.74772
1.73083
1.7147
1.6993
1.6846
1.67058
1.65721
1.64402
1.63235
1.62082
1.60986
1.59945
1.58959
1.58025
1.57142
1.56136
1.5541
1.56201
1.66911
1.74946
1.8624
1.97767
2.10871
2.21775
2.43303
4.70901
4.72882
4.75006
4.7727
4.79687
4.82245
4.84961
4.87823
4.90857
4.94054
4.95469
4.9226
2.06587
2.04161
2.01197
1.98367
1.95665
1.93085
1.9062
1.88266
1.86016
1.83865
1.8181
1.79847
1.7797
1.76177
1.74464
1.72828
1.71266
1.69775
1.68353
1.66997
1.65705
1.64475
1.63304
1.62191
1.61135
1.60133
1.59184
1.58287
1.56673
1.56638
1.56222
1.64191
1.74546
1.83442
1.96562
2.09697
2.21914
2.3826
2.61807
4.74232
4.76369
4.7864
4.81046
4.83624
4.86341
4.89222
4.9226
4.95469
4.97017
4.93796
2.09206
2.05093
2.03043
2.00171
1.97429
1.94811
1.9231
1.8992
1.87637
1.85455
1.8337
1.81378
1.79473
1.77654
1.75916
1.74256
1.7267
1.70794
1.69714
1.68337
1.67025
1.65776
1.64587
1.63457
1.62384
1.61366
1.60402
1.59489
1.58628
1.57723
1.571
1.65486
1.74235
1.81447
1.95476
2.07268
2.23335
2.40106
2.59406
4.75715
4.77857
4.80137
4.82554
4.85138
4.87866
4.9075
4.93796
4.97017
4.98698
4.95475
4.92416
2.08042
2.04039
2.02069
1.99285
1.96626
1.94087
1.9166
1.89342
1.87127
1.8501
1.82987
1.81053
1.79206
1.77441
1.75488
1.74145
1.72608
1.70012
1.69744
1.68412
1.67142
1.65934
1.64786
1.63695
1.62659
1.61678
1.6075
1.59874
1.58924
1.5814
1.64745
1.7376
1.83087
1.93223
2.07662
2.21572
2.39069
2.58323
4.77328
4.79475
4.81768
4.8419
4.86777
4.89523
4.92416
4.95475
4.98698
5.00522
4.9729
4.94222
2.0996
2.06635
2.03215
2.01236
1.98534
1.95954
1.93489
1.91134
1.88883
1.86732
1.84677
1.82712
1.80835
1.79042
1.77329
1.75693
1.74132
1.72641
1.7122
1.69866
1.68575
1.67347
1.66179
1.65069
1.64015
1.63017
1.62072
1.61179
1.60182
1.59323
1.64285
1.73151
1.79834
1.94163
2.06798
2.21066
2.37932
2.57414
4.79087
4.81234
4.83533
4.85973
4.88557
4.91316
4.94222
4.9729
5.00522
5.02494
4.9924
4.96167
2.11689
2.09177
2.06162
2.0253
2.00539
1.97916
1.9541
1.93015
1.90727
1.8854
1.86451
1.84454
1.82545
1.80722
1.7898
1.77185
1.75729
1.74056
1.72768
1.7139
1.70077
1.68827
1.67639
1.66509
1.65436
1.6442
1.63457
1.62547
1.61497
1.60637
1.6071
1.7261
1.82015
1.9349
2.06031
2.20376
2.36929
2.56243
4.80973
4.83133
4.85427
4.87884
4.90468
4.93248
4.96167
4.9924
5.02494
5.04619
5.01352
4.98256
4.95323
2.11435
2.08367
2.0544
2.02646
1.99976
1.97427
1.94991
1.92663
1.90438
1.88312
1.86281
1.84339
1.82484
1.80712
1.7902
1.77404
1.75862
1.74391
1.72988
1.71651
1.70379
1.69168
1.68017
1.66925
1.65888
1.64907
1.63979
1.62873
1.62072
1.61761
1.72138
1.81905
1.929
2.05365
2.19616
2.36055
2.55225
4.82996
4.85166
4.87474
4.89943
4.92557
4.95323
4.98256
5.01352
5.04619
5.06874
5.03604
5.00494
4.97547
2.13803
2.09396
2.07615
2.04043
2.01721
1.98744
1.96987
1.94694
1.92429
1.9001
1.8723
1.86221
1.84332
1.82528
1.80805
1.78774
1.77589
1.76091
1.74662
1.733
1.72004
1.7077
1.69597
1.68483
1.67426
1.66425
1.65478
1.64313
1.63622
1.62959
1.71577
1.77824
1.894
2.01133
2.18966
2.31364
2.53078
4.85157
4.87345
4.89664
4.92145
4.94765
4.97547
5.00494
5.03604
5.06874
5.09291
5.05997
5.02883
4.99918
4.97117
2.13117
2.09765
2.07179
2.04411
2.00307
1.9924
1.96825
1.94519
1.91848
1.90128
1.88193
1.86269
1.84431
1.82676
1.80999
1.79399
1.77872
1.76415
1.75027
1.73705
1.72447
1.7125
1.70114
1.69035
1.68013
1.67046
1.65818
1.65145
1.64293
1.71396
1.81079
1.90996
2.03079
2.17748
2.34682
2.53628
4.87477
4.89666
4.91999
4.94488
4.97117
4.99918
5.02883
5.05997
5.09291
5.11873
5.08549
5.05415
5.02444
4.99635
2.15588
2.12575
2.09618
2.05862
2.04098
2.00063
1.99061
1.95433
1.94462
1.92314
1.89081
1.883
1.86425
1.84636
1.82926
1.81294
1.79737
1.78251
1.76835
1.75486
1.74202
1.72981
1.7182
1.70719
1.69675
1.68686
1.67752
1.6672
1.65756
1.71124
1.80776
1.91635
2.01699
2.15034
2.3016
2.53045
4.89936
4.92145
4.94486
4.96984
4.99635
5.02444
5.05415
5.08549
5.11873
5.14604
5.11271
5.08118
5.05132
5.02301
2.18427
2.14789
2.11234
2.09297
2.06547
2.03918
2.01407
1.99007
1.96715
1.94523
1.91149
1.89146
1.88516
1.86689
1.83811
1.8328
1.8169
1.80174
1.78728
1.77351
1.76039
1.74792
1.73606
1.7248
1.71412
1.70402
1.69019
1.68367
1.67342
1.67489
1.80236
1.88519
2.02295
2.17654
2.31989
2.52805
4.92554
4.94769
4.97128
4.99633
5.02301
5.05132
5.08118
5.11271
5.14604
5.17485
5.14152
5.10977
5.07972
5.05124
5.02444
2.17675
2.13917
2.11924
2.09115
2.06432
2.03868
2.01418
1.98691
1.9684
1.94702
1.92658
1.90706
1.88841
1.87059
1.85359
1.83735
1.82186
1.80709
1.79302
1.77961
1.76686
1.75473
1.74322
1.7323
1.72195
1.71216
1.70089
1.69049
1.68888
1.8039
1.91202
2.02204
2.14401
2.32569
4.93254
4.95323
4.97553
4.9992
5.02444
5.05124
5.07972
5.10977
5.14152
5.17485
5.20561
5.17193
5.13997
5.10979
5.08121
5.05419
2.20822
2.16862
2.14681
2.11811
2.09069
2.06449
2.03946
2.01234
1.99268
1.95686
1.94688
1.91993
1.91095
1.89274
1.87536
1.85876
1.84293
1.82783
1.81343
1.79972
1.78668
1.77419
1.75372
1.7513
1.7407
1.73067
1.71891
1.70875
1.70422
1.80305
1.8937
2.03252
2.15881
2.33398
4.9617
4.98253
5.00491
5.02873
5.05419
5.08121
5.10979
5.13997
5.17193
5.20561
5.23786
5.204
5.17185
5.14144
5.11264
5.08553
5.06004
2.20079
2.17577
2.14641
2.11836
2.09157
2.06598
2.028
2.01814
1.9958
1.969
1.95079
1.92413
1.91594
1.89816
1.88118
1.86498
1.84953
1.83304
1.81321
1.80741
1.7947
1.77988
1.77116
1.7603
1.75001
1.73775
1.72819
1.72087
1.80291
1.90589
2.03324
2.16199
2.33366
4.99248
5.01344
5.03606
5.06004
5.08553
5.11264
5.14144
5.17185
5.204
5.23786
5.27193
5.23792
5.20554
5.1749
5.14603
5.11866
5.09296
2.23581
2.19223
2.17612
2.14742
2.11999
2.09379
2.06876
2.04483
2.01482
2.00013
1.97279
1.95619
1.94024
1.90888
1.90466
1.88806
1.87224
1.85715
1.84278
1.82117
1.81607
1.80369
1.79194
1.78079
1.77023
1.75746
1.74883
1.73881
1.80352
1.91127
2.034
2.17227
5.0052
5.02504
5.04621
5.06885
5.09296
5.11866
5.14603
5.1749
5.20554
5.23792
5.27193
