Label: Box
Position: -2.14026, -0.6433, 0.239235
Orientation (Quaternion): -0.0253342, 0.691637, -0.468255, -0.549303
5.27193
5.23792
5.20554
5.1749
5.14603
5.11866
5.09296
5.06885
5.04621
5.02504
5.0052
4.98688
4.97014
4.95467
4.94047
4.92775
4.91615
4.90612
4.89726
4.88972
4.88341
4.87834
4.87464
4.872
4.87086
4.87086
4.872
4.87464
4.87834
4.88341
4.88972
4.89726
4.90612
4.91615
4.92775
4.94047
4.95467
4.97014
4.98688
5.0052
5.02504
5.04621
5.06885
5.09296
5.11866
5.14603
5.1749
5.20554
5.23792
5.27193
5.23786
5.204
5.17185
5.14144
5.11264
5.08553
5.06004
5.03606
5.01344
4.99248
4.97291
4.95467
4.93796
4.92262
4.90853
4.89588
4.88442
4.87431
4.86559
4.85806
4.85177
4.84681
4.84297
4.84057
4.83932
4.83932
4.84057
4.84297
4.84681
4.85177
4.85806
4.86559
4.87431
4.88442
4.89588
4.90853
4.92262
4.93796
4.95467
4.97291
4.99248
5.01344
5.03606
5.06004
5.08553
5.11264
5.14144
5.17185
5.204
5.23786
5.20561
5.17193
5.13997
5.10979
5.08121
5.05419
5.02873
5.00491
4.98253
4.9617
4.94217
4.92415
4.90746
4.89225
4.87826
4.86566
4.85432
4.84423
4.83555
4.82793
4.8219
4.81682
4.81314
4.81066
4.80953
4.80953
4.81066
4.81314
4.81682
4.8219
4.82793
4.83555
4.84423
4.85432
4.86566
4.87826
4.89225
4.90746
4.92415
4.94217
4.9617
4.98253
5.00491
5.02873
5.05419
5.08121
5.10979
5.13997
5.17193
5.20561
5.17485
5.14152
5.10977
5.07972
5.05124
5.02444
4.9992
4.97553
4.95323
4.93254
4.91315
4.89519
4.87863
4.86331
4.8496
4.83698
4.8258
4.81579
4.80702
4.79962
4.7935
4.78853
4.78486
4.78241
4.7812
4.7812
4.78241
4.78486
4.78853
4.7935
4.79962
4.80702
4.81579
4.8258
4.83698
4.8496
4.86331
4.87863
4.89519
4.91315
4.93254
4.95323
4.97553
4.9992
5.02444
5.05124
5.07972
5.10977
5.14152
5.17485
5.14604
5.11271
5.08118
5.05132
5.02301
4.99633
4.97128
4.94769
4.92554
4.90491
4.8857
4.86776
4.8513
4.83623
4.8224
4.80994
4.79877
4.78885
4.78022
4.77281
4.7667
4.76177
4.75808
4.75563
4.75445
4.75445
4.75563
4.75808
4.76177
4.7667
4.77281
4.78022
4.78885
4.79877
4.80994
4.8224
4.83623
4.8513
4.86776
4.8857
4.90491
4.92554
4.94769
4.97128
4.99633
5.02301
5.05132
5.08118
5.11271
5.14604
5.11873
5.08549
5.05415
5.02444
4.99635
4.96984
4.94486
4.92145
4.89936
4.87888
4.85966
4.84199
4.82563
4.81049
4.79679
4.78443
4.77332
4.76344
4.75483
4.74753
4.7414
4.73655
4.73283
4.73028
4.72921
4.72921
4.73028
4.73283
4.73655
4.7414
4.74753
4.75483
4.76344
4.77332
4.78443
4.79679
4.81049
4.82563
4.84199
4.85966
4.87888
4.89936
4.92145
4.94486
4.96984
4.99635
5.02444
5.05415
5.08549
5.11873
5.09291
5.05997
5.02883
4.99918
4.97117
4.94488
4.91999
4.89666
4.87477
4.85427
4.8353
4.81767
4.80135
4.78643
4.77277
4.76042
4.74929
4.7395
4.73092
4.72354
4.71757
4.71274
4.70906
4.70665
4.7055
4.7055
4.70665
4.70906
4.71274
4.71757
4.72354
4.73092
4.7395
4.74929
4.76042
4.77277
4.78643
4.80135
4.81767
4.8353
4.85427
4.87477
4.89666
4.91999
4.94488
4.97117
4.99918
5.02883
5.05997
5.09291
5.06874
5.03604
5.00494
4.97547
4.94765
4.92145
4.89664
4.87345
4.85157
4.83132
4.8123
4.79476
4.77856
4.76371
4.7501
4.73783
4.72677
4.717
4.70854
4.70107
4.69521
4.69036
4.68664
4.68433
4.68308
4.68308
4.68433
4.68664
4.69036
4.69521
4.70107
4.70854
4.717
4.72677
4.73783
4.7501
4.76371
4.77856
4.79476
4.8123
4.83132
4.85157
4.87345
4.89664
4.92145
4.94765
4.97547
5.00494
5.03604
5.06874
5.04619
5.01352
4.98256
4.95323
4.92557
4.89943
4.87474
4.85166
4.82996
4.8097
4.79087
4.77336
4.75715
4.74226
4.72885
4.71665
4.70553
4.69587
4.68742
4.68019
4.67415
4.66937
4.66578
4.66335
4.66211
4.66211
4.66335
4.66578
4.66937
4.67415
4.68019
4.68742
4.69587
4.70553
4.71665
4.72885
4.74226
4.75715
4.77336
4.79087
4.8097
4.82996
4.85166
4.87474
4.89943
4.92557
4.95323
4.98256
5.01352
5.04619
5.02494
4.9924
4.96167
4.93248
4.90468
4.87884
4.85427
4.83133
4.80973
4.7895
4.77078
4.75334
4.73726
4.72251
4.70902
4.69682
4.68589
4.67623
4.66783
4.66062
4.65463
4.64971
4.64622
4.64383
4.64267
4.64267
4.64383
4.64622
4.64971
4.65463
4.66062
4.66783
4.67623
4.68589
4.69682
4.70902
4.72251
4.73726
4.75334
4.77078
4.7895
4.80973
4.83133
4.85427
4.87884
4.90468
4.93248
4.96167
4.9924
5.02494
5.00522
4.9729
4.94222
4.91316
4.88557
4.85973
4.83533
4.81234
4.79087
4.77075
4.75204
4.73471
4.71866
4.70399
4.69059
4.67841
4.66748
4.65784
4.64953
4.64231
4.63636
4.6316
4.62799
4.62561
4.62433
4.62433
4.62561
4.62799
4.6316
4.63636
4.64231
4.64953
4.65784
4.66748
4.67841
4.69059
4.70399
4.71866
4.73471
4.75204
4.77075
4.79087
4.81234
4.83533
4.85973
4.88557
4.91316
4.94222
4.9729
5.00522
4.98698
4.95475
4.92416
4.89523
4.86777
4.8419
4.81768
4.79475
4.77328
4.75335
4.7347
4.71728
4.70143
4.68682
4.67339
4.66129
4.65052
4.64086
4.6324
4.62524
4.61944
4.61467
4.61109
4.60872
4.60747
4.60747
4.60872
4.61109
4.61467
4.61944
4.62524
4.6324
4.64086
4.65052
4.66129
4.67339
4.68682
4.70143
4.71728
4.7347
4.75335
4.77328
4.79475
4.81768
4.8419
4.86777
4.89523
4.92416
4.95475
4.98698
4.97017
4.93796
4.9075
4.87866
4.85138
4.82554
4.80137
4.77857
4.75715
4.73715
4.7186
4.70148
4.68555
4.67088
4.65764
4.64554
4.63475
4.62513
4.61676
4.60959
4.60381
4.59904
4.59535
4.59312
4.59194
4.59194
4.59312
4.59535
4.59904
4.60381
4.60959
4.61676
4.62513
4.63475
4.64554
4.65764
4.67088
4.68555
4.70148
4.7186
4.73715
4.75715
4.77857
4.80137
4.82554
4.85138
4.87866
4.9075
4.93796
4.97017
4.95469
4.9226
4.89222
4.86341
4.83624
4.81046
4.7864
4.76369
4.74232
4.72243
4.70392
4.68681
4.67094
4.65636
4.64313
4.63105
4.62028
4.61072
4.60242
4.59523
4.5894
4.58464
4.58117
4.57871
4.57768
4.57768
4.57871
4.58117
4.58464
4.5894
4.59523
4.60242
4.61072
4.62028
4.63105
4.64313
4.65636
4.67094
4.68681
4.70392
4.72243
4.74232
4.76369
4.7864
4.81046
4.83624
4.86341
4.89222
4.9226
4.95469
4.94054
4.90857
4.87823
4.84961
4.82245
4.79687
4.7727
4.75006
4.72882
4.70901
4.69057
4.6734
4.65762
4.64301
4.62973
4.61783
4.60712
4.5976
4.58933
4.58218
4.57625
4.5715
4.56805
4.56577
4.56457
4.56457
4.56577
4.56805
4.5715
4.57625
4.58218
4.58933
4.5976
4.60712
4.61783
4.62973
4.64301
4.65762
4.6734
4.69057
4.70901
4.72882
4.75006
4.7727
4.79687
4.82245
4.84961
4.87823
4.90857
4.94054
4.92773
4.89582
4.86567
4.83695
4.80995
4.78445
4.76041
4.73765
4.71658
4.69681
4.6784
4.66126
4.64556
4.6311
4.61789
4.60594
4.59518
4.58574
4.57738
4.57035
4.5645
4.55976
4.55622
4.55391
4.55281
4.55281
4.55391
4.55622
4.55976
4.5645
4.57035
4.57738
4.58574
4.59518
4.60594
4.61789
4.6311
4.64556
4.66126
4.6784
4.69681
4.71658
4.73765
4.76041
4.78445
4.80995
4.83695
4.86567
4.89582
4.92773
4.91617
4.88441
4.85422
4.82565
4.79877
4.77328
4.7493
4.72671
4.70563
4.68585
4.66748
4.65041
4.63475
4.62035
4.60713
4.59521
4.58447
4.57505
4.56674
4.55969
4.55388
4.54908
4.54568
4.54334
4.54219
4.54219
4.54334
4.54568
4.54908
4.55388
4.55969
4.56674
4.57505
4.58447
4.59521
4.60713
4.62035
4.63475
4.65041
4.66748
4.68585
4.70563
4.72671
4.7493
4.77328
4.79877
4.82565
4.85422
4.88441
4.91617
4.90614
4.8743
4.84431
4.8158
4.78888
4.76339
4.7393
4.71695
4.69593
4.67622
4.65791
4.64093
4.62521
4.61077
4.59766
4.5857
4.57502
4.56553
4.5574
4.55033
4.54443
4.53978
4.53619
4.53395
4.5328
4.5328
4.53395
4.53619
4.53978
4.54443
4.55033
4.5574
4.56553
4.57502
4.5857
4.59766
4.61077
4.62521
4.64093
4.65791
4.67622
4.69593
4.71695
4.7393
4.76339
4.78888
4.8158
4.84431
4.8743
4.90614
4.89723
4.86553
4.83546
4.80711
4.78015
4.75473
4.7309
4.70845
4.68731
4.66778
4.64942
4.63248
4.61687
4.60246
4.58934
4.57748
4.56682
4.55734
4.54905
4.54197
4.53631
4.53154
4.52813
4.52579
4.52459
4.52459
4.52579
4.52813
4.53154
4.53631
4.54197
4.54905
4.55734
4.56682
4.57748
4.58934
4.60246
4.61687
4.63248
4.64942
4.66778
4.68731
4.70845
4.7309
4.75473
4.78015
4.80711
4.83546
4.86553
4.89723
4.88972
4.858
4.82802
4.79963
4.77285
4.74753
4.72364
4.7012
4.68023
4.66058
4.64217
4.6253
4.60972
4.59529
4.5821
4.57036
4.55974
4.55032
4.54212
4.53508
4.52929
4.52461
4.52112
4.51874
4.51767
4.51767
4.51874
4.52112
4.52461
2.16384
2.13368
2.11279
4.55032
4.55974
4.57036
4.5821
4.59529
4.60972
4.6253
4.64217
4.66058
4.68023
4.7012
4.72364
4.74753
4.77285
4.79963
4.82802
4.858
4.88972
4.88335
4.85182
4.82186
4.79351
4.76673
4.74142
4.71757
4.69517
4.67415
4.65454
4.63631
4.61944
4.60381
4.5894
4.57631
4.56452
4.55383
4.54452
4.53629
4.52923
4.52344
4.51881
4.51525
4.51288
4.51184
4.51184
4.51288
4.51525
2.15258
2.12445
2.11078
2.09006
2.07022
4.55383
4.56452
4.57631
4.5894
4.60381
4.61944
4.63631
4.65454
4.67415
4.69517
4.71757
4.74142
4.76673
4.79351
4.82186
4.85182
4.88335
4.87837
4.84678
4.81696
4.78858
4.76172
4.73654
4.71272
4.69035
4.66938
4.64976
4.63146
4.61461
4.59903
4.5847
4.57155
4.55984
4.54919
4.53979
4.53163
4.52461
4.51881
4.51417
4.51064
4.50831
4.50722
4.50722
2.17126
2.14715
2.12411
2.10209
2.08105
2.06095
2.04176
2.02333
4.55984
4.57155
4.5847
4.59903
4.61461
4.63146
4.64976
4.66938
4.69035
4.71272
4.73654
4.76172
4.78858
4.81696
4.84678
4.87837
4.87451
4.84302
4.81305
4.78486
4.75808
4.73288
4.70899
4.68675
4.66579
4.64624
4.62791
4.61109
4.59551
4.5812
4.56808
4.55632
4.5456
4.53626
4.52811
4.52111
4.51526
4.51064
4.50715
4.50483
4.50359
2.15977
2.14024
2.1046
2.09444
2.07306
2.05263
2.03312
2.01449
1.9967
1.98039
4.56808
4.5812
4.59551
4.61109
4.62791
4.64624
4.66579
4.68675
4.70899
4.73288
4.75808
4.78486
4.81305
4.84302
4.87451
4.87209
4.84054
4.81064
4.78238
4.75568
4.73044
4.70656
4.68427
4.66335
4.64374
4.62561
4.6087
4.5931
4.57879
4.56561
4.55392
4.5434
4.53399
4.52582
4.51876
4.51288
4.50832
4.50483
4.50252
2.15378
2.12877
2.11061
2.08785
2.0661
2.03204
2.02546
2.0065
1.9884
1.97112
1.95464
1.93853
4.57879
4.5931
4.6087
4.62561
4.64374
4.66335
4.68427
4.70656
4.73044
4.75568
4.78238
4.81064
4.84054
4.87209
4.87073
4.83939
4.80942
4.78106
4.75444
4.72918
4.70545
4.68307
4.66219
4.64247
4.62437
4.60752
4.59186
4.57765
4.56458
4.55279
4.54218
4.53279
4.52458
4.51766
4.51184
4.50722
4.50359
2.15511
2.12974
2.10549
2.08232
2.06017
2.03899
2.01879
1.99213
1.98104
1.96344
1.94664
1.93062
1.91534
1.9008
4.59186
4.60752
4.62437
4.64247
4.66219
4.68307
4.70545
4.72918
4.75444
4.78106
4.80942
4.83939
4.87073
4.87073
4.83939
4.80942
4.78106
4.75444
4.72918
4.70545
4.68307
4.66219
4.64247
4.62437
4.60752
4.59186
4.57765
4.56458
4.55279
4.54218
4.53279
4.52458
4.51766
2.2074
2.17301
2.15202
2.12617
2.10146
2.0732
2.04346
2.03216
2.01187
1.99343
1.97463
1.95668
1.93955
1.9232
1.90761
1.89276
1.87861
1.86468
4.60752
4.62437
4.64247
4.66219
4.68307
4.70545
4.72918
4.75444
4.78106
4.80942
4.83939
4.87073
4.87209
4.84054
4.81064
4.78238
4.75568
4.73044
4.70656
4.68427
4.66335
4.64374
4.62561
4.6087
4.5931
4.57879
4.56561
4.55392
4.5434
4.53399
4.52582
4.51876
2.17769
2.15009
2.12227
2.09853
2.07444
2.0372
2.02616
2.00843
1.98539
1.96917
1.95085
1.93337
1.91668
1.90076
1.88558
1.87112
1.85736
1.84426
1.83134
4.62561
4.64374
4.66335
4.68427
4.70656
4.73044
4.75568
4.78238
4.81064
4.84054
4.87209
4.87451
4.84302
4.81305
4.78486
4.75808
4.73288
4.70899
4.68675
4.66579
4.64624
4.62791
4.61109
4.59551
4.5812
4.56808
4.55632
4.5456
2.23791
4.52811
2.17752
2.14935
2.12243
2.09297
2.07213
2.04863
2.01764
2.00475
1.98425
1.96467
1.94597
1.9281
1.91105
1.89479
1.87927
1.86448
1.8504
1.83699
1.82425
1.81214
1.80076
4.64624
4.66579
4.68675
4.70899
4.73288
4.75808
4.78486
4.81305
4.84302
4.87451
4.87837
4.84678
4.81696
4.78858
4.76172
4.73654
4.71272
4.69035
4.66938
4.64976
4.63146
4.61461
4.59903
4.5847
4.57155
4.55984
4.54919
2.20874
2.17858
2.14979
2.1167
2.09602
2.07092
2.04692
2.02399
1.99976
1.98114
1.96114
1.94202
1.92377
1.90634
1.8897
1.87383
1.8587
1.84428
1.83054
1.81748
1.80506
1.79327
1.78208
4.64976
4.66938
4.69035
4.71272
4.73654
4.76172
4.78858
4.81696
4.84678
4.87837
4.88335
4.85182
4.82186
4.79351
4.76673
4.74142
4.71757
4.69517
4.67415
4.65454
4.63631
4.61944
4.60381
4.5894
4.57631
4.56452
2.2177
2.18092
2.15147
2.12335
2.09648
2.07081
2.04628
2.02284
1.99091
1.97903
1.95857
1.93903
1.92036
1.90253
1.88551
1.86926
1.85376
1.83899
1.82492
1.81153
1.79878
1.78667
1.77517
1.76428
1.75396
4.67415
4.69517
4.71757
4.74142
4.76673
4.79351
4.82186
4.85182
4.88335
4.88972
4.858
4.82802
4.79963
4.77285
4.74753
4.72364
4.7012
4.68023
4.66058
4.64217
4.6253
4.60972
4.59529
4.5821
2.21849
2.18452
2.15438
2.12559
2.0981
2.07183
2.04674
2.02276
1.99983
1.97597
1.957
1.937
1.91789
1.89964
1.88221
1.86557
1.8497
1.83456
1.82013
1.80638
1.7933
1.78086
1.76905
1.75784
1.74722
1.73716
1.72767
4.7012
4.72364
4.74753
4.77285
4.79963
4.82802
4.858
4.88972
4.89723
4.86553
4.83546
4.80711
4.78015
4.75473
4.7309
4.70845
4.68731
4.66778
4.64942
4.63248
4.61687
4.60246
2.22104
2.17487
2.15856
2.12907
2.10091
2.07389
2.04831
2.02375
2.00028
1.96621
1.95642
1.93594
1.91637
1.89768
1.87982
1.86277
1.8465
1.83098
1.81617
1.79305
1.78863
1.77585
1.76356
1.75216
1.74122
1.73086
1.72106
1.7118
1.70308
4.7309
4.75473
4.78015
4.80711
4.83546
4.86553
4.89723
4.90614
4.8743
4.84431
4.8158
4.78888
4.76339
4.7393
4.71695
4.69593
4.67622
4.65791
4.64093
4.62521
2.2197
2.1957
2.15166
2.1338
2.10493
2.07735
2.05102
2.02585
2.0018
1.97882
1.9541
1.93587
1.91582
1.89666
1.87835
1.86087
1.84418
1.82825
1.81306
1.79858
1.78478
1.76508
1.74935
1.74726
1.73599
1.7253
1.71518
1.70562
1.69659
1.68809
1.6801
4.76339
4.78888
4.8158
4.84431
4.8743
4.90614
4.91617
4.88441
4.85422
4.82565
4.79877
4.77328
4.7493
4.72671
4.70563
4.68585
4.66748
4.65041
2.23745
2.20328
2.17084
2.1355
2.11019
2.0819
2.05488
2.02225
1.99301
1.98085
1.95832
1.93681
1.90514
1.89659
1.87781
1.85988
1.84275
1.8264
1.8108
1.79592
1.78174
1.76823
1.75537
1.73862
1.72411
1.71051
1.71005
1.70016
1.69082
1.68201
1.67372
1.66593
1.65865
4.79877
4.82565
4.85422
4.88441
4.91617
4.92773
4.89582
4.86567
4.83695
4.80995
4.78445
4.76041
4.73765
4.71658
4.69681
2.28977
2.24623
2.19936
2.17901
2.14714
2.11672
2.08767
2.05994
2.03345
2.00814
1.98396
1.96084
1.93876
1.91766
1.89749
1.87821
1.8598
1.84222
1.82543
1.8094
1.79059
1.77952
1.75973
1.7524
1.7398
1.72508
1.71358
1.70022
1.68775
1.67613
1.66537
1.66804
1.65995
1.65236
1.64525
1.63863
4.83695
4.86567
4.89582
4.92773
4.94054
4.90857
4.87823
4.84961
4.82245
4.79687
4.7727
4.75006
4.72882
2.29995
2.24714
2.22296
2.18618
2.15582
2.12141
2.0947
2.06621
2.039
2.013
1.98817
1.96444
1.94176
1.92008
1.89937
1.87958
1.86067
1.8426
1.82534
1.80887
1.79315
1.77815
1.76385
1.75022
1.73725
1.7129
1.70872
1.70203
1.69051
1.67863
1.66941
1.65567
1.64592
1.63697
1.62883
1.62148
1.62597
1.62844
4.87823
4.90857
4.94054
4.95469
4.9226
4.89222
4.86341
4.83624
4.81046
4.7864
4.76369
4.74232
2.25698
2.23501
2.1941
2.1659
2.13236
2.10304
2.07373
2.04576
2.01904
1.99351
1.96912
1.94581
1.91358
1.90226
1.88192
1.86248
1.84391
1.82617
1.80923
1.79305
1.77762
1.7629
1.74886
1.73549
1.72277
1.71066
1.69309
1.68824
1.67788
1.66767
1.65715
1.64751
1.63873
1.62856
1.62353
1.6124
1.60598
1.608
4.89222
4.9226
4.95469
4.97017
4.93796
4.9075
4.87866
4.85138
4.82554
4.80137
4.77857
4.75715
2.24864
2.21022
2.17743
2.14084
2.11198
2.08254
2.05375
2.02627
2.00001
1.97493
1.95096
1.92806
1.90617
1.88525
1.86526
1.84616
1.82791
1.81048
1.79384
1.77795
1.76279
1.74833
1.73454
1.72142
1.70892
1.69704
1.68575
1.67498
1.66489
1.65529
1.64621
1.63645
1.62747
1.61933
1.61417
1.60554
1.59988
1.59218
1.58951
4.93796
4.97017
4.98698
4.95475
4.92416
4.89523
4.86777
4.8419
4.81768
4.79475
4.77328
2.2247
2.19046
2.15195
2.12253
2.09268
2.06303
2.03473
2.0077
1.98188
1.95722
1.93365
1.91113
1.8896
1.86903
1.84938
1.8306
1.81265
1.79551
1.77915
1.76353
1.74863
1.73441
1.72087
1.70797
1.6957
1.68403
1.67295
1.66023
1.65247
1.64305
1.63415
1.62577
1.6171
1.60875
1.60122
1.5971
1.58862
1.58354
1.57927
1.57252
4.98698
5.00522
4.9729
4.94222
4.91316
4.88557
4.85973
4.83533
4.81234
4.79087
4.77075
2.16981
2.13553
2.10419
2.07363
2.04446
2.01662
1.99003
1.96463
1.94035
1.91498
1.895
1.87382
1.85358
1.83424
1.81575
1.7981
1.78124
1.76514
1.74977
1.73511
1.72114
1.70782
1.69514
1.68307
1.67161
1.66072
1.64624
1.64061
1.63136
1.62263
1.61441
1.60668
1.59902
1.59265
1.58634
1.58048
1.5729
1.56964
1.56337
1.60986
5.02494
4.9924
4.96167
4.93248
4.90468
4.87884
4.85427
4.83133
4.80973
4.7895
2.14622
2.11713
2.0856
2.05552
2.02681
1.99939
1.97321
1.9482
1.9243
1.90146
1.87964
1.85879
1.83885
1.81981
1.80161
1.78423
1.76763
1.75178
1.73666
1.72223
1.70848
1.69537
1.6829
1.67102
1.65975
1.64905
1.63299
1.62929
1.6202
1.61163
1.60356
1.59598
1.58887
1.58216
1.575
1.56842
1.56392
1.56048
1.57759
1.63773
5.04619
5.01352
4.98256
4.95323
4.92557
4.89943
4.87474
4.85166
4.82996
4.8097
2.13155
2.09899
2.06794
2.0383
2.01002
1.98302
1.95722
1.93258
1.90903
1.88653
1.86503
1.84448
1.82484
1.80608
1.78815
1.77103
1.75467
1.73906
1.72416
1.70995
1.69641
1.68351
1.67123
1.65955
1.64845
1.63792
1.62046
1.61849
1.60956
1.60114
1.59321
1.58577
1.5788
1.57229
1.5643
1.55697
1.55806
1.60425
1.64242
1.67745
5.06874
5.03604
5.00494
4.97547
4.94765
4.92145
4.89664
4.87345
4.85157
4.83132
4.8123
2.08177
2.05116
2.02196
1.99408
1.96745
1.94203
1.91773
1.89452
1.87233
1.85113
1.83087
1.81151
1.79301
1.77534
1.75846
1.74234
1.72695
1.71227
1.69827
1.68492
1.67221
1.66011
1.64861
1.63768
1.62731
1.61749
1.60769
1.59941
1.59113
1.58334
1.57603
1.56919
1.56015
1.55495
1.55681
1.61271
1.65095
1.69156
1.71445
5.09291
5.05997
5.02883
4.99918
4.97117
4.94488
4.91999
4.89666
4.87477
4.85427
4.8353
2.06543
2.03525
2.00645
1.97895
1.95268
1.9276
1.90363
1.88073
1.85885
1.83794
1.81795
1.79885
1.7806
1.76317
1.74651
1.73061
1.71544
1.70096
1.68715
1.67399
1.66146
1.64954
1.6382
1.62744
1.61722
1.60755
1.59628
1.58975
1.58161
1.57395
1.56665
1.55708
1.55353
1.58618
1.62209
1.66011
1.70039
1.7354
1.78814
5.11873
5.08549
5.05415
5.02444
4.99635
4.96984
4.94486
4.92145
4.89936
4.87888
4.85966
2.04995
2.00649
1.99174
1.9646
1.93868
1.91392
1.89026
1.86766
1.84605
1.82541
1.80568
1.78683
1.76881
1.75161
1.73517
1.71948
1.7045
1.69021
1.67659
1.66361
1.65125
1.63949
1.62831
1.61769
1.60763
1.59809
1.58552
1.58057
1.57255
1.56197
1.55501
1.55365
1.59735
1.63309
1.67031
1.71098
1.75348
1.79861
1.84539
5.14604
5.11271
5.08118
5.05132
5.02301
4.99633
4.97128
4.94769
4.92554
4.90491
4.8857
4.86776
1.99562
1.97781
1.95101
1.92541
1.90095
1.87759
1.85526
1.83393
1.81354
1.79405
1.77543
1.75764
1.74064
1.72441
1.70891
1.69413
1.68002
1.66657
1.65375
1.64155
1.62995
1.61892
1.60845
1.59852
1.58912
1.57539
1.56885
1.55975
1.55479
1.55528
1.61007
1.64573
1.68344
1.72337
1.76571
1.78874
1.85844
1.9093
5.17485
5.14152
5.10977
5.07972
5.05124
5.02444
4.9992
4.97553
4.95323
4.93254
4.91315
4.89519
1.99238
1.96465
1.93816
1.91286
1.88869
1.8656
1.83556
1.82245
1.8023
1.78304
1.76464
1.74705
1.73026
1.71422
1.69891
1.6843
1.67036
1.65707
1.64441
1.63237
1.62091
1.61002
1.59968
1.58988
1.57636
1.56176
1.55956
1.55628
1.5907
1.62443
1.66006
1.68575
1.7376
1.77986
1.82472
1.87239
1.92311
1.97719
5.20561
5.17193
5.13997
5.10979
5.08121
5.05419
5.02873
5.00491
4.98253
4.9617
4.94217
4.92415
1.97963
1.95221
1.92602
1.901
1.8771
1.85427
1.83056
1.8116
1.79167
1.77263
1.75443
1.73705
1.72044
1.70458
1.68944
1.675
1.66122
1.64809
1.63558
1.62367
1.61235
1.60159
1.5872
1.58083
1.56821
1.56124
1.55901
1.60667
1.64045
1.67209
1.71382
1.75372
1.78024
1.84087
1.88851
1.9392
1.99322
2.05087
5.23786
5.204
5.17185
5.14144
5.11264
5.08553
5.06004
5.03606
5.01344
4.99248
4.97291
4.95467
4.93796
1.94048
1.91457
1.88983
1.86618
1.84359
1.822
1.80137
1.78165
1.76281
1.7448
1.7276
1.71117
1.69548
1.68051
1.66622
1.65259
1.6396
1.62723
1.61546
1.60426
1.59045
1.58125
1.56995
1.56441
1.58893
1.62427
1.65818
1.69334
1.73179
1.7718
1.81419
1.85915
1.90688
1.95765
2.01173
2.06943
2.1311
5.27193
5.23792
5.20554
5.1749
5.14603
5.11866
5.09296
5.06885
5.04621
5.02504
5.0052
4.98688
4.97014
1.92945
1.9038
1.8793
1.85589
1.83353
1.81095
1.79173
1.77221
1.75356
1.73573
1.7187
1.70244
1.68691
1.67208
1.65794
1.64446
1.6316
1.61936
1.60604
1.59452
1.58289
1.57313
1.56926
1.61128
1.63763
1.67769
1.7118
1.75169
1.7919
1.83448
1.87799
1.92758
1.97854
2.03282
2.0907
2.15256
2.21876
