Label: Box
Position: -2.52376, 0.39671, 0.445418
Orientation (Quaternion): -0.935368, 0.0153899, -0.32534, 0.137854
5.27193
5.23792
5.20554
5.1749
5.14603
5.11866
5.09296
5.06885
5.04621
5.02504
5.0052
4.98688
4.97014
4.95467
4.94047
4.92775
4.91615
4.90612
4.89726
4.88972
4.88341
4.87834
4.87464
4.872
4.87086
4.87086
4.872
4.87464
4.87834
4.88341
4.88972
4.89726
4.90612
4.91615
4.92775
4.94047
4.95467
4.97014
4.98688
1.93867
1.92122
1.983
2.05711
2.16076
5.11866
5.14603
5.1749
5.20554
5.23792
5.27193
5.23786
5.204
5.17185
5.14144
5.11264
5.08553
5.06004
5.03606
5.01344
4.99248
4.97291
4.95467
4.93796
4.92262
4.90853
4.89588
4.88442
4.87431
4.86559
4.85806
4.85177
4.84681
4.84297
4.84057
4.83932
4.83932
4.84057
4.84297
4.84681
4.85177
4.85806
4.86559
4.87431
4.88442
2.01456
1.99616
1.97985
1.9563
1.94773
1.93407
1.92189
1.96773
2.04131
2.13691
2.23999
2.34971
2.4713
2.60676
2.75858
5.23786
5.20561
5.17193
5.13997
5.10979
5.08121
5.05419
5.02873
5.00491
4.98253
4.9617
4.94217
4.92415
4.90746
4.89225
4.87826
4.86566
4.85432
4.84423
4.83555
4.82793
4.8219
4.81682
4.81314
4.81066
4.80953
4.80953
4.81066
4.81314
4.81682
2.11091
2.08939
2.06882
2.04918
2.03042
2.01252
1.99543
1.96936
1.95692
1.94641
1.93475
1.92094
1.95416
2.03622
2.11848
2.22054
2.33101
2.45057
2.58375
2.73298
2.90129
5.17485
5.14152
5.10977
5.07972
5.05124
5.02444
4.9992
4.97553
4.95323
4.93254
4.91315
4.89519
4.87863
4.86331
4.8496
4.83698
4.8258
4.81579
4.80702
4.79962
4.7935
4.78853
4.78486
4.78241
2.23416
2.20715
2.18135
2.15669
2.13312
2.1106
2.08908
2.06852
2.04888
2.03014
2.01222
1.99516
1.97099
1.96018
1.94573
1.93207
1.92026
1.91643
2.02261
2.11055
2.20707
2.31346
2.43128
2.56244
2.7093
2.87479
5.14604
5.11271
5.08118
5.05132
5.02301
4.99633
4.97128
4.94769
4.92554
4.90491
4.8857
4.86776
4.8513
4.83623
4.8224
4.80994
4.79877
4.78885
2.44886
2.39005
2.35565
2.32321
2.29224
2.26265
2.23438
2.20738
2.18157
2.1569
2.13333
2.1108
2.08928
2.06872
2.04907
2.03032
2.01242
1.98678
1.97544
1.96047
1.9463
1.93291
1.91962
1.91253
2.01002
2.09689
2.19221
2.29723
2.41346
2.54277
2.68745
2.85037
5.11873
5.08549
5.05415
5.02444
4.99635
4.96984
4.94486
4.92145
4.89936
4.87888
4.85966
4.84199
4.82563
4.81049
4.79679
4.78443
4.77332
2.46123
2.42618
2.39055
2.35654
2.32408
2.29308
2.26348
2.23519
2.20816
2.18234
2.15765
2.13406
2.11152
2.08998
2.06941
2.04975
2.03098
2.00436
1.99032
1.97671
1.96414
1.94809
1.93496
1.92186
1.91089
1.99839
2.0843
2.17852
2.28228
2.39706
2.52468
2.66737
2.82793
5.09291
5.05997
5.02883
4.99918
4.97117
4.94488
4.91999
4.89666
4.87477
4.85427
4.8353
4.81767
4.80135
4.78643
4.77277
4.76042
4.74929
2.46209
2.42307
2.39212
2.35808
2.32558
2.29454
2.2649
2.23658
2.20952
2.18366
2.15894
2.13532
2.11276
2.09119
2.07058
2.05091
2.02378
2.00989
1.99454
1.97925
1.96478
1.95037
1.93627
1.92286
1.91008
1.98771
2.07274
2.16596
2.26857
2.38202
2.5081
2.64899
2.80741
5.06874
5.03604
5.00494
4.97547
4.94765
4.92145
4.89664
4.87345
4.85157
4.83132
4.8123
4.79476
4.77856
4.76371
4.7501
4.73783
4.72677
2.46625
2.42511
2.39288
2.36026
2.3277
2.29661
2.26691
2.23854
2.21143
2.18553
2.16077
2.13712
2.1145
2.0929
2.06148
2.04513
2.02911
2.01401
1.9981
1.98226
1.96667
1.95183
1.9377
1.92427
1.91023
1.97796
2.06216
2.15448
2.25606
2.36831
2.493
2.63225
2.78873
5.04619
5.01352
4.98256
4.95323
4.92557
4.89943
4.87474
4.85166
4.82996
4.8097
4.79087
4.77336
4.75715
4.74226
4.72885
4.71665
4.70553
2.47065
2.43309
2.39224
2.36309
2.33045
2.29929
2.26953
2.24109
2.21392
2.18796
2.16315
2.13943
2.11677
2.08578
2.07444
2.05468
2.0286
2.01362
1.99942
1.98422
1.9686
1.95372
1.93956
1.92609
1.91117
1.9691
2.05261
2.13354
2.24472
2.35589
2.47931
2.61709
2.77184
5.02494
4.9924
4.96167
4.93248
4.90468
4.87884
4.85427
4.83133
4.80973
4.7895
4.77078
4.75334
4.73726
4.72251
4.70902
4.69682
4.68589
2.47443
2.43081
2.39252
2.36656
2.32813
2.29874
2.27274
2.24423
2.21698
2.19095
2.16607
2.14229
2.11957
2.09785
2.07711
2.0573
2.03837
2.02031
1.99397
1.9789
1.96695
1.95544
1.94184
1.92834
1.91275
1.96112
2.04398
2.13474
2.23451
2.34471
2.46701
2.60347
2.75667
5.00522
4.9729
4.94222
4.91316
4.88557
4.85973
4.83533
4.81234
4.79087
4.77075
4.75204
4.73471
4.71866
4.70399
4.69059
4.67841
4.66748
4.65784
2.44114
2.4051
2.35995
2.33687
2.30651
2.27656
2.24796
2.22062
2.1945
2.16954
2.14568
2.12288
2.1011
2.07673
2.0604
2.04141
2.02329
2.00599
1.98951
1.97379
1.95881
1.93874
1.92834
1.91489
1.95401
2.03629
2.12639
2.22541
2.33476
2.45606
2.59135
2.74317
4.98698
4.95475
4.92416
4.89523
4.86777
4.8419
4.81768
4.79475
4.77328
4.75335
4.7347
4.71728
4.70143
4.68682
4.67339
4.66129
4.65052
4.64086
2.44621
2.41002
2.37549
2.33402
2.31106
2.281
2.25228
2.22484
2.19862
2.17356
2.14961
2.12673
2.10292
2.08397
2.06401
2.04495
2.02676
2.0094
1.99283
1.97705
1.96202
1.94771
1.93409
1.91802
1.94774
2.02952
2.11904
2.21742
2.326
2.44642
2.58069
2.7313
4.97017
4.93796
4.9075
4.87866
4.85138
4.82554
4.80137
4.77857
4.75715
4.73715
4.7186
4.70148
4.68555
4.67088
4.65764
4.64554
4.63475
4.62513
2.45199
2.41564
2.38096
2.34785
2.31098
2.28605
2.2572
2.22964
2.20331
2.17814
2.15409
2.1311
2.10914
2.08816
2.06811
2.04897
2.0307
2.01326
1.99663
1.98077
1.96567
1.95129
1.93761
1.92198
1.93516
2.01118
2.11267
2.21048
2.3184
2.43165
2.57146
2.72103
4.95469
4.9226
4.89222
4.86341
4.83624
4.81046
4.7864
4.76369
4.74232
4.72243
4.70392
4.68681
4.67094
4.65636
4.64313
4.63105
4.62028
4.61072
2.45223
2.42195
2.3871
2.35382
2.32206
2.2906
2.26273
2.23504
2.20858
2.18329
2.15912
2.13602
2.11395
2.09286
2.07272
2.05349
2.03512
2.01759
2.00088
1.98494
1.96976
1.95531
1.94156
1.92676
1.91994
2.01847
2.09608
2.19462
2.31196
2.43098
2.55994
2.71232
4.94054
4.90857
4.87823
4.84961
4.82245
4.79687
4.7727
4.75006
4.72882
4.70901
4.69057
4.6734
4.65762
4.64301
4.62973
4.61783
4.60712
4.5976
2.46281
2.42897
2.39391
2.3521
2.32853
2.29802
2.26888
2.24104
2.21443
2.189
2.16471
2.14148
2.11929
2.09809
2.07784
2.0585
2.04003
2.02241
2.0056
1.98958
1.97431
1.95977
1.94594
1.93241
1.92258
2.01454
2.08691
2.17859
2.30665
2.42292
2.54177
2.69326
4.92773
4.89582
4.86567
4.83695
4.80995
4.78445
4.76041
4.73765
4.71658
4.69681
4.6784
4.66126
4.64556
4.6311
4.61789
4.60594
4.59518
4.58574
2.46852
2.43669
2.40144
2.36779
2.33565
2.30496
2.26467
2.24764
2.22088
2.1953
2.17086
2.1475
2.12518
2.10385
2.08348
2.06402
2.04544
2.02771
2.0108
1.99468
1.97931
1.96469
1.95077
1.93622
1.92589
2.01129
2.08183
2.18289
2.30244
2.39682
2.52593
2.67537
4.91617
4.88441
4.85422
4.82565
4.79877
4.77328
4.7493
4.72671
4.70563
4.68585
4.66748
4.65041
4.63475
4.62035
4.60713
4.59521
4.58447
4.57505
2.48236
2.44516
2.40966
2.37579
2.34344
2.30449
2.28305
2.2482
2.22793
2.20218
2.17758
2.15407
2.13161
2.11014
2.08964
2.07005
2.05135
2.03351
2.01648
2.00025
1.98478
1.97005
1.95604
1.94146
1.92988
2.0089
2.07805
2.18708
2.29937
2.41713
2.53042
2.6635
4.90614
4.8743
4.84431
4.8158
4.78888
4.76339
4.7393
4.71695
4.69593
4.67622
4.65791
4.64093
4.62521
4.61077
4.59766
4.5857
4.57502
4.56553
2.4956
2.45435
2.40765
2.37898
2.35191
2.32081
2.2911
2.26271
2.23558
2.20966
2.18489
2.16121
2.13859
2.11697
2.09632
2.0766
2.05777
2.03979
2.02265
2.0063
1.99071
1.97588
1.96176
1.94716
1.93455
2.00734
2.07513
2.18021
2.29738
2.41496
2.5459
2.69264
4.89723
4.86553
4.83546
4.80711
4.78015
4.75473
4.7309
4.70845
4.68731
4.66778
4.64942
4.63248
4.61687
4.60246
4.58934
4.57748
4.56682
4.55734
4.54905
2.45139
2.42827
2.3939
2.36107
2.32973
2.29979
2.27119
2.24386
2.21775
2.19279
2.16893
2.14614
2.12436
2.10355
2.08368
2.0647
2.04659
2.02931
2.01283
1.99713
1.98217
1.96794
1.95332
1.93993
2.00666
2.06832
2.19043
2.27178
2.41398
2.54484
2.69142
4.88972
4.858
4.82802
4.79963
4.77285
4.74753
4.72364
4.7012
4.68023
4.66058
4.64217
4.6253
4.60972
4.59529
4.5821
4.57036
4.55974
4.55032
4.54212
2.46538
2.43868
2.40403
2.37094
2.33275
2.30916
2.28032
2.25277
2.22644
2.20128
2.17724
2.15426
2.1323
2.11133
2.09129
2.07216
2.0539
2.03647
2.01986
2.00402
1.98894
1.97458
1.95995
1.94603
2.00681
2.08851
2.19033
2.29261
2.40289
2.54508
2.66506
4.88335
4.85182
4.82186
4.79351
4.76673
4.74142
4.71757
4.69517
4.67415
4.65454
4.63631
4.61944
4.60381
4.5894
4.57631
4.56452
4.55383
4.54452
4.53629
2.47972
2.44986
2.4149
2.38152
2.34964
2.3192
2.29012
2.26233
2.23293
2.21039
2.18614
2.16296
2.14082
2.11966
2.09945
2.08015
2.06172
2.04415
2.02738
2.0114
1.99618
1.98169
1.96704
1.95288
2.00781
2.06752
2.17691
2.29794
2.41561
2.54665
2.69343
4.87837
4.84678
4.81696
4.78858
4.76172
4.73654
4.71272
4.69035
4.66938
4.64976
4.63146
4.61461
4.59903
4.5847
4.57155
4.55984
4.54919
4.53979
4.53163
2.49452
2.46181
2.42652
2.38907
2.36066
2.32994
2.30058
2.27095
2.24574
2.22013
2.19565
2.17226
2.14991
2.12856
2.10816
2.08868
2.07009
2.05234
2.03542
2.01928
2.00391
1.98928
1.9746
1.96052
2.00966
2.09523
2.19397
2.29021
2.39044
2.54954
2.69665
4.87451
4.84302
4.81305
4.78486
4.75808
4.73288
4.70899
4.68675
4.66579
4.64624
4.62791
4.61109
4.59551
4.5812
4.56808
4.55632
4.5456
4.53626
4.52811
2.5099
2.47456
2.43891
2.40489
2.36073
2.34138
2.31174
2.28342
2.25636
2.2305
2.20578
2.17575
2.1596
2.13804
2.11744
2.09777
2.07899
2.06106
2.04397
2.02767
2.01215
1.99736
1.98263
1.969
2.01236
2.09295
2.19716
2.30383
2.39177
2.55377
2.70135
4.87209
4.84054
4.81064
4.78238
4.75568
4.73044
4.70656
4.68427
4.66335
4.64374
4.62561
4.6087
4.5931
4.57879
4.56561
4.55392
4.5434
4.53399
4.52582
2.526
2.47435
2.4521
2.41616
2.38489
2.34623
2.3236
2.29499
2.26765
2.24152
2.21655
2.19269
2.16989
2.1481
2.12729
2.10741
2.08844
2.07033
2.05305
2.03658
2.02088
2.00594
1.99114
1.97821
2.01591
2.10041
2.18562
2.30842
2.39706
2.55933
2.70756
4.87073
4.83939
4.80942
4.78106
4.75444
4.72918
4.70545
4.68307
4.66219
4.64247
4.62437
4.60752
4.59186
4.57765
4.56458
4.55279
4.54218
4.53279
4.52458
2.54305
2.50252
2.4661
2.43133
2.39815
2.36646
2.33227
2.30726
2.27962
2.25321
2.22797
2.20385
2.1808
2.15878
2.13773
2.11764
2.09845
2.08014
2.06267
2.04601
2.03014
2.01502
2.00013
1.98697
2.02034
2.10627
2.1947
2.31413
2.43339
2.56626
2.67896
4.87073
4.83939
4.80942
4.78106
4.75444
4.72918
4.70545
4.68307
4.66219
4.64247
4.62437
4.60752
4.59186
4.57765
4.56458
4.55279
4.54218
4.53279
4.52458
4.51766
2.50777
2.48092
2.44499
2.41219
2.38013
2.34951
2.31451
2.2923
2.26558
2.24005
2.21566
2.19234
2.17006
2.14856
2.12845
2.10904
2.09051
2.07284
2.05598
2.03992
2.02462
2.00961
1.99622
2.02564
2.09622
2.20258
2.321
2.42048
2.55583
2.71045
4.87209
4.84054
4.81064
4.78238
4.75568
4.73044
4.70656
4.68427
4.66335
4.64374
4.62561
4.6087
4.5931
4.57879
4.56561
4.55392
4.5434
4.53399
4.52582
4.51876
2.5339
2.4966
2.46101
2.42703
2.39458
2.36359
2.33398
2.30569
2.27865
2.25282
2.22813
2.20453
2.18199
2.16045
2.13987
2.12022
2.10147
2.08357
2.06651
2.05024
2.03475
2.01958
2.00598
2.00532
2.12157
2.21452
2.30397
2.43725
2.57507
2.74051
4.87451
4.84302
4.81305
4.78486
4.75808
4.73288
4.70899
4.68675
4.66579
4.64624
4.62791
4.61109
4.59551
4.5812
4.56808
4.55632
4.5456
4.53626
4.52811
4.52111
2.54394
2.51209
2.47712
2.4427
2.39678
2.37845
2.34846
2.31621
2.29244
2.26628
2.24128
2.21738
2.19455
2.17274
2.1519
2.132
2.11301
2.09488
2.07759
2.06111
2.04541
2.03004
2.01625
2.01502
2.11339
2.22059
2.32102
2.45984
2.59555
4.87451
4.87837
4.84678
4.81696
4.78858
4.76172
4.73654
4.71272
4.69035
4.66938
4.64976
4.63146
4.61461
4.59903
4.5847
4.57155
4.55984
4.54919
4.53979
4.53163
4.52461
2.56893
2.52965
2.4902
2.45449
2.42592
2.39412
2.36374
2.33471
2.30529
2.28046
2.25513
2.23092
2.20779
2.18568
2.16457
2.1444
2.12515
2.10678
2.08926
2.07255
2.05663
2.04102
2.02706
2.02564
2.13749
2.2308
2.33986
2.47127
4.84678
4.87837
4.88335
4.85182
4.82186
4.79351
4.76673
4.74142
4.71757
4.69517
4.67415
4.65454
4.63631
4.61944
4.60381
4.5894
4.57631
4.56452
4.55383
4.54452
4.53629
4.52923
2.58509
2.54905
2.51059
2.47662
2.44286
2.40702
2.3798
2.35038
2.32226
2.29495
2.2697
2.24516
2.22171
2.19929
2.17789
2.15744
2.13792
2.11929
2.10151
2.08456
2.06841
2.05251
2.0384
2.03743
2.14725
2.24187
2.36039
4.82186
4.85182
4.88335
4.88972
4.858
4.82802
4.79963
4.77285
4.74753
4.72364
4.7012
4.68023
4.66058
4.64217
4.6253
4.60972
4.59529
4.5821
4.57036
4.55974
4.55032
4.54212
4.53508
4.52929
4.52461
4.52112
4.51874
4.51767
2.42908
2.39715
2.36672
2.33832
2.31107
2.28501
2.26011
2.22529
2.21359
2.19187
2.17113
2.15132
2.13241
2.11437
2.09717
2.08072
2.06452
2.05031
2.0518
2.15796
2.2604
4.79963
4.82802
4.858
4.88972
4.89723
4.86553
4.83546
4.80711
4.78015
4.75473
4.7309
4.70845
4.68731
4.66778
4.64942
4.63248
4.61687
4.60246
4.58934
4.57748
4.56682
4.55734
4.54905
4.54197
4.53631
4.53154
4.52813
4.52579
4.52459
4.52459
4.52579
4.52813
4.53154
4.53631
4.54197
4.54905
2.25204
2.22404
2.20654
2.18548
2.16537
2.14354
2.12225
2.10366
2.09373
2.07723
2.06278
2.07246
2.16963
4.78015
4.80711
4.83546
4.86553
4.89723
4.90614
4.8743
4.84431
4.8158
4.78888
4.76339
4.7393
4.71695
4.69593
4.67622
4.65791
4.64093
4.62521
4.61077
4.59766
4.5857
4.57502
4.56553
4.5574
4.55033
4.54443
4.53978
4.53619
4.53395
4.5328
4.5328
4.53395
4.53619
4.53978
4.54443
4.55033
4.5574
4.56553
4.57502
4.5857
4.59766
4.61077
4.62521
4.64093
2.12631
2.10733
2.09017
2.07579
2.06363
4.76339
4.78888
4.8158
4.84431
4.8743
4.90614
4.91617
4.88441
4.85422
4.82565
4.79877
4.77328
4.7493
4.72671
4.70563
4.68585
4.66748
4.65041
4.63475
4.62035
4.60713
4.59521
4.58447
4.57505
4.56674
4.55969
4.55388
4.54908
4.54568
4.54334
4.54219
4.54219
4.54334
4.54568
4.54908
4.55388
4.55969
4.56674
4.57505
4.58447
4.59521
4.60713
4.62035
4.63475
4.65041
4.66748
4.68585
4.70563
4.72671
4.7493
4.77328
4.79877
4.82565
4.85422
4.88441
4.91617
4.92773
4.89582
4.86567
4.83695
4.80995
4.78445
4.76041
4.73765
4.71658
4.69681
4.6784
4.66126
4.64556
4.6311
4.61789
4.60594
4.59518
4.58574
4.57738
4.57035
4.5645
4.55976
4.55622
4.55391
4.55281
4.55281
4.55391
4.55622
4.55976
4.5645
4.57035
4.57738
4.58574
4.59518
4.60594
4.61789
4.6311
4.64556
4.66126
4.6784
4.69681
4.71658
4.73765
4.76041
4.78445
4.80995
4.83695
4.86567
4.89582
4.92773
4.94054
4.90857
4.87823
4.84961
4.82245
4.79687
4.7727
4.75006
4.72882
4.70901
4.69057
4.6734
4.65762
4.64301
4.62973
4.61783
4.60712
4.5976
4.58933
4.58218
4.57625
4.5715
4.56805
4.56577
4.56457
4.56457
4.56577
4.56805
4.5715
4.57625
4.58218
4.58933
4.5976
4.60712
4.61783
4.62973
4.64301
4.65762
4.6734
4.69057
4.70901
4.72882
4.75006
4.7727
4.79687
4.82245
4.84961
4.87823
4.90857
4.94054
4.95469
4.9226
4.89222
4.86341
4.83624
4.81046
4.7864
4.76369
4.74232
4.72243
4.70392
4.68681
4.67094
4.65636
4.64313
4.63105
4.62028
4.61072
4.60242
4.59523
4.5894
4.58464
4.58117
4.57871
4.57768
4.57768
4.57871
4.58117
4.58464
4.5894
4.59523
4.60242
4.61072
4.62028
4.63105
4.64313
4.65636
4.67094
4.68681
4.70392
4.72243
4.74232
4.76369
4.7864
4.81046
4.83624
4.86341
4.89222
4.9226
4.95469
4.97017
4.93796
4.9075
4.87866
4.85138
4.82554
4.80137
4.77857
4.75715
4.73715
4.7186
4.70148
4.68555
4.67088
4.65764
4.64554
4.63475
4.62513
4.61676
4.60959
4.60381
4.59904
4.59535
4.59312
4.59194
4.59194
4.59312
4.59535
4.59904
4.60381
4.60959
4.61676
4.62513
4.63475
4.64554
4.65764
4.67088
4.68555
4.70148
4.7186
4.73715
4.75715
4.77857
4.80137
4.82554
4.85138
4.87866
4.9075
4.93796
4.97017
4.98698
4.95475
4.92416
4.89523
4.86777
4.8419
4.81768
4.79475
4.77328
4.75335
4.7347
4.71728
4.70143
4.68682
4.67339
4.66129
4.65052
4.64086
4.6324
4.62524
4.61944
4.61467
4.61109
4.60872
4.60747
4.60747
4.60872
4.61109
4.61467
4.61944
4.62524
4.6324
4.64086
4.65052
4.66129
4.67339
4.68682
4.70143
4.71728
4.7347
4.75335
4.77328
4.79475
4.81768
4.8419
4.86777
4.89523
4.92416
4.95475
4.98698
5.00522
4.9729
4.94222
4.91316
4.88557
4.85973
4.83533
4.81234
4.79087
4.77075
4.75204
4.73471
4.71866
4.70399
4.69059
4.67841
4.66748
4.65784
4.64953
4.64231
4.63636
4.6316
4.62799
4.62561
4.62433
4.62433
4.62561
4.62799
4.6316
4.63636
4.64231
4.64953
4.65784
4.66748
4.67841
4.69059
4.70399
4.71866
4.73471
4.75204
4.77075
4.79087
4.81234
4.83533
4.85973
4.88557
4.91316
4.94222
4.9729
5.00522
5.02494
4.9924
4.96167
4.93248
4.90468
4.87884
4.85427
4.83133
4.80973
4.7895
4.77078
4.75334
4.73726
4.72251
4.70902
4.69682
4.68589
4.67623
4.66783
4.66062
4.65463
4.64971
4.64622
4.64383
4.64267
4.64267
4.64383
4.64622
4.64971
4.65463
4.66062
4.66783
4.67623
4.68589
4.69682
4.70902
4.72251
4.73726
4.75334
4.77078
4.7895
4.80973
4.83133
4.85427
4.87884
4.90468
4.93248
4.96167
4.9924
5.02494
5.04619
5.01352
4.98256
4.95323
4.92557
4.89943
4.87474
4.85166
4.82996
4.8097
4.79087
4.77336
4.75715
4.74226
4.72885
4.71665
4.70553
4.69587
4.68742
4.68019
4.67415
4.66937
4.66578
4.66335
4.66211
4.66211
4.66335
4.66578
4.66937
4.67415
4.68019
4.68742
4.69587
4.70553
4.71665
4.72885
4.74226
4.75715
4.77336
4.79087
4.8097
4.82996
4.85166
4.87474
4.89943
4.92557
4.95323
4.98256
5.01352
5.04619
5.06874
5.03604
5.00494
4.97547
4.94765
4.92145
4.89664
4.87345
4.85157
4.83132
4.8123
4.79476
4.77856
4.76371
4.7501
4.73783
4.72677
4.717
4.70854
4.70107
4.69521
4.69036
4.68664
4.68433
4.68308
4.68308
4.68433
4.68664
4.69036
4.69521
4.70107
4.70854
4.717
4.72677
4.73783
4.7501
4.76371
4.77856
4.79476
4.8123
4.83132
4.85157
4.87345
4.89664
4.92145
4.94765
4.97547
5.00494
5.03604
5.06874
5.09291
5.05997
5.02883
4.99918
4.97117
4.94488
4.91999
4.89666
4.87477
4.85427
4.8353
4.81767
4.80135
4.78643
4.77277
4.76042
4.74929
4.7395
4.73092
4.72354
4.71757
4.71274
4.70906
4.70665
4.7055
4.7055
4.70665
4.70906
4.71274
4.71757
4.72354
4.73092
4.7395
4.74929
4.76042
4.77277
4.78643
4.80135
4.81767
4.8353
4.85427
4.87477
4.89666
4.91999
4.94488
4.97117
4.99918
5.02883
5.05997
5.09291
5.11873
5.08549
5.05415
5.02444
4.99635
4.96984
4.94486
4.92145
4.89936
4.87888
4.85966
4.84199
4.82563
4.81049
4.79679
4.78443
4.77332
4.76344
4.75483
4.74753
4.7414
4.73655
4.73283
4.73028
4.72921
4.72921
4.73028
4.73283
4.73655
4.7414
4.74753
4.75483
4.76344
4.77332
4.78443
4.79679
4.81049
4.82563
4.84199
4.85966
4.87888
4.89936
4.92145
4.94486
4.96984
4.99635
5.02444
5.05415
5.08549
5.11873
5.14604
5.11271
5.08118
5.05132
5.02301
4.99633
4.97128
4.94769
4.92554
4.90491
4.8857
4.86776
4.8513
4.83623
4.8224
4.80994
4.79877
4.78885
4.78022
4.77281
4.7667
4.76177
4.75808
4.75563
4.75445
4.75445
4.75563
4.75808
4.76177
4.7667
4.77281
4.78022
4.78885
4.79877
4.80994
4.8224
4.83623
4.8513
4.86776
4.8857
4.90491
4.92554
4.94769
4.97128
4.99633
5.02301
5.05132
5.08118
5.11271
5.14604
5.17485
5.14152
5.10977
5.07972
5.05124
5.02444
4.9992
4.97553
4.95323
4.93254
4.91315
4.89519
4.87863
4.86331
4.8496
4.83698
4.8258
4.81579
4.80702
4.79962
4.7935
4.78853
4.78486
4.78241
4.7812
4.7812
4.78241
4.78486
4.78853
4.7935
4.79962
4.80702
4.81579
4.8258
4.83698
4.8496
4.86331
4.87863
4.89519
4.91315
4.93254
4.95323
4.97553
4.9992
5.02444
5.05124
5.07972
5.10977
5.14152
5.17485
5.20561
5.17193
5.13997
5.10979
5.08121
5.05419
5.02873
5.00491
4.98253
4.9617
4.94217
4.92415
4.90746
4.89225
4.87826
4.86566
4.85432
4.84423
4.83555
4.82793
4.8219
4.81682
4.81314
4.81066
4.80953
4.80953
4.81066
4.81314
4.81682
4.8219
4.82793
4.83555
4.84423
4.85432
4.86566
4.87826
4.89225
4.90746
4.92415
4.94217
4.9617
4.98253
5.00491
5.02873
5.05419
5.08121
5.10979
5.13997
5.17193
5.20561
5.23786
5.204
5.17185
5.14144
5.11264
5.08553
5.06004
5.03606
5.01344
4.99248
4.97291
4.95467
4.93796
4.92262
4.90853
4.89588
4.88442
4.87431
4.86559
4.85806
4.85177
4.84681
4.84297
4.84057
4.83932
4.83932
4.84057
4.84297
4.84681
4.85177
4.85806
4.86559
4.87431
4.88442
4.89588
4.90853
4.92262
4.93796
4.95467
4.97291
4.99248
5.01344
5.03606
5.06004
5.08553
5.11264
5.14144
5.17185
5.204
5.23786
5.27193
5.23792
5.20554
5.1749
5.14603
5.11866
5.09296
5.06885
5.04621
5.02504
5.0052
4.98688
4.97014
4.95467
4.94047
4.92775
4.91615
4.90612
4.89726
4.88972
4.88341
4.87834
4.87464
4.872
4.87086
4.87086
4.872
4.87464
4.87834
4.88341
4.88972
4.89726
4.90612
4.91615
4.92775
4.94047
4.95467
4.97014
4.98688
5.0052
5.02504
5.04621
5.06885
5.09296
5.11866
5.14603
5.1749
5.20554
5.23792
5.27193
