Label: Box
Position: -2.26148, 0.237465, -0.129673
Orientation (Quaternion): 0.656177, -0.310518, 0.637507, 0.258062
5.27193
5.23792
5.20554
5.1749
5.14603
5.11866
5.09296
5.06885
5.04621
5.02504
5.0052
4.98688
4.97014
4.95467
4.94047
4.92775
4.91615
4.90612
4.89726
4.88972
4.88341
4.87834
4.87464
4.872
4.87086
2.48927
2.48925
2.48987
2.49113
2.49303
2.49433
2.49707
2.50151
2.50771
4.92775
4.94047
4.95467
4.97014
4.98688
5.0052
5.02504
5.04621
5.06885
5.09296
5.11866
5.14603
5.1749
5.20554
5.23792
5.27193
5.23786
5.204
5.17185
5.14144
5.11264
5.08553
5.06004
5.03606
2.48099
2.46902
2.45886
2.45047
2.44169
2.43343
2.42586
2.41895
2.41269
2.40709
2.40213
2.3978
2.3941
2.39103
2.38858
2.38674
2.38552
2.38492
2.38492
2.38554
2.38678
2.38844
2.38943
2.39185
2.3959
2.40162
4.89588
4.90853
4.92262
4.93796
4.95467
4.97291
4.99248
5.01344
5.03606
5.06004
5.08553
5.11264
5.14144
5.17185
5.204
5.23786
5.20561
5.17193
5.13997
5.10979
5.08121
5.05419
5.02873
2.39359
2.38049
2.36918
2.3596
2.3517
2.34371
2.33581
2.32856
2.32195
2.31598
2.31062
2.30588
2.30175
2.29823
2.2953
2.29297
2.29123
2.29008
2.28953
2.28956
2.29017
2.29138
2.29133
2.29345
2.29559
2.29928
2.30456
2.31146
4.87826
4.89225
4.90746
4.92415
4.94217
4.9617
4.98253
5.00491
5.02873
5.05419
5.08121
5.10979
5.13997
5.17193
5.20561
5.17485
5.14152
5.10977
5.07972
5.05124
5.02444
4.9992
2.30067
2.28824
2.27753
2.26848
2.25641
2.25385
2.24628
2.23933
2.233
2.22727
2.22214
2.2176
2.21365
2.21028
2.20749
2.20526
2.20361
2.20253
2.20202
2.20206
2.20268
2.20386
2.20239
2.19421
2.21083
2.21057
2.21544
2.22187
4.8496
4.86331
4.87863
4.89519
4.91315
4.93254
4.95323
4.97553
4.9992
5.02444
5.05124
5.07972
5.10977
5.14152
5.17485
5.14604
5.11271
5.08118
5.05132
5.02301
4.99633
2.2286
2.21509
2.20514
2.1967
2.17045
2.17177
2.17117
2.16389
2.15722
2.15113
2.14563
2.14071
2.13636
2.13257
2.12934
2.12667
2.12455
2.12298
2.12195
2.12147
2.12154
2.12215
2.12331
2.12067
2.11348
2.10764
2.12884
2.13736
2.13934
2.14691
4.83623
4.8513
4.86776
4.8857
4.90491
4.92554
4.94769
4.97128
4.99633
5.02301
5.05132
5.08118
5.11271
5.14604
5.11873
5.08549
5.05415
5.02444
4.99635
4.96984
2.14892
2.13893
2.12481
2.11514
2.09326
2.09385
2.09485
2.08785
2.08143
2.07558
2.07029
2.06556
2.06137
2.05773
2.05464
2.05207
2.05004
2.04854
2.04757
2.04712
2.0472
2.04781
2.04894
2.04537
2.03908
2.03409
2.05877
2.06258
2.06693
2.05681
4.81049
4.82563
4.84199
4.85966
4.87888
4.89936
4.92145
4.94486
4.96984
4.99635
5.02444
5.05415
5.08549
5.11873
5.09291
5.05997
5.02883
4.99918
4.97117
2.08905
2.07707
2.06283
2.05211
2.04792
2.02203
2.02195
2.02307
2.01748
2.01129
2.00565
2.00055
1.99599
1.99197
1.98846
1.98549
1.98302
1.98108
1.97964
1.97871
1.9783
1.97839
1.97899
1.9801
1.97579
1.97033
1.96614
1.98965
1.99169
1.9865
1.98498
2.00762
4.80135
4.81767
4.8353
4.85427
4.87477
4.89666
4.91999
4.94488
4.97117
4.99918
5.02883
5.05997
5.09291
5.06874
5.03604
5.00494
4.97547
4.94765
2.01444
1.9941
1.99944
1.99038
1.96514
1.95614
1.95543
1.95589
1.95218
1.9462
1.94076
1.93584
1.93144
1.92756
1.92419
1.92132
1.91895
1.91707
1.9157
1.91482
1.91443
1.91453
1.91512
1.91438
1.90725
1.9011
1.92244
1.92552
1.9291
1.9332
1.92295
1.94295
1.93311
4.79476
4.8123
4.83132
4.85157
4.87345
4.89664
4.92145
4.94765
4.97547
5.00494
5.03604
5.06874
5.04619
5.01352
4.98256
4.95323
1.96826
1.95738
1.94712
1.93746
1.92839
1.91989
1.91196
1.90458
1.89775
1.87492
1.88083
1.88041
1.87565
1.87141
1.86765
1.8644
1.86163
1.85934
1.85754
1.85622
1.85538
1.84389
1.85511
1.8557
1.85677
1.85832
1.85206
1.86285
1.86344
1.85468
1.85818
1.87779
1.87596
1.88828
4.77336
4.79087
4.8097
4.82996
4.85166
4.87474
4.89943
4.92557
4.95323
4.98256
5.01352
5.04619
5.02494
4.9924
4.96167
4.93248
1.90927
1.89015
1.88732
1.85796
1.87062
1.86153
1.8547
1.82725
1.84094
1.83484
1.82924
1.82415
1.81955
1.81544
1.79402
1.80114
1.80599
1.80056
1.78364
1.80077
1.79996
1.79961
1.79973
1.80031
1.80136
1.80287
1.80484
1.80728
1.80228
1.80597
1.81198
1.82182
1.82029
1.83203
1.81831
4.77078
4.7895
4.80973
4.83133
4.85427
4.87884
4.90468
4.93248
4.96167
4.9924
5.02494
5.00522
4.9729
4.94222
4.91316
1.85251
1.84391
1.82675
1.82518
1.81666
1.80159
1.80123
1.7943
1.77664
1.78196
1.77654
1.7716
1.76715
1.76317
1.75965
1.7566
1.75401
1.75188
1.7502
1.74897
1.7482
1.74788
1.748
1.74857
1.7496
1.75107
1.74703
1.75538
1.75823
1.76153
1.75831
1.75509
1.76184
1.77606
1.78431
4.75204
4.77075
4.79087
4.81234
4.83533
4.85973
4.88557
4.91316
4.94222
4.9729
5.00522
4.98698
4.95475
4.92416
1.79928
1.80041
1.77592
1.77631
1.76955
1.74592
1.75842
1.75119
1.74446
1.73823
1.73248
1.72722
1.72243
1.7181
1.71425
1.71084
1.70788
1.70537
1.70331
1.70168
1.7005
1.69976
1.69945
1.69958
1.70015
1.70115
1.69421
1.70447
1.7068
1.70958
1.7128
1.71449
1.71424
1.71973
1.72818
1.7327
1.74194
4.75335
4.77328
4.79475
4.81768
4.8419
4.86777
4.89523
4.92416
4.95475
4.98698
4.97017
4.93796
4.9075
1.75864
1.74762
1.73929
1.72807
1.71976
1.71884
1.70555
1.69245
1.69774
1.68926
1.68611
1.68099
1.67633
1.67214
1.66839
1.66508
1.66221
1.65978
1.65778
1.6562
1.65506
1.65435
1.65405
1.65419
1.65474
1.65573
1.65184
1.65898
1.6523
1.66036
1.6671
1.67068
1.67472
1.67921
1.68202
1.6877
1.69501
4.73715
4.75715
4.77857
4.80137
4.82554
4.85138
4.87866
4.9075
4.93796
4.97017
4.95469
4.9226
4.89222
1.71696
1.70653
1.69577
1.69057
1.68224
1.6744
1.66708
1.65705
1.65387
1.6427
1.64255
1.63758
1.63305
1.62897
1.62532
1.62211
1.61931
1.61695
1.61501
1.61349
1.61239
1.61168
1.61142
1.61155
1.6121
1.61306
1.59774
1.60128
1.61231
1.61273
1.61451
1.61981
1.62557
1.6318
1.63852
1.64576
1.64978
1.66316
4.74232
4.76369
4.7864
4.81046
4.83624
4.86341
4.89222
4.9226
4.95469
4.94054
4.90857
1.68592
1.67505
1.65131
1.65521
1.63471
1.63595
1.62658
1.61896
1.61272
1.60122
1.59723
1.59374
1.5907
1.58817
1.58606
1.58438
1.58314
1.58234
1.58197
1.58205
1.58255
1.58347
1.58481
1.58658
1.58877
1.59139
1.5946
1.59833
1.60261
1.60749
1.61739
1.6233
1.62981
1.63686
1.64577
1.65387
1.66232
1.67128
1.68255
4.72882
4.75006
4.7727
4.79687
4.82245
4.84961
4.87823
4.90857
4.94054
4.92773
4.89582
1.65381
1.65105
1.64449
1.63798
1.62916
1.6263
1.62123
1.61283
1.60832
1.60427
1.60694
1.59746
1.59365
1.5927
1.5913
1.59039
1.58999
1.59009
1.59072
1.59154
1.59224
1.59335
1.59487
1.5968
1.61158
1.61487
1.61481
1.61582
1.61847
1.62589
1.63465
1.64019
1.64697
1.65422
1.66196
1.6702
1.67894
1.68819
4.69681
4.71658
4.73765
4.76041
4.78445
4.80995
4.83695
4.86567
4.89582
4.92773
4.91617
4.88441
1.67599
1.66869
1.66175
1.65528
1.64923
1.64358
1.64065
1.63358
1.62868
1.62569
1.61788
1.61881
1.62198
1.60823
1.60794
1.60822
1.60912
1.61064
1.61282
1.61467
1.615
1.61577
1.617
1.61867
1.62079
1.6227
1.63135
1.63971
1.6359
1.64158
1.64772
1.65942
1.66141
1.66898
1.68005
1.68557
1.69749
1.70858
4.68585
4.70563
4.72671
4.7493
4.77328
4.79877
4.82565
4.85422
4.88441
4.91617
4.90614
4.8743
1.69546
1.68551
1.67825
1.67139
1.66536
1.65888
1.6563
1.64792
1.64838
1.63847
1.64308
1.63383
1.63242
1.63462
1.63584
1.63637
1.63596
1.63597
1.6364
1.63725
1.63852
1.64022
1.64235
1.6449
1.64788
1.64919
1.64811
1.64802
1.66379
1.66441
1.66458
1.68127
1.6879
1.69197
1.70151
1.71077
1.71367
1.72513
4.67622
4.69593
4.71695
4.7393
4.76339
4.78888
4.8158
4.84431
4.8743
4.90614
4.89723
4.86553
4.83546
1.70673
1.69367
1.68876
1.67998
1.67275
1.67825
1.67016
1.67009
1.66669
1.66373
1.65152
1.65389
1.65729
1.6562
1.65539
1.655
1.65504
1.65551
1.6564
1.65772
1.65947
1.66165
1.66426
1.66731
1.66762
1.67474
1.67912
1.68397
1.68927
1.69504
1.70131
1.70805
1.71529
1.71203
1.7313
1.73519
1.7489
4.66778
4.68731
4.70845
4.7309
4.75473
4.78015
4.80711
4.83546
4.86553
4.89723
4.88972
4.858
4.82802
1.71857
1.7178
1.70743
1.70816
1.69059
1.69812
1.69381
1.68995
1.68653
1.67354
1.68103
1.67895
1.67563
1.67607
1.67528
1.67493
1.675
1.6755
1.67644
1.6778
1.6796
1.68184
1.68452
1.68764
1.68683
1.69522
1.69969
1.70463
1.71004
1.71592
1.72228
1.72915
1.7238
1.74439
1.74484
1.75744
1.7715
4.66058
4.68023
4.7012
4.72364
4.74753
4.77285
4.79963
4.82802
4.858
4.88972
4.88335
4.85182
4.82186
1.74768
1.7367
1.72706
1.729
1.72373
1.71892
1.71458
1.71071
1.69502
1.69365
1.69335
1.69971
1.6959
1.69686
1.6961
1.69577
1.69588
1.69642
1.6974
1.69882
1.70068
1.70298
1.70572
1.70891
1.71256
1.7097
1.72123
1.71431
1.73177
1.73776
1.74425
1.75124
1.75873
1.75631
1.76782
1.78076
1.79403
4.65454
4.67415
4.69517
4.71757
4.74142
4.76673
4.79351
4.82186
4.85182
4.88335
4.87837
4.84678
4.81696
1.77087
1.75957
1.74964
1.74103
1.73369
1.74067
1.73631
1.73242
1.72899
1.72602
1.7235
1.71493
1.71661
1.71862
1.71788
1.71758
1.71773
1.71831
1.71934
1.72081
1.72273
1.7251
1.72791
1.731
1.73073
1.73156
1.74377
1.74891
1.75452
1.76064
1.76725
1.77437
1.7696
1.78006
1.7919
1.8052
4.63146
4.64976
4.66938
4.69035
4.71272
4.73654
4.76172
4.78858
4.81696
4.84678
4.87837
4.87451
4.84302
4.81305
4.78486
1.78355
1.77331
1.76442
1.76827
1.75046
1.75905
1.75514
1.7517
1.73686
1.73628
1.74416
1.73834
1.74097
1.74068
1.74041
1.7406
1.74123
1.74231
1.74384
1.74582
1.74825
1.75115
1.75361
1.75832
1.75446
1.75656
1.7598
1.77836
1.78459
1.79133
1.79859
1.79417
1.80496
1.81715
1.83297
4.62791
4.64624
4.66579
4.68675
4.70899
4.73288
4.75808
4.78486
4.81305
4.84302
4.87451
4.87209
4.84054
4.81064
4.78238
1.80969
1.79814
1.78895
1.78107
1.77446
1.78283
1.77892
1.77548
1.77251
1.75933
1.75969
1.76636
1.76368
1.76454
1.76431
1.76454
1.76522
1.76636
1.76795
1.76999
1.7725
1.77548
1.77731
1.77734
1.77848
1.79209
1.79746
1.80332
1.80968
1.81398
1.82396
1.81994
1.83107
1.84941
1.85901
4.62561
4.64374
4.66335
4.68427
4.70656
4.73044
4.75568
4.78238
4.81064
4.84054
4.87209
4.87073
4.83939
4.80942
4.78106
1.83473
1.82833
1.81468
1.80651
1.79964
1.8005
1.80381
1.80036
1.7844
1.79489
1.79285
1.78508
1.78752
1.78953
1.78934
1.78961
1.79035
1.79154
1.79319
1.79531
1.7979
1.80096
1.80217
1.80851
1.81301
1.80614
1.82348
1.82947
1.83597
1.84299
1.83689
1.84696
1.8673
1.87652
1.88305
4.62437
4.64247
4.66219
4.68307
4.70545
4.72918
4.75444
4.78106
4.80942
4.83939
4.87073
4.87073
4.83939
4.80942
4.78106
4.75444
1.85451
1.84857
1.83321
1.82606
1.8202
1.82986
1.8232
1.80995
1.8089
1.80899
1.8102
1.81254
1.8157
1.81555
1.81588
1.81666
1.81792
1.81965
1.82184
1.82452
1.82767
1.82825
1.83542
1.84003
1.84514
1.84641
1.85687
1.86353
1.87071
1.86489
1.8867
1.89553
1.89603
1.91493
4.62437
4.64247
4.66219
4.68307
4.70545
4.72918
4.75444
4.78106
4.80942
4.83939
4.87073
4.87209
4.84054
4.81064
4.78238
4.75568
1.87893
1.87594
1.87049
1.85379
1.84767
1.85716
1.8537
1.85074
1.83555
1.84627
1.83658
1.83881
1.84217
1.84302
1.8434
1.84425
1.84557
1.84737
1.84965
1.85241
1.85566
1.8594
1.86363
1.85781
1.8607
1.87935
1.88562
1.89243
1.89977
1.89428
1.91612
1.91094
1.93475
1.94496
4.62561
4.64374
4.66335
4.68427
4.70656
4.73044
4.75568
4.78238
4.81064
4.84054
4.87209
4.87451
4.84302
4.81305
4.78486
4.75808
1.91063
1.89786
1.89914
1.89417
1.87651
1.88576
1.88231
1.87935
1.86354
1.86333
1.86429
1.86642
1.86969
1.87182
1.87225
1.87316
1.87456
1.87644
1.87881
1.88166
1.88485
1.88434
1.88502
1.8869
1.89002
1.90935
1.91578
1.92274
1.93026
1.93834
1.94698
1.95621
1.96604
4.61109
4.62791
4.64624
4.66579
4.68675
4.70899
4.73288
4.75808
4.78486
4.81305
4.84302
4.87451
4.87837
4.84678
4.81696
4.78858
4.76172
1.94073
1.93468
1.91613
1.92418
1.9197
1.90145
1.91229
1.90935
1.89296
1.89259
1.89341
1.89542
1.89861
1.90202
1.90251
1.9035
1.90497
1.90693
1.90939
1.91235
1.91486
1.91451
1.91537
1.91747
1.92082
1.94083
1.94742
1.95457
1.96227
1.97054
1.97939
1.98883
1.99888
4.61461
4.63146
4.64976
4.66938
4.69035
4.71272
4.73654
4.76172
4.78858
4.81696
4.84678
4.87837
4.88335
4.85182
4.82186
4.79351
4.76673
1.97228
1.96619
1.96065
1.95564
1.95116
1.9472
1.94374
1.94081
1.92388
1.92334
1.92403
1.92592
1.92902
1.9333
1.93427
1.93533
1.93688
1.93894
1.9415
1.94457
1.94639
1.9462
1.94726
1.94958
1.95319
1.97389
1.98066
1.98799
1.99588
2.00436
2.01343
2.0231
2.03339
4.61944
4.63631
4.65454
4.67415
4.69517
4.71757
4.74142
4.76673
4.79351
4.82186
4.85182
4.88335
4.88972
4.858
4.82802
4.79963
4.77285
4.74753
1.99926
1.99369
1.98866
1.98416
1.98019
1.97675
1.97383
1.9714
1.95569
1.95623
1.958
1.96101
1.96523
1.96761
1.96875
1.9704
1.97255
1.97522
1.9784
1.97953
1.97952
1.98078
1.98334
1.98722
2.00863
2.01558
2.02311
2.03121
2.0399
2.04921
2.05912
2.06967
4.6253
4.64217
4.66058
4.68023
4.7012
4.72364
4.74753
4.77285
4.79963
4.82802
4.858
4.88972
4.89723
4.86553
4.83546
4.80711
4.78015
4.75473
2.03122
2.02837
2.02333
2.01882
2.01485
2.0114
2.0085
2.00611
1.98973
1.99012
1.99177
1.99468
1.99883
2.00264
2.00387
2.00561
2.00787
2.01065
2.01396
2.01439
2.01457
2.01605
2.01886
2.03857
2.04514
2.0523
2.06003
2.06836
2.07729
2.08683
2.09701
2.10398
4.63248
4.64942
4.66778
4.68731
4.70845
4.7309
4.75473
4.78015
4.80711
4.83546
4.86553
4.89723
4.90614
4.8743
4.84431
4.8158
4.78888
4.76339
4.7393
2.06481
2.05974
2.05523
2.05125
2.04783
2.04493
2.04258
2.02559
2.02581
2.02734
2.03014
2.03423
2.03947
2.04079
2.04264
2.04501
2.04792
2.05136
2.05108
2.05146
2.05318
2.05626
2.07679
2.08357
2.09094
2.09889
2.10745
2.11663
2.12643
2.13688
4.62521
4.64093
4.65791
4.67622
4.69593
4.71695
4.7393
4.76339
4.78888
4.8158
4.84431
4.8743
4.90614
4.91617
4.88441
4.85422
4.82565
4.79877
4.77328
4.7493
2.1031
2.09802
2.0935
2.08954
2.08612
2.08325
2.08092
2.07893
2.06343
2.06482
2.06752
2.07154
2.07685
2.07964
2.0816
2.08409
2.08713
2.09048
2.08973
2.09032
2.09229
2.09565
2.11519
2.12403
2.13162
2.13981
2.14863
2.15807
2.16427
2.17016
4.63475
4.65041
4.66748
4.68585
4.70563
4.72671
4.7493
4.77328
4.79877
4.82565
4.85422
4.88441
4.91617
4.92773
4.89582
4.86567
4.83695
4.80995
4.78445
4.76041
2.1435
2.13829
2.13377
2.12981
2.12642
2.12357
2.12128
2.11953
2.11547
2.10435
2.10695
2.11089
2.11616
2.12055
2.12263
2.12525
2.12844
2.13103
2.13046
2.13129
2.13352
2.13719
2.15945
2.16667
2.1745
2.18294
2.19081
2.20087
2.21151
2.22318
4.64556
4.66126
4.6784
4.69681
4.71658
4.73765
4.76041
4.78445
4.80995
4.83695
4.86567
4.89582
4.92773
4.94054
4.90857
4.87823
4.84961
4.82245
4.79687
4.7727
4.75006
2.18069
2.17617
2.16765
2.16885
2.16604
2.16379
2.1621
2.16095
2.1604
2.14856
2.15243
2.15766
2.16366
2.16587
2.16864
2.17198
2.1738
2.17344
2.17451
2.17703
2.19731
2.20417
2.21163
2.21776
2.22026
2.23393
2.24646
2.25684
2.26703
4.65762
4.6734
4.69057
4.70901
4.72882
4.75006
4.7727
4.79687
4.82245
4.84961
4.87823
4.90857
4.94054
4.95469
4.9226
4.89222
4.86341
4.83624
4.81046
4.7864
4.76369
2.22537
2.21865
2.21488
2.21241
2.20031
2.20861
2.20698
2.20592
2.18899
2.19801
2.19631
2.20151
2.20811
2.21148
2.21441
2.21791
2.21896
2.21882
2.22016
2.23555
2.24428
2.249
2.25911
2.26747
2.27648
2.28615
2.2965
2.30751
4.65636
4.67094
4.68681
4.70392
4.72243
4.74232
4.76369
4.7864
4.81046
4.83624
4.86341
4.89222
4.9226
4.95469
4.97017
4.93796
4.9075
4.87866
4.85138
4.82554
4.80137
4.77857
2.27255
2.26799
2.26184
2.26076
2.25803
2.25589
2.25433
2.25334
2.25128
2.23654
2.24273
2.24788
2.25448
2.25965
2.26274
2.26643
2.26669
2.26679
2.27327
2.2847
2.29393
2.30151
2.31505
2.32633
4.62513
4.63475
4.64554
4.65764
4.67088
4.68555
4.70148
4.7186
4.73715
4.75715
4.77857
4.80137
4.82554
4.85138
4.87866
4.9075
4.93796
4.97017
4.98698
4.95475
4.92416
4.89523
4.86777
4.8419
4.81768
4.79475
4.77328
2.30697
2.31131
2.30533
2.30503
2.30555
2.30675
2.3087
2.31144
2.30398
4.6324
4.62524
4.61944
4.61467
4.61109
4.60872
4.60747
4.60747
4.60872
4.61109
4.61467
4.61944
4.62524
4.6324
4.64086
4.65052
4.66129
4.67339
4.68682
4.70143
4.71728
4.7347
4.75335
4.77328
4.79475
4.81768
4.8419
4.86777
4.89523
4.92416
4.95475
4.98698
5.00522
4.9729
4.94222
4.91316
4.88557
4.85973
4.83533
4.81234
4.79087
4.77075
4.75204
4.73471
4.71866
4.70399
4.69059
4.67841
4.66748
4.65784
4.64953
4.64231
4.63636
4.6316
4.62799
4.62561
4.62433
4.62433
4.62561
4.62799
4.6316
4.63636
4.64231
4.64953
4.65784
4.66748
4.67841
4.69059
4.70399
4.71866
4.73471
4.75204
4.77075
4.79087
4.81234
4.83533
4.85973
4.88557
4.91316
4.94222
4.9729
5.00522
5.02494
4.9924
4.96167
4.93248
4.90468
4.87884
4.85427
4.83133
4.80973
4.7895
4.77078
4.75334
4.73726
4.72251
4.70902
4.69682
4.68589
4.67623
4.66783
4.66062
4.65463
4.64971
4.64622
4.64383
4.64267
4.64267
4.64383
4.64622
4.64971
4.65463
4.66062
4.66783
4.67623
4.68589
4.69682
4.70902
4.72251
4.73726
4.75334
4.77078
4.7895
4.80973
4.83133
4.85427
4.87884
4.90468
4.93248
4.96167
4.9924
5.02494
5.04619
5.01352
4.98256
4.95323
4.92557
4.89943
4.87474
4.85166
4.82996
4.8097
4.79087
4.77336
4.75715
4.74226
4.72885
4.71665
4.70553
4.69587
4.68742
4.68019
4.67415
4.66937
4.66578
4.66335
4.66211
4.66211
4.66335
4.66578
4.66937
4.67415
4.68019
4.68742
4.69587
4.70553
4.71665
4.72885
4.74226
4.75715
4.77336
4.79087
4.8097
4.82996
4.85166
4.87474
4.89943
4.92557
4.95323
4.98256
5.01352
5.04619
5.06874
5.03604
5.00494
4.97547
4.94765
4.92145
4.89664
4.87345
4.85157
4.83132
4.8123
4.79476
4.77856
4.76371
4.7501
4.73783
4.72677
4.717
4.70854
4.70107
4.69521
4.69036
4.68664
4.68433
4.68308
4.68308
4.68433
4.68664
4.69036
4.69521
4.70107
4.70854
4.717
4.72677
4.73783
4.7501
4.76371
4.77856
4.79476
4.8123
4.83132
4.85157
4.87345
4.89664
4.92145
4.94765
4.97547
5.00494
5.03604
5.06874
5.09291
5.05997
5.02883
4.99918
4.97117
4.94488
4.91999
4.89666
4.87477
4.85427
4.8353
4.81767
4.80135
4.78643
4.77277
4.76042
4.74929
4.7395
4.73092
4.72354
4.71757
4.71274
4.70906
4.70665
4.7055
4.7055
4.70665
4.70906
4.71274
4.71757
4.72354
4.73092
4.7395
4.74929
4.76042
4.77277
4.78643
4.80135
4.81767
4.8353
4.85427
4.87477
4.89666
4.91999
4.94488
4.97117
4.99918
5.02883
5.05997
5.09291
5.11873
5.08549
5.05415
5.02444
4.99635
4.96984
4.94486
4.92145
4.89936
4.87888
4.85966
4.84199
4.82563
4.81049
4.79679
4.78443
4.77332
4.76344
4.75483
4.74753
4.7414
4.73655
4.73283
4.73028
4.72921
4.72921
4.73028
4.73283
4.73655
4.7414
4.74753
4.75483
4.76344
4.77332
4.78443
4.79679
4.81049
4.82563
4.84199
4.85966
4.87888
4.89936
4.92145
4.94486
4.96984
4.99635
5.02444
5.05415
5.08549
5.11873
5.14604
5.11271
5.08118
5.05132
5.02301
4.99633
4.97128
4.94769
4.92554
4.90491
4.8857
4.86776
4.8513
4.83623
4.8224
4.80994
4.79877
4.78885
4.78022
4.77281
4.7667
4.76177
4.75808
4.75563
4.75445
4.75445
4.75563
4.75808
4.76177
4.7667
4.77281
4.78022
4.78885
4.79877
4.80994
4.8224
4.83623
4.8513
4.86776
4.8857
4.90491
4.92554
4.94769
4.97128
4.99633
5.02301
5.05132
5.08118
5.11271
5.14604
5.17485
5.14152
5.10977
5.07972
5.05124
5.02444
4.9992
4.97553
4.95323
4.93254
4.91315
4.89519
4.87863
4.86331
4.8496
4.83698
4.8258
4.81579
4.80702
4.79962
4.7935
4.78853
4.78486
4.78241
4.7812
4.7812
4.78241
4.78486
4.78853
4.7935
4.79962
4.80702
4.81579
4.8258
4.83698
4.8496
4.86331
4.87863
4.89519
4.91315
4.93254
4.95323
4.97553
4.9992
5.02444
5.05124
5.07972
5.10977
5.14152
5.17485
5.20561
5.17193
5.13997
5.10979
5.08121
5.05419
5.02873
5.00491
4.98253
4.9617
4.94217
4.92415
4.90746
4.89225
4.87826
4.86566
4.85432
4.84423
4.83555
4.82793
4.8219
4.81682
4.81314
4.81066
4.80953
4.80953
4.81066
4.81314
4.81682
4.8219
4.82793
4.83555
4.84423
4.85432
4.86566
4.87826
4.89225
4.90746
4.92415
4.94217
4.9617
4.98253
5.00491
5.02873
5.05419
5.08121
5.10979
5.13997
5.17193
5.20561
5.23786
5.204
5.17185
5.14144
5.11264
5.08553
5.06004
5.03606
5.01344
4.99248
4.97291
4.95467
4.93796
4.92262
4.90853
4.89588
4.88442
4.87431
4.86559
4.85806
4.85177
4.84681
4.84297
4.84057
4.83932
4.83932
4.84057
4.84297
4.84681
4.85177
4.85806
4.86559
4.87431
4.88442
4.89588
4.90853
4.92262
4.93796
4.95467
4.97291
4.99248
5.01344
5.03606
5.06004
5.08553
5.11264
5.14144
5.17185
5.204
5.23786
5.27193
5.23792
5.20554
5.1749
5.14603
5.11866
5.09296
5.06885
5.04621
5.02504
5.0052
4.98688
4.97014
4.95467
4.94047
4.92775
4.91615
4.90612
4.89726
4.88972
4.88341
4.87834
4.87464
4.872
4.87086
4.87086
4.872
4.87464
4.87834
4.88341
4.88972
4.89726
4.90612
4.91615
4.92775
4.94047
4.95467
4.97014
4.98688
5.0052
5.02504
5.04621
5.06885
5.09296
5.11866
5.14603
5.1749
5.20554
5.23792
5.27193
