Label: Box
Position: -2.48958, -0.0655843, -0.197119
Orientation (Quaternion): -0.0925919, -0.80054, 0.562404, -0.185104
-4.49988, 1.86391, -2.01748
-4.49995, 1.86394, -1.92665
-4.49991, 1.86392, -1.8369
-4.49989, 1.86392, -1.74825
-4.49995, 1.86394, -1.66064
-4.49991, 1.86392, -1.57395
-4.49993, 1.86393, -1.48817
-4.49998, 1.86395, -1.40324
-4.5, 1.86396, -1.31907
-4.49999, 1.86396, -1.23563
-4.49988, 1.86391, -1.15283
-4.49984, 1.86389, -1.07069
-4.49995, 1.86394, -0.989151
-4.49997, 1.86395, -0.908122
-4.49991, 1.86392, -0.827559
-4.49997, 1.86395, -0.747458
-4.49984, 1.86389, -0.667718
-4.49996, 1.86394, -0.588365
-4.49994, 1.86394, -0.509301
-4.49997, 1.86395, -0.430504
-4.49996, 1.86394, -0.351928
-4.49991, 1.86392, -0.273531
-4.49997, 1.86395, -0.195281
-4.49984, 1.86389, -0.117125
-4.49994, 1.86394, -0.039036
-4.49994, 1.86394, 0.039036
-4.49984, 1.86389, 0.117125
-4.49997, 1.86395, 0.195281
-4.49991, 1.86392, 0.273531
-4.49996, 1.86394, 0.351928
-4.49997, 1.86395, 0.430504
-4.49994, 1.86394, 0.509301
-4.49996, 1.86394, 0.588365
-4.49984, 1.86389, 0.667718
-4.49997, 1.86395, 0.747458
-4.49991, 1.86392, 0.827559
-4.49997, 1.86395, 0.908122
-4.49995, 1.86394, 0.989151
-4.49984, 1.86389, 1.07069
-4.49988, 1.86391, 1.15283
-4.49999, 1.86396, 1.23563
-4.5, 1.86396, 1.31907
-4.49998, 1.86395, 1.40324
-4.49993, 1.86393, 1.48817
-4.49991, 1.86392, 1.57395
-4.49995, 1.86394, 1.66064
-4.49989, 1.86392, 1.74825
-4.49991, 1.86392, 1.8369
-4.49995, 1.86394, 1.92665
-4.49988, 1.86391, 2.01748
-4.4999, 1.77997, -2.00444
-4.49992, 1.77997, -1.91417
-4.4999, 1.77997, -1.82502
-4.49991, 1.77997, -1.73695
-4.49987, 1.77996, -1.64987
-4.49989, 1.77996, -1.56376
-4.49995, 1.77999, -1.47855
-4.49998, 1.78, -1.39416
-4.49988, 1.77996, -1.31051
-4.49994, 1.77998, -1.22762
-4.49995, 1.77999, -1.1454
-4.49988, 1.77996, -1.06377
-4.49993, 1.77998, -0.982747
-4.49997, 1.78, -0.902247
-4.49993, 1.77998, -0.82221
-4.49997, 1.78, -0.742623
-4.49991, 1.77997, -0.663409
-4.49988, 1.77996, -0.58455
-4.49995, 1.77999, -0.506007
-4.49994, 1.77998, -0.427717
-4.4999, 1.77997, -0.349647
-4.49993, 1.77998, -0.271763
-4.49983, 1.77994, -0.194012
-4.49992, 1.77998, -0.11637
-4.49991, 1.77997, -0.0387832
-4.49991, 1.77997, 0.0387832
-4.49992, 1.77998, 0.11637
-4.49983, 1.77994, 0.194012
-4.49993, 1.77998, 0.271763
-4.4999, 1.77997, 0.349647
-4.49994, 1.77998, 0.427717
-4.49995, 1.77999, 0.506007
-4.49988, 1.77996, 0.58455
-4.49991, 1.77997, 0.663409
-4.49997, 1.78, 0.742623
-4.49993, 1.77998, 0.82221
-4.49997, 1.78, 0.902247
-4.49993, 1.77998, 0.982747
-4.49988, 1.77996, 1.06377
-4.49995, 1.77999, 1.1454
-4.49994, 1.77998, 1.22762
-4.49988, 1.77996, 1.31051
-4.49998, 1.78, 1.39416
-4.49995, 1.77999, 1.47855
-4.49989, 1.77996, 1.56376
-4.49987, 1.77996, 1.64987
-4.49991, 1.77997, 1.73695
-4.4999, 1.77997, 1.82502
-4.49992, 1.77997, 1.91417
-4.4999, 1.77997, 2.00444
-4.49997, 1.6971, -1.9921
-4.49996, 1.6971, -1.90237
-4.49993, 1.69709, -1.81377
-4.49998, 1.6971, -1.72625
-4.49998, 1.6971, -1.63973
-4.49993, 1.69709, -1.55412
-4.49988, 1.69707, -1.4694
-4.49992, 1.69708, -1.38554
-4.49991, 1.69708, -1.30243
-4.49998, 1.6971, -1.22005
-4.49991, 1.69708, -1.13831
-4.49993, 1.69709, -1.05722
-4.49991, 1.69708, -0.976678
-4.49999, 1.69711, -0.896681
-4.49995, 1.69709, -0.817139
-4.49998, 1.6971, -0.73804
-4.49996, 1.6971, -0.659321
-4.49989, 1.69707, -0.580943
-4.49995, 1.69709, -0.502883
-4.49981, 1.69704, -0.425065
-4.49998, 1.6971, -0.347495
-4.49987, 1.69706, -0.270081
-4.49989, 1.69707, -0.192817
-4.49989, 1.69707, -0.115651
-4.49999, 1.69711, -0.0385444
-4.49999, 1.69711, 0.0385444
-4.49989, 1.69707, 0.115651
-4.49989, 1.69707, 0.192817
-4.49987, 1.69706, 0.270081
-4.49998, 1.6971, 0.347495
-4.49981, 1.69704, 0.425065
-4.49995, 1.69709, 0.502883
-4.49989, 1.69707, 0.580943
-4.49996, 1.6971, 0.659321
-4.49998, 1.6971, 0.73804
-4.49995, 1.69709, 0.817139
-4.49999, 1.69711, 0.896681
-4.49991, 1.69708, 0.976678
-4.49993, 1.69709, 1.05722
-4.49991, 1.69708, 1.13831
-4.49998, 1.6971, 1.22005
-4.49991, 1.69708, 1.30243
-4.49992, 1.69708, 1.38554
-4.49988, 1.69707, 1.4694
-4.49993, 1.69709, 1.55412
-4.49998, 1.6971, 1.63973
-4.49998, 1.6971, 1.72625
-4.49993, 1.69709, 1.81377
-4.49996, 1.6971, 1.90237
-4.49997, 1.6971, 1.9921
-4.49985, 1.61516, -1.98033
-4.49997, 1.6152, -1.89119
-4.49996, 1.6152, -1.80311
-4.49997, 1.6152, -1.7161
-4.4999, 1.61518, -1.63005
-4.49991, 1.61518, -1.54498
-4.49992, 1.61518, -1.46077
-4.49997, 1.6152, -1.3774
-4.49991, 1.61518, -1.29477
-4.49999, 1.61521, -1.21288
-4.49995, 1.6152, -1.13163
-4.49994, 1.61519, -1.051
-4.49994, 1.61519, -0.97094
-4.49983, 1.61515, -0.891377
-4.49998, 1.61521, -0.812338
-4.49992, 1.61518, -0.73369
-4.49998, 1.61521, -0.655447
-4.49994, 1.61519, -0.577532
-4.49986, 1.61516, -0.499916
-4.49989, 1.61517, -0.422572
-4.49994, 1.61519, -0.345447
-4.49991, 1.61518, -0.268495
-4.49992, 1.61519, -0.191684
-4.49993, 1.61519, -0.114971
-4.49995, 1.61519, -0.0383174
-4.49995, 1.61519, 0.0383174
-4.49993, 1.61519, 0.114971
-4.49992, 1.61519, 0.191684
-4.49991, 1.61518, 0.268495
-4.49994, 1.61519, 0.345447
-4.49989, 1.61517, 0.422572
-4.49986, 1.61516, 0.499916
-4.49994, 1.61519, 0.577532
-4.49998, 1.61521, 0.655447
-4.49992, 1.61518, 0.73369
-4.49998, 1.61521, 0.812338
-4.49983, 1.61515, 0.891377
-4.49994, 1.61519, 0.97094
-4.49994, 1.61519, 1.051
-4.49995, 1.6152, 1.13163
-4.49999, 1.61521, 1.21288
-4.49991, 1.61518, 1.29477
-4.49997, 1.6152, 1.3774
-4.49992, 1.61518, 1.46077
-4.49991, 1.61518, 1.54498
-4.4999, 1.61518, 1.63005
-4.49997, 1.6152, 1.7161
-4.49996, 1.6152, 1.80311
-4.49997, 1.6152, 1.89119
-4.49985, 1.61516, 1.98033
-4.49997, 1.53424, -1.96931
-4.49993, 1.53423, -1.88059
-4.49995, 1.53423, -1.79302
-4.49998, 1.53424, -1.7065
-4.49993, 1.53423, -1.62095
-4.49991, 1.53422, -1.53633
-4.49996, 1.53424, -1.45261
-4.49996, 1.53424, -1.3697
-4.49993, 1.53423, -1.28753
-4.49995, 1.53423, -1.20609
-4.49998, 1.53424, -1.12531
-4.49989, 1.53421, -1.04511
-4.4999, 1.53422, -0.9655
-4.49995, 1.53423, -0.886415
-4.49991, 1.53422, -0.807781
-4.49993, 1.53423, -0.729588
-4.49994, 1.53423, -0.651776
-4.49993, 1.53423, -0.574301
-4.49995, 1.53423, -0.497129
-4.49992, 1.53422, -0.420211
-4.49995, 1.53423, -0.343517
-4.49992, 1.53422, -0.266994
-4.49991, 1.53422, -0.190612
-4.4999, 1.53422, -0.114328
-4.49994, 1.53423, -0.038103
-4.49994, 1.53423, 0.038103
-4.4999, 1.53422, 0.114328
-4.49991, 1.53422, 0.190612
-4.49992, 1.53422, 0.266994
-4.49995, 1.53423, 0.343517
-4.49992, 1.53422, 0.420211
-4.49995, 1.53423, 0.497129
-4.49993, 1.53423, 0.574301
-4.49994, 1.53423, 0.651776
-4.49993, 1.53423, 0.729588
-4.49991, 1.53422, 0.807781
-4.49995, 1.53423, 0.886415
-4.4999, 1.53422, 0.9655
-4.49989, 1.53421, 1.04511
-4.49998, 1.53424, 1.12531
-4.49995, 1.53423, 1.20609
-4.49993, 1.53423, 1.28753
-4.49996, 1.53424, 1.3697
-4.49996, 1.53424, 1.45261
-4.49991, 1.53422, 1.53633
-4.49993, 1.53423, 1.62095
-4.49998, 1.53424, 1.7065
-4.49995, 1.53423, 1.79302
-4.49993, 1.53423, 1.88059
-4.49997, 1.53424, 1.96931
-4.49997, 1.45416, -1.95885
-4.49985, 1.45412, -1.87058
-4.4999, 1.45414, -1.78348
-4.49992, 1.45414, -1.69742
-4.49993, 1.45414, -1.61234
-4.49993, 1.45415, -1.52819
-4.49993, 1.45415, -1.44489
-4.49998, 1.45416, -1.36243
-4.49989, 1.45413, -1.28068
-4.49996, 1.45416, -1.19969
-4.49989, 1.45413, -1.11931
-4.49995, 1.45415, -1.03958
-4.49997, 1.45416, -0.960391
-4.49988, 1.45413, -0.881697
-4.4999, 1.45414, -0.803493
-4.49995, 1.45415, -0.725718
-4.49997, 1.45416, -0.64832
-4.49994, 1.45415, -0.571254
-4.49993, 1.45415, -0.494489
-4.49997, 1.45416, -0.417985
-4.49995, 1.45415, -0.341693
-4.49998, 1.45416, -0.26558
-4.49991, 1.45414, -0.1896
-4.4998, 1.4541, -0.113718
-4.49994, 1.45415, -0.0379008
-4.49994, 1.45415, 0.0379008
-4.4998, 1.4541, 0.113718
-4.49991, 1.45414, 0.1896
-4.49998, 1.45416, 0.26558
-4.49995, 1.45415, 0.341693
-4.49997, 1.45416, 0.417985
-4.49993, 1.45415, 0.494489
-4.49994, 1.45415, 0.571254
-4.49997, 1.45416, 0.64832
-4.49995, 1.45415, 0.725718
-4.4999, 1.45414, 0.803493
-4.49988, 1.45413, 0.881697
-4.49997, 1.45416, 0.960391
-4.49995, 1.45415, 1.03958
-4.49989, 1.45413, 1.11931
-4.49996, 1.45416, 1.19969
-4.49989, 1.45413, 1.28068
-4.49998, 1.45416, 1.36243
-4.49993, 1.45415, 1.44489
-4.49993, 1.45415, 1.52819
-4.49993, 1.45414, 1.61234
-4.49992, 1.45414, 1.69742
-4.4999, 1.45414, 1.78348
-4.49985, 1.45412, 1.87058
-4.49997, 1.45416, 1.95885
-4.49989, 1.37488, -1.94897
-4.49988, 1.37488, -1.86119
-4.49997, 1.3749, -1.77455
-4.49991, 1.37488, -1.68889
-4.49986, 1.37487, -1.60422
-4.49995, 1.3749, -1.52051
-4.49992, 1.37489, -1.43763
-4.49993, 1.37489, -1.35557
-4.49992, 1.37489, -1.27426
-4.49987, 1.37487, -1.19364
-4.49994, 1.37489, -1.1137
-4.49996, 1.3749, -1.03436
-4.49995, 1.3749, -0.955559
-4.49999, 1.37491, -0.877287
-4.49998, 1.3749, -0.799468
-4.49998, 1.37491, -0.722076
-4.49992, 1.37489, -0.645055
-4.49994, 1.37489, -0.568383
-4.49992, 1.37489, -0.492002
-4.49985, 1.37487, -0.415874
-2.23717, 0.683537, -0.169021
-4.49997, 1.3749, -0.264245
-2.24261, 0.685197, -0.0940155
-2.24533, 0.686028, -0.0564584
-2.24805, 0.686861, -0.0188391
-2.25078, 0.687695, 0.018862
-2.25352, 0.688532, 0.0566644
-2.25627, 0.689371, 0.0945882
-2.25903, 0.690214, 0.132654
-4.49995, 1.3749, 0.339976
-4.49985, 1.37487, 0.415874
-4.49992, 1.37489, 0.492002
-4.49994, 1.37489, 0.568383
-4.49992, 1.37489, 0.645055
-4.49998, 1.37491, 0.722076
-4.49998, 1.3749, 0.799468
-4.49999, 1.37491, 0.877287
-4.49995, 1.3749, 0.955559
-4.49996, 1.3749, 1.03436
-4.49994, 1.37489, 1.1137
-4.49987, 1.37487, 1.19364
-4.49992, 1.37489, 1.27426
-4.49993, 1.37489, 1.35557
-4.49992, 1.37489, 1.43763
-4.49995, 1.3749, 1.52051
-4.49986, 1.37487, 1.60422
-4.49991, 1.37488, 1.68889
-4.49997, 1.3749, 1.77455
-4.49988, 1.37488, 1.86119
-4.49989, 1.37488, 1.94897
-4.49988, 1.29639, -1.93972
-4.49996, 1.29642, -1.85239
-4.49995, 1.29641, -1.76612
-4.49993, 1.29641, -1.68088
-4.49993, 1.29641, -1.59663
-4.49999, 1.29642, -1.51331
-4.49991, 1.2964, -1.43081
-4.49996, 1.29642, -1.34914
-4.49987, 1.29639, -1.26819
-4.49996, 1.29642, -1.18799
-4.4999, 1.2964, -1.1084
-4.49992, 1.29641, -1.02944
-4.49995, 1.29641, -0.951024
-4.49999, 1.29642, -0.873122
-4.49996, 1.29642, -0.795671
-2.20759, 0.635995, -0.352553
-4.49995, 1.29641, -0.641997
-4.49994, 1.29641, -0.565685
-2.2156, 0.638304, -0.241095
-4.4998, 1.29637, -0.413896
-2.22093, 0.639839, -0.166997
-2.22359, 0.640606, -0.129953
-2.22626, 0.641374, -0.0928872
-2.22893, 0.642143, -0.05578
-2.2316, 0.642912, -0.0186124
-2.23428, 0.643684, 0.0186348
-2.23696, 0.644458, 0.0559811
-2.23966, 0.645234, 0.0934463
-2.24327, 0.646274, 0.131103
-4.49998, 1.29642, 0.338364
-4.4998, 1.29637, 0.413896
-4.49999, 1.29642, 0.489675
-4.49994, 1.29641, 0.565685
-4.49995, 1.29641, 0.641997
-4.49999, 1.29642, 0.71865
-4.49996, 1.29642, 0.795671
-4.49999, 1.29642, 0.873122
-4.49995, 1.29641, 0.951024
-4.49992, 1.29641, 1.02944
-4.4999, 1.2964, 1.1084
-4.49996, 1.29642, 1.18799
-4.49987, 1.29639, 1.26819
-4.49996, 1.29642, 1.34914
-4.49991, 1.2964, 1.43081
-4.49999, 1.29642, 1.51331
-4.49993, 1.29641, 1.59663
-4.49993, 1.29641, 1.68088
-4.49995, 1.29641, 1.76612
-4.49996, 1.29642, 1.85239
-4.49988, 1.29639, 1.93972
-4.49998, 1.21866, -1.93109
-4.49995, 1.21865, -1.8441
-4.49994, 1.21865, -1.75822
-4.49991, 1.21864, -1.67336
-4.49996, 1.21865, -1.5895
-4.49996, 1.21866, -1.50654
-4.4999, 1.21864, -1.42441
-4.49994, 1.21865, -1.34311
-4.49994, 1.21865, -1.26255
-4.49993, 1.21865, -1.18268
-4.49997, 1.21866, -1.10347
-4.49995, 1.21865, -1.02484
-4.4999, 1.21864, -0.946763
-2.18669, 0.592188, -0.422383
-4.49994, 1.21865, -0.792112
-4.49998, 1.21866, -0.715437
-4.49984, 1.21862, -0.639112
-4.49988, 1.21863, -0.56315
-2.19983, 0.595747, -0.238309
-2.20245, 0.596455, -0.201678
-2.20506, 0.597163, -0.165063
-2.20768, 0.597871, -0.128446
-2.21029, 0.598579, -0.0918089
-2.21291, 0.599288, -0.0551317
-2.21553, 0.599998, -0.0183959
-2.21816, 0.60071, 0.0184177
-2.2208, 0.601424, 0.0553281
-2.22344, 0.60214, 0.092355
-2.22609, 0.602858, 0.129518
-4.4999, 1.21864, 0.336847
-4.49992, 1.21864, 0.412057
-4.49991, 1.21864, 0.487479
-4.49988, 1.21863, 0.56315
-4.49984, 1.21862, 0.639112
-4.49998, 1.21866, 0.715437
-4.49994, 1.21865, 0.792112
-4.49984, 1.21862, 0.869191
-4.4999, 1.21864, 0.946763
-4.49995, 1.21865, 1.02484
-4.49997, 1.21866, 1.10347
-4.49993, 1.21865, 1.18268
-4.49994, 1.21865, 1.26255
-4.49994, 1.21865, 1.34311
-4.4999, 1.21864, 1.42441
-4.49996, 1.21866, 1.50654
-4.49996, 1.21865, 1.5895
-4.49991, 1.21864, 1.67336
-4.49994, 1.21865, 1.75822
-4.49995, 1.21865, 1.8441
-4.49998, 1.21866, 1.93109
-4.4999, 1.14155, -1.92296
-4.49987, 1.14154, -1.83634
-4.49994, 1.14156, -1.75085
-4.49994, 1.14156, -1.66635
-4.49974, 1.14151, -1.58276
-4.49992, 1.14155, -1.5002
-4.49988, 1.14154, -1.41843
-4.49997, 1.14157, -1.33748
-4.49996, 1.14157, -1.25726
-4.4999, 1.14155, -1.17771
-4.49996, 1.14157, -1.09884
-2.1663, 0.549553, -0.491294
-2.16891, 0.550216, -0.454417
-4.49996, 1.14157, -0.86557
-4.49995, 1.14156, -0.788791
-2.17669, 0.552191, -0.344614
-2.17927, 0.552845, -0.308224
-2.18185, 0.553498, -0.271908
-2.18442, 0.55415, -0.235647
-2.18698, 0.554802, -0.199422
-2.18955, 0.555453, -0.163215
-2.19212, 0.556104, -0.127006
-2.19469, 0.556755, -0.0907783
-2.19726, 0.557407, -0.0545121
-2.19983, 0.55806, -0.0181889
-2.20241, 0.558715, 0.0182102
-2.205, 0.559371, 0.0547042
-2.20759, 0.560029, 0.0913122
-2.2102, 0.56069, 0.128054
-2.21281, 0.561354, 0.164948
-4.49998, 1.14157, 0.410334
-4.49998, 1.14157, 0.48544
-4.49994, 1.14156, 0.560795
-4.49993, 1.14156, 0.636444
-4.49994, 1.14156, 0.71243
-4.49995, 1.14156, 0.788791
-4.49996, 1.14157, 0.86557
-4.49995, 1.14156, 0.942803
-4.49995, 1.14156, 1.02054
-4.49996, 1.14157, 1.09884
-4.4999, 1.14155, 1.17771
-4.49996, 1.14157, 1.25726
-4.49997, 1.14157, 1.33748
-4.49988, 1.14154, 1.41843
-4.49992, 1.14155, 1.5002
-4.49974, 1.14151, 1.58276
-4.49994, 1.14156, 1.66635
-4.49994, 1.14156, 1.75085
-4.49987, 1.14154, 1.83634
-4.4999, 1.14155, 1.92296
-4.49989, 1.06508, -1.91542
-4.49994, 1.0651, -1.82917
-4.49996, 1.0651, -1.74399
-4.49997, 1.0651, -1.65983
-4.49986, 1.06508, -1.57659
-4.49995, 1.0651, -1.49433
-4.49997, 1.0651, -1.41289
-4.49993, 1.06509, -1.33223
-4.49996, 1.0651, -1.25233
-4.49994, 1.0651, -1.1731
-2.14895, 0.508637, -0.52269
-4.49997, 1.0651, -1.01655
-2.1541, 0.509855, -0.449544
-2.15666, 0.510461, -0.413207
-2.1592, 0.511064, -0.377
-2.16175, 0.511665, -0.340905
-2.16428, 0.512265, -0.304903
-2.16681, 0.512864, -0.268975
-2.16933, 0.513461, -0.233102
-2.17185, 0.514058, -0.197265
-2.17438, 0.514655, -0.161448
-2.1769, 0.515252, -0.12563
-2.17942, 0.515849, -0.0897933
-2.18195, 0.516447, -0.0539199
-2.18447, 0.517045, -0.0179911
-2.18701, 0.517645, 0.0180119
-2.18955, 0.518246, 0.0541078
-2.1921, 0.51885, 0.0903157
-2.19466, 0.519455, 0.126655
-2.19723, 0.520063, 0.163144
-4.49995, 1.0651, 0.408722
-4.49998, 1.0651, 0.483537
-4.4999, 1.06508, 0.55859
-4.4999, 1.06508, 0.633944
-4.49995, 1.0651, 0.709637
-4.49999, 1.06511, 0.785704
-4.49997, 1.0651, 0.862176
-4.49993, 1.06509, 0.939102
-4.49997, 1.0651, 1.01655
-4.49994, 1.0651, 1.09452
-4.49994, 1.0651, 1.1731
-4.49996, 1.0651, 1.25233
-4.49993, 1.06509, 1.33223
-4.49997, 1.0651, 1.41289
-4.49995, 1.0651, 1.49433
-4.49986, 1.06508, 1.57659
-4.49997, 1.0651, 1.65983
-4.49996, 1.0651, 1.74399
-4.49994, 1.0651, 1.82917
-4.49989, 1.06508, 1.91542
-4.49993, 0.989205, -1.90844
-4.49995, 0.98921, -1.82249
-4.49995, 0.989209, -1.73761
-4.49997, 0.989215, -1.65377
-4.4999, 0.9892, -1.57085
-4.49987, 0.989192, -1.48884
-4.49998, 0.989216, -1.40773
-4.49992, 0.989203, -1.32736
-4.49987, 0.989193, -1.24773
-2.13198, 0.468666, -0.553761
-2.13453, 0.469227, -0.517287
-2.13707, 0.469785, -0.481002
-2.13959, 0.47034, -0.444886
-2.1421, 0.470892, -0.40892
-2.14461, 0.471443, -0.373084
-2.14711, 0.471992, -0.33736
-2.1496, 0.472539, -0.301729
-2.15208, 0.473086, -0.266171
-2.15456, 0.473631, -0.230669
-2.15704, 0.474176, -0.195205
-2.15952, 0.474721, -0.159759
-2.162, 0.475266, -0.124314
-2.16448, 0.47581, -0.088852
-2.16696, 0.476356, -0.053354
-2.16944, 0.476902, -0.017802
-2.17193, 0.47745, 0.0178225
-2.17443, 0.477999, 0.053538
-2.17694, 0.478549, 0.0893634
-2.17945, 0.479102, 0.125318
-2.18197, 0.479656, 0.16142
-2.18451, 0.480214, 0.19769
-4.49984, 0.989186, 0.481756
-4.49993, 0.989205, 0.556554
-4.49998, 0.989217, 0.63164
-4.49991, 0.989201, 0.707039
-4.49992, 0.989203, 0.782822
-4.49998, 0.989217, 0.859029
-4.49993, 0.989207, 0.935673
-4.49983, 0.989183, 1.0128
-4.49995, 0.989211, 1.09053
-4.49996, 0.989212, 1.16882
-4.49987, 0.989193, 1.24773
-4.49992, 0.989203, 1.32736
-4.49998, 0.989216, 1.40773
-4.49987, 0.989192, 1.48884
-4.4999, 0.9892, 1.57085
-4.49997, 0.989215, 1.65377
-4.49995, 0.989209, 1.73761
-4.49995, 0.98921, 1.82249
-4.49993, 0.989205, 1.90844
-4.49998, 0.913863, -1.902
-4.49993, 0.913852, -1.81631
-4.49994, 0.913855, -1.73173
-4.49997, 0.91386, -1.64817
-4.49998, 0.913862, -1.56556
-2.10769, 0.428033, -0.695001
-2.11027, 0.428556, -0.657924
-2.11282, 0.429075, -0.621119
-2.11386, 0.429287, -0.584151
-2.11716, 0.429957, -0.548053
-2.12039, 0.430612, -0.512122
-2.12289, 0.431118, -0.476193
-2.12537, 0.431623, -0.440433
-2.12784, 0.432125, -0.404822
-2.1303, 0.432625, -0.369342
-2.13276, 0.433124, -0.333972
-2.13521, 0.433621, -0.298695
-2.13765, 0.434118, -0.263492
-2.14009, 0.434613, -0.228345
-2.14253, 0.435108, -0.193235
-2.14497, 0.435603, -0.158146
-2.1474, 0.436098, -0.123057
-2.14984, 0.436593, -0.0879526
-2.15228, 0.437088, -0.0528133
-2.15472, 0.437584, -0.0176214
-2.15717, 0.438081, 0.0176414
-2.15963, 0.43858, 0.0529935
-2.16209, 0.43908, 0.0884536
-2.16456, 0.439582, 0.12404
-2.16704, 0.440085, 0.159773
-2.16953, 0.440592, 0.195671
-4.49987, 0.91384, 0.48013
-4.4999, 0.913846, 0.554668
-4.49994, 0.913855, 0.629498
-4.49993, 0.913853, 0.704651
-4.49998, 0.913862, 0.780184
-4.4999, 0.913846, 0.856108
-4.49996, 0.913858, 0.932512
-4.49998, 0.913863, 1.00941
-4.49988, 0.913841, 1.08682
-4.49985, 0.913836, 1.16484
-4.49989, 0.913844, 1.24351
-4.49996, 0.913858, 1.32288
-4.49996, 0.913859, 1.40297
-4.49989, 0.913843, 1.48381
-4.49998, 0.913862, 1.56556
-4.49997, 0.91386, 1.64817
-4.49994, 0.913855, 1.73173
-4.49993, 0.913852, 1.81631
-4.49998, 0.913863, 1.902
-4.49999, 0.838998, -1.89608
-4.49996, 0.838992, -1.81066
-4.49996, 0.838993, -1.72634
-2.0889, 0.389464, -0.762701
-2.09147, 0.389944, -0.725364
-2.09403, 0.39042, -0.688342
-2.09656, 0.390892, -0.651613
-2.09907, 0.391361, -0.615154
-2.10156, 0.391825, -0.578942
-2.10268, 0.392034, -0.542608
-2.10085, 0.391692, -0.505821
-2.10622, 0.392693, -0.470983
-2.11142, 0.393662, -0.436178
-2.11385, 0.394116, -0.400907
-2.11627, 0.394568, -0.365765
-2.11869, 0.395018, -0.330734
-2.1211, 0.395467, -0.295796
-2.1235, 0.395915, -0.260932
-2.1259, 0.396363, -0.226124
-2.1283, 0.39681, -0.191354
-2.1307, 0.397257, -0.156604
-2.13309, 0.397704, -0.121856
-2.13549, 0.398151, -0.0870932
-2.13789, 0.398598, -0.0522967
-2.14029, 0.399046, -0.0174488
-2.1427, 0.399495, 0.0174685
-2.14512, 0.399945, 0.0524735
-2.14754, 0.400397, 0.0875845
-2.14997, 0.40085, 0.12282
-2.15241, 0.401305, 0.158199
-2.15486, 0.401762, 0.193741
-2.15732, 0.402221, 0.229466
-4.4999, 0.838982, 0.552939
-4.49992, 0.838985, 0.627533
-4.49992, 0.838985, 0.702452
-4.49998, 0.838997, 0.777753
-4.49993, 0.838988, 0.853446
-4.49996, 0.838992, 0.929605
-4.49996, 0.838994, 1.00626
-4.49991, 0.838983, 1.08344
-4.49989, 0.83898, 1.16122
-4.49989, 0.83898, 1.23964
-4.49997, 0.838994, 1.31876
-4.49996, 0.838993, 1.39859
-4.49985, 0.838973, 1.47918
-4.49996, 0.838993, 1.56068
-4.49993, 0.838987, 1.64302
-4.49996, 0.838993, 1.72634
-4.49996, 0.838992, 1.81066
-4.49999, 0.838998, 1.89608
-4.49997, 0.764576, -1.89066
-2.07041, 0.351777, -0.830704
-2.073, 0.352216, -0.793006
-2.07556, 0.352651, -0.755669
-2.07809, 0.353082, -0.718667
-2.0806, 0.353509, -0.68198
-2.0831, 0.353932, -0.645582
-2.08557, 0.354353, -0.609454
-2.08089, 0.353557, -0.57161
-2.08826, 0.35481, -0.537349
-2.0929, 0.355598, -0.50247
-2.09532, 0.356008, -0.467208
-2.08673, 0.35455, -0.42985
-2.09393, 0.355772, -0.395996
-2.1018, 0.35711, -0.362228
-2.10488, 0.357633, -0.327642
-2.10725, 0.358036, -0.293027
-2.10962, 0.358438, -0.258486
-2.11198, 0.35884, -0.224002
-2.11434, 0.359241, -0.189556
-2.1167, 0.359641, -0.155131
-2.11905, 0.360042, -0.120709
-2.12141, 0.360443, -0.0862723
-2.12378, 0.360844, -0.0518033
-2.12614, 0.361246, -0.017284
-2.12851, 0.361648, 0.0173033
-2.13089, 0.362052, 0.0519767
-2.13327, 0.362457, 0.0867544
-2.13566, 0.362863, 0.121655
-2.13806, 0.363271, 0.156697
-2.14047, 0.36368, 0.191899
-2.14289, 0.364092, 0.227281
-2.14533, 0.364506, 0.262862
-4.49994, 0.764571, 0.625746
-4.4999, 0.764564, 0.700447
-4.49983, 0.764552, 0.775509
-4.49987, 0.764559, 0.851
-4.49996, 0.764574, 0.926955
-4.49993, 0.764569, 1.00338
-4.49996, 0.764575, 1.08036
-4.49993, 0.764569, 1.15792
-4.49991, 0.764565, 1.23611
-4.49993, 0.764569, 1.31499
-4.49991, 0.764566, 1.39459
-4.49998, 0.764577, 1.475
-4.49995, 0.764573, 1.55622
-4.49999, 0.764579, 1.63836
-4.49993, 0.764568, 1.72141
-4.49996, 0.764574, 1.8055
-4.49997, 0.764576, 1.89066
-4.49996, 0.690558, -1.88576
-4.49992, 0.690553, -1.80081
-2.05992, 0.316113, -0.785964
-2.06244, 0.3165, -0.74895
-2.06494, 0.316883, -0.71227
-2.06741, 0.317263, -0.675902
-2.06653, 0.317127, -0.638789
-2.0723, 0.318014, -0.604009
-2.07472, 0.318385, -0.568443
-2.07713, 0.318754, -0.533102
-2.0713, 0.31786, -0.495997
-2.08135, 0.319402, -0.462893
-2.07388, 0.318255, -0.426096
-2.08662, 0.32021, -0.393593
-2.08897, 0.320571, -0.359085
-2.09131, 0.320931, -0.324688
-2.08938, 0.320634, -0.28979
-2.09598, 0.321647, -0.256151
-2.09831, 0.322004, -0.221976
-2.10063, 0.32236, -0.18784
-2.10295, 0.322717, -0.153725
-2.10527, 0.323073, -0.119614
-2.10759, 0.323429, -0.0854886
-2.10992, 0.323786, -0.0513321
-2.11225, 0.324143, -0.0171266
-2.11458, 0.324501, 0.0171456
-2.11692, 0.32486, 0.0515024
-2.11926, 0.32522, 0.0859618
-2.12162, 0.325581, 0.120542
-2.12398, 0.325944, 0.155262
-2.12635, 0.326308, 0.19014
-2.12874, 0.326674, 0.225195
-2.13114, 0.327042, 0.260448
-4.49992, 0.690554, 0.624124
-4.49997, 0.69056, 0.698644
-4.49997, 0.69056, 0.773525
-4.49997, 0.690561, 0.848816
-4.49995, 0.690557, 0.924553
-4.49989, 0.690548, 1.00078
-4.49994, 0.690556, 1.07756
-4.49993, 0.690554, 1.15492
-4.49991, 0.690552, 1.23291
-4.49981, 0.690536, 1.31155
-4.49997, 0.690561, 1.391
-4.49996, 0.69056, 1.47118
-4.49994, 0.690556, 1.55219
-4.49989, 0.690548, 1.63408
-4.49999, 0.690564, 1.71697
-4.49992, 0.690553, 1.80081
-4.49996, 0.690558, 1.88576
-4.49986, 0.616895, -1.88134
-4.4999, 0.616899, -1.79662
-2.04706, 0.280635, -0.77924
-2.04954, 0.280975, -0.742535
-2.052, 0.281312, -0.706162
-2.05444, 0.281647, -0.670098
-2.05542, 0.281781, -0.633879
-2.05476, 0.281691, -0.597502
-2.0564, 0.281916, -0.562113
-2.06401, 0.282959, -0.528503
-2.06546, 0.283158, -0.493448
-2.05832, 0.282179, -0.456707
-2.07104, 0.283923, -0.424523
-2.07336, 0.284241, -0.390183
-2.06792, 0.283495, -0.35464
-2.06788, 0.283489, -0.320303
-2.08028, 0.28519, -0.287857
-2.08166, 0.285379, -0.253809
-2.07497, 0.284461, -0.218997
-2.08607, 0.285983, -0.186104
-2.08945, 0.286446, -0.152382
-2.09173, 0.286759, -0.118568
-2.09402, 0.287073, -0.0847404
-2.09631, 0.287387, -0.0508824
-2.0986, 0.287701, -0.0169764
-2.1009, 0.288016, 0.016995
-2.1032, 0.288332, 0.0510496
-2.10551, 0.288648, 0.0852054
-2.10783, 0.288966, 0.11948
-2.11016, 0.289285, 0.153893
-2.11249, 0.289606, 0.188461
-2.11484, 0.289928, 0.223205
-2.1172, 0.290251, 0.258143
-2.11958, 0.290577, 0.293295
-4.49995, 0.616906, 0.697016
-4.49995, 0.616906, 0.771723
-4.49999, 0.616912, 0.846846
-4.49995, 0.616906, 0.922403
-4.49988, 0.616896, 0.998446
-4.4999, 0.6169, 1.07505
-4.49989, 0.616898, 1.15222
-4.49993, 0.616904, 1.23005
-4.49989, 0.616898, 1.30852
-4.49994, 0.616904, 1.38775
-4.49993, 0.616903, 1.46775
-4.49994, 0.616905, 1.54858
-4.49985, 0.616892, 1.63026
-4.49986, 0.616894, 1.71293
-4.4999, 0.616899, 1.79662
-4.49986, 0.616895, 1.88134
-4.49997, 0.54358, -1.8775
-4.49987, 0.543568, -1.7929
-2.0344, 0.245748, -0.772822
-2.03684, 0.246043, -0.736411
-2.03927, 0.246336, -0.700331
-2.04167, 0.246627, -0.664559
-2.0422, 0.246691, -0.628502
-2.04085, 0.246527, -0.592232
-2.04877, 0.247484, -0.55887
-2.05111, 0.247766, -0.524114
-2.05343, 0.248047, -0.489561
-2.05574, 0.248326, -0.455192
-2.05804, 0.248603, -0.420987
-2.05524, 0.248266, -0.385974
-2.0626, 0.249155, -0.352998
-2.06488, 0.24943, -0.319177
-2.06145, 0.249015, -0.284662
-2.0694, 0.249976, -0.251793
-2.06458, 0.249394, -0.217451
-2.0665, 0.249626, -0.183978
-2.07616, 0.250793, -0.151101
-2.07066, 0.250129, -0.117131
-2.08067, 0.251338, -0.0840265
-2.08293, 0.251611, -0.0504533
-2.08519, 0.251884, -0.0168331
-2.08745, 0.252157, 0.0168514
-2.08972, 0.252431, 0.0506177
-2.092, 0.252706, 0.0844837
-2.09428, 0.252982, 0.118467
-2.09657, 0.253258, 0.152586
-2.09888, 0.253537, 0.18686
-2.10119, 0.253816, 0.221306
-2.10352, 0.254097, 0.255945
-2.10586, 0.25438, 0.290795
-4.49993, 0.543575, 0.695574
-4.49998, 0.543582, 0.770136
-4.49995, 0.543579, 0.845091
-4.49998, 0.543581, 0.920505
-4.49999, 0.543583, 0.99641
-4.49996, 0.543579, 1.07284
-4.49993, 0.543576, 1.14986
-4.49994, 0.543577, 1.22751
-4.49989, 0.543571, 1.30582
-4.49975, 0.543554, 1.38483
-4.4999, 0.543572, 1.46471
-4.49996, 0.543579, 1.54539
-4.49995, 0.543578, 1.62694
-4.49997, 0.54358, 1.70944
-4.49987, 0.543568, 1.7929
-4.49997, 0.54358, 1.8775
-4.49991, 0.470529, -1.87409
-4.4999, 0.470528, -1.78967
-4.49987, 0.470524, -1.70631
-2.02434, 0.211673, -0.73057
-2.02673, 0.211923, -0.69477
-2.0291, 0.212171, -0.659275
-2.0292, 0.212182, -0.623375
-2.03378, 0.212661, -0.589117
-2.0361, 0.212903, -0.554411
-2.0384, 0.213144, -0.519928
-2.04069, 0.213383, -0.485646
-2.04297, 0.213621, -0.451548
-2.04523, 0.213858, -0.417613
-2.04749, 0.214094, -0.383824
-2.04974, 0.214329, -0.350163
-2.05198, 0.214563, -0.316611
-2.0433, 0.213656, -0.281647
-2.05644, 0.215029, -0.249765
-2.05432, 0.214808, -0.215979
-2.05683, 0.215071, -0.182786
-2.05921, 0.21532, -0.149597
-2.06121, 0.215528, -0.116386
-2.06158, 0.215568, -0.0831053
-2.06977, 0.216424, -0.050044
-2.06627, 0.216058, -0.0166503
-2.07423, 0.21689, 0.0167144
-2.07646, 0.217124, 0.0502059
-2.07871, 0.217358, 0.0837956
-2.08096, 0.217593, 0.117501
-2.08322, 0.21783, 0.151341
-2.08549, 0.218067, 0.185333
-2.08777, 0.218305, 0.219496
-2.09006, 0.218545, 0.253848
-2.09237, 0.218786, 0.28841
-2.09469, 0.219029, 0.323202
-4.49996, 0.470534, 0.768743
-4.49995, 0.470534, 0.843566
-4.49998, 0.470536, 0.918844
-4.49992, 0.47053, 0.994597
-4.49988, 0.470526, 1.07089
-4.49993, 0.470531, 1.14778
-4.4998, 0.470517, 1.22525
-4.4999, 0.470528, 1.30347
-4.4999, 0.470528, 1.38238
-4.49983, 0.470521, 1.46204
-4.49988, 0.470525, 1.54257
-4.49994, 0.470532, 1.624
-4.49987, 0.470524, 1.70631
-4.4999, 0.470528, 1.78967
-4.49991, 0.470529, 1.87409
-4.49997, 0.397734, -1.87121
-4.49989, 0.397727, -1.7869
-4.49989, 0.397727, -1.70369
-2.01202, 0.177834, -0.725001
-2.01437, 0.178042, -0.689467
-2.01671, 0.178249, -0.654238
-2.01645, 0.178226, -0.618501
-2.02133, 0.178657, -0.584605
-2.02361, 0.178859, -0.55016
-2.02589, 0.17906, -0.515937
-2.02814, 0.17926, -0.481914
-2.03039, 0.179458, -0.448074
-2.03262, 0.179655, -0.414397
-2.03485, 0.179852, -0.380865
-2.03706, 0.180048, -0.34746
-2.03927, 0.180243, -0.314165
-2.04148, 0.180438, -0.280961
-2.04367, 0.180632, -0.247831
-2.04429, 0.180687, -0.214593
-2.04806, 0.18102, -0.181725
-2.04868, 0.181075, -0.148602
-2.05003, 0.181194, -0.115576
-2.05133, 0.181309, -0.0825642
-2.05242, 0.181405, -0.0495479
-2.05901, 0.181988, -0.0165662
-2.06087, 0.182152, 0.0165811
-2.06342, 0.182377, 0.0498133
-2.06114, 0.182176, 0.0829589
-2.06785, 0.182769, 0.116581
-2.07008, 0.182966, 0.150154
-2.07231, 0.183164, 0.183878
-2.07456, 0.183362, 0.21777
-2.07682, 0.183562, 0.251851
-2.0791, 0.183763, 0.286139
-2.08139, 0.183966, 0.320653
-4.49982, 0.397721, 0.767531
-4.4999, 0.397728, 0.842253
-4.49997, 0.397734, 0.917422
-4.49989, 0.397727, 0.993054
-4.49982, 0.397721, 1.06922
-4.49994, 0.397732, 1.14601
-4.49996, 0.397733, 1.2234
-4.49992, 0.39773, 1.30146
-4.49994, 0.397732, 1.38025
-4.49998, 0.397735, 1.45983
-4.49996, 0.397734, 1.54022
-4.4999, 0.397728, 1.62147
-4.49989, 0.397727, 1.70369
-4.49989, 0.397727, 1.7869
-4.49997, 0.397734, 1.87121
-4.4999, 0.325135, -1.86878
-4.49995, 0.325138, -1.78463
-4.49994, 0.325138, -1.70151
-1.99986, 0.144498, -0.719695
-2.00219, 0.144666, -0.684416
-2.0045, 0.144832, -0.649439
-2.00396, 0.144793, -0.613877
-2.0006, 0.144551, -0.577866
-2.0113, 0.145324, -0.546109
-2.01355, 0.145486, -0.512135
-2.01578, 0.145647, -0.47836
-2.01799, 0.145807, -0.444765
-2.0202, 0.145967, -0.411334
-2.02239, 0.146125, -0.378046
-2.02458, 0.146283, -0.344886
-2.02676, 0.146441, -0.311835
-2.02893, 0.146598, -0.278875
-2.0311, 0.146754, -0.245989
-2.03326, 0.146911, -0.21316
-2.03542, 0.147067, -0.180372
-2.03607, 0.147114, -0.147498
-2.03896, 0.147322, -0.114804
-2.03967, 0.147374, -0.0819891
-2.0414, 0.147499, -0.0492184
-2.04304, 0.147617, -0.0164165
-2.04448, 0.147721, 0.016428
-2.04559, 0.147801, 0.0493194
-2.0463, 0.147853, 0.0822557
-2.04652, 0.147869, 0.11523
-2.05373, 0.14839, 0.148777
-2.05467, 0.148458, 0.182077
-2.06156, 0.148956, 0.216127
-2.06379, 0.149117, 0.249949
-2.06604, 0.149279, 0.283975
-2.06829, 0.149442, 0.318226
-2.07057, 0.149606, 0.352721
-4.49992, 0.325136, 0.841173
-4.49999, 0.325141, 0.916246
-4.49998, 0.32514, 0.991796
-4.49993, 0.325136, 1.06787
-4.4999, 0.325134, 1.14452
-4.4999, 0.325135, 1.22182
-4.49993, 0.325137, 1.29979
-4.49995, 0.325138, 1.37848
-4.49997, 0.32514, 1.45795
-4.49998, 0.32514, 1.53824
-4.49995, 0.325138, 1.61941
-4.49994, 0.325138, 1.70151
-4.49995, 0.325138, 1.78463
-4.4999, 0.325135, 1.86878
-4.49994, 0.252711, -1.86687
-4.49991, 0.252709, -1.78278
-4.49999, 0.252714, -1.69978
-1.98853, 0.111673, -0.714878
-1.99017, 0.111766, -0.679607
-1.99245, 0.111893, -0.644871
-1.9947, 0.11202, -0.610414
-1.99123, 0.111825, -0.574567
-1.99917, 0.112271, -0.542257
-2.00138, 0.112395, -0.508517
-2.00358, 0.112519, -0.474976
-2.00577, 0.112641, -0.441616
-2.00794, 0.112764, -0.408418
-2.01011, 0.112885, -0.375364
-2.01226, 0.113006, -0.342436
-2.01441, 0.113127, -0.309617
-2.01656, 0.113248, -0.276889
-2.0187, 0.113368, -0.244236
-2.02083, 0.113488, -0.21164
-2.02202, 0.113554, -0.179
-2.01886, 0.113377, -0.1461
-2.0215, 0.113525, -0.113704
-2.02936, 0.113967, -0.081491
-2.03149, 0.114086, -0.0489292
-2.03134, 0.114077, -0.0163057
-2.03338, 0.114192, 0.0163221
-2.03532, 0.114301, 0.0490213
-2.03703, 0.114397, 0.0817991
-2.03847, 0.114478, 0.114658
-2.04439, 0.114811, 0.147948
-2.04017, 0.114573, 0.180606
-2.045, 0.114845, 0.214171
-2.05096, 0.115179, 0.248139
-2.05317, 0.115304, 0.281917
-2.0554, 0.115429, 0.315917
-2.05765, 0.115555, 0.350159
-2.05991, 0.115682, 0.384663
-4.49994, 0.252711, 0.915293
-4.4999, 0.252709, 0.990759
-4.49985, 0.252706, 1.06675
-4.49991, 0.25271, 1.14335
-4.49994, 0.252711, 1.22057
-4.49995, 0.252712, 1.29845
-4.49995, 0.252712, 1.37706
-4.49997, 0.252713, 1.45645
-4.49988, 0.252708, 1.53663
-4.49995, 0.252712, 1.61774
-4.49999, 0.252714, 1.69978
-4.49991, 0.252709, 1.78278
-4.49994, 0.252711, 1.86687
-4.49985, 0.180411, -1.86539
-4.49988, 0.180413, -1.78139
-4.49981, 0.18041, -1.6984
-4.49993, 0.180415, -1.61648
-1.97831, 0.0793158, -0.675034
-1.98055, 0.0794059, -0.640527
-1.98278, 0.0794952, -0.606298
-1.98013, 0.0793891, -0.570925
-1.98719, 0.079672, -0.538592
-1.98937, 0.0797595, -0.505076
-1.99154, 0.0798465, -0.471759
-1.9937, 0.0799331, -0.438621
-1.99585, 0.0800192, -0.405645
-1.99799, 0.0801049, -0.372813
-2.00012, 0.0801903, -0.340106
-2.00224, 0.0802754, -0.307509
-2.00436, 0.0803603, -0.275002
-2.00647, 0.0804449, -0.242569
-2.00858, 0.0805295, -0.210194
-2.01068, 0.0806139, -0.177859
-2.00526, 0.0803964, -0.145004
-2.00832, 0.0805191, -0.112875
-2.017, 0.080867, -0.080932
-2.0191, 0.0809514, -0.0485932
-2.02121, 0.0810359, -0.0162119
-2.02332, 0.0811206, 0.0162288
-2.02544, 0.0812056, 0.0487458
-2.02029, 0.080999, 0.0810641
-2.02364, 0.0811333, 0.113736
-2.0261, 0.0812322, 0.146511
-2.02786, 0.0813027, 0.179379
-2.03292, 0.0815053, 0.212741
-2.03391, 0.0815453, 0.245887
-2.03453, 0.08157, 0.279141
-2.0427, 0.0818974, 0.313722
-2.04491, 0.0819862, 0.347724
-2.04714, 0.0820757, 0.381985
-4.49996, 0.180416, 0.914593
-4.49995, 0.180415, 0.990004
-4.49987, 0.180412, 1.06593
-4.49997, 0.180416, 1.14248
-4.49995, 0.180416, 1.21963
-4.49997, 0.180416, 1.29746
-4.49986, 0.180412, 1.37597
-4.49996, 0.180416, 1.45532
-4.49991, 0.180414, 1.53545
-4.49993, 0.180415, 1.61648
-4.49981, 0.18041, 1.6984
-4.49988, 0.180413, 1.78139
-4.49985, 0.180411, 1.86539
-4.49992, 0.108212, -1.86447
-4.49989, 0.108211, -1.78048
-4.49987, 0.10821, -1.69755
-4.49991, 0.108211, -1.61565
-1.96658, 0.0472913, -0.67069
-1.9688, 0.0473447, -0.6364
-1.96716, 0.0473051, -0.601211
-1.96916, 0.0473533, -0.56747
-1.97536, 0.0475023, -0.535111
-1.97752, 0.0475542, -0.501808
-1.97966, 0.0476057, -0.468702
-1.98179, 0.047657, -0.435777
-1.98391, 0.047708, -0.403012
-1.98602, 0.0477587, -0.37039
-1.98813, 0.0478093, -0.337894
-1.99022, 0.0478597, -0.305506
-1.99231, 0.04791, -0.273209
-1.9944, 0.0479602, -0.240986
-1.99648, 0.0480102, -0.20882
-1.99855, 0.0480601, -0.176695
-2.00064, 0.0481102, -0.144595
-1.99493, 0.0479731, -0.112066
-2.00479, 0.0482101, -0.080401
-2.00687, 0.0482601, -0.0482741
-2.00711, 0.0482658, -0.0160905
-2.01104, 0.0483604, 0.016122
-2.01313, 0.0484106, 0.0484246
-2.01523, 0.0484611, 0.0808195
-2.01733, 0.0485116, 0.113324
-2.01569, 0.0484721, 0.145683
-2.01893, 0.0485501, 0.178497
-2.02141, 0.0486098, 0.211428
-2.02331, 0.0486554, 0.244479
-2.02479, 0.048691, 0.277662
-2.02755, 0.0487574, 0.311236
-2.02855, 0.0487815, 0.344765
-2.03456, 0.0489259, 0.379442
-4.49991, 0.108211, 0.914113
-4.49993, 0.108212, 0.989491
-4.49994, 0.108212, 1.0654
-4.49986, 0.10821, 1.14187
-4.49991, 0.108211, 1.21899
-4.49989, 0.108211, 1.29677
-4.49985, 0.10821, 1.37526
-4.49995, 0.108212, 1.45457
-4.49995, 0.108212, 1.53468
-4.49991, 0.108211, 1.61565
-4.49987, 0.10821, 1.69755
-4.49989, 0.108211, 1.78048
-4.49992, 0.108212, 1.86447
-4.49982, 0.0360636, -1.86395
-4.49998, 0.0360648, -1.78006
-4.49989, 0.0360641, -1.69712
-4.49982, 0.0360635, -1.6152
-1.955, 0.0156682, -0.666568
-1.95719, 0.0156858, -0.632484
-1.95618, 0.0156777, -0.597703
-1.96152, 0.0157205, -0.565123
-1.96176, 0.0157224, -0.53129
-1.9658, 0.0157548, -0.498706
-1.96791, 0.0157717, -0.465802
-1.97002, 0.0157886, -0.433077
-1.97212, 0.0158054, -0.400513
-1.9742, 0.0158221, -0.368091
-1.97628, 0.0158388, -0.335794
-1.97835, 0.0158554, -0.303605
-1.98042, 0.0158719, -0.271508
-1.98248, 0.0158884, -0.239484
-1.98136, 0.0158795, -0.207186
-1.97927, 0.0158628, -0.174946
-1.98864, 0.0159378, -0.143691
-1.98012, 0.0158696, -0.111205
-1.99274, 0.0159707, -0.0798972
-1.98931, 0.0159432, -0.0478395
-1.99686, 0.0160037, -0.0160042
-1.99293, 0.0159722, 0.0159727
-1.99476, 0.0159869, 0.0479703
-2.00305, 0.0160533, 0.0803105
-2.00513, 0.01607, 0.112609
-2.00722, 0.0160867, 0.145034
-2.00931, 0.0161035, 0.1776
-2.00787, 0.0160919, 0.209958
-2.01308, 0.0161337, 0.243181
-2.01551, 0.0161531, 0.276318
-2.01745, 0.0161687, 0.309606
-2.0191, 0.0161819, 0.34307
-2.02062, 0.0161942, 0.376746
-2.02226, 0.0162073, 0.410696
-4.49993, 0.0360644, 0.989237
-4.4999, 0.0360641, 1.06512
-4.49978, 0.0360632, 1.14156
-4.49994, 0.0360645, 1.21869
-4.4999, 0.0360641, 1.29644
-4.49994, 0.0360645, 1.37494
-4.49991, 0.0360643, 1.45419
-4.49994, 0.0360645, 1.53428
-4.49982, 0.0360635, 1.6152
-4.49989, 0.0360641, 1.69712
-4.49998, 0.0360648, 1.78006
-4.49982, 0.0360636, 1.86395
-4.49982, -0.0360636, -1.86395
-4.49998, -0.0360648, -1.78006
-4.49989, -0.0360641, -1.69712
-4.49982, -0.0360635, -1.6152
-4.49994, -0.0360645, -1.53428
-1.94571, -0.0155938, -0.628773
-1.94553, -0.0155923, -0.594447
-1.94999, -0.0156281, -0.561801
-1.95211, -0.0156451, -0.528677
-1.95421, -0.0156619, -0.495767
-1.95631, -0.0156787, -0.463055
-1.95839, -0.0156954, -0.43052
-1.96046, -0.015712, -0.398145
-1.96252, -0.0157285, -0.365913
-1.96457, -0.0157449, -0.333805
-1.96662, -0.0157614, -0.301805
-1.96866, -0.0157777, -0.269896
-1.9707, -0.015794, -0.238061
-1.97273, -0.0158103, -0.206283
-1.97476, -0.0158266, -0.174547
-1.97679, -0.0158428, -0.142835
-1.97881, -0.0158591, -0.111131
-1.97106, -0.015797, -0.0790279
-1.98287, -0.0158916, -0.0476845
-1.9783, -0.0158549, -0.0158555
-1.98694, -0.0159242, 0.0159247
-1.98224, -0.0158866, 0.0476694
-1.98424, -0.0159026, 0.0795563
-1.99308, -0.0159734, 0.111933
-1.99417, -0.0159822, 0.144091
-1.99721, -0.0160065, 0.176531
-1.9976, -0.0160097, 0.208884
-1.99889, -0.01602, 0.241467
-1.99969, -0.0160264, 0.274149
-2.0056, -0.0160738, 0.307788
-2.00774, -0.0160909, 0.341139
-2.00989, -0.0161081, 0.374745
-2.01205, -0.0161254, 0.408622
-4.49993, -0.0360644, 0.989237
-4.4999, -0.0360641, 1.06512
-4.49978, -0.0360632, 1.14156
-4.49994, -0.0360645, 1.21869
-4.4999, -0.0360641, 1.29644
-4.49994, -0.0360645, 1.37494
-4.49991, -0.0360643, 1.45419
-4.49994, -0.0360645, 1.53428
-4.49982, -0.0360635, 1.6152
-4.49989, -0.0360641, 1.69712
-4.49998, -0.0360648, 1.78006
-4.49982, -0.0360636, 1.86395
-4.49992, -0.108212, -1.86447
-4.49989, -0.108211, -1.78048
-4.49987, -0.10821, -1.69755
-4.49991, -0.108211, -1.61565
-4.49995, -0.108212, -1.53468
-1.93435, -0.0465161, -0.625262
-1.93519, -0.0465365, -0.591442
-1.93668, -0.0465721, -0.558108
-1.94068, -0.0466683, -0.525715
-1.94276, -0.0467183, -0.492987
-1.94482, -0.046768, -0.460455
-1.94688, -0.0468175, -0.428101
-1.94893, -0.0468667, -0.395905
-1.95097, -0.0469157, -0.363852
-1.953, -0.0469645, -0.331923
-1.95502, -0.0470132, -0.300102
-1.95704, -0.0470617, -0.268371
-1.95557, -0.0470264, -0.236294
-1.96106, -0.0471584, -0.205115
-1.96306, -0.0472066, -0.173557
-1.96507, -0.0472548, -0.142025
-1.96615, -0.0472808, -0.110448
-1.96588, -0.0472744, -0.0788404
-1.97108, -0.0473995, -0.0474132
-1.96565, -0.0472688, -0.0157581
-1.97468, -0.047486, 0.0158305
-1.97712, -0.0475447, 0.0475584
-1.97914, -0.0475932, 0.0793722
-1.9778, -0.0475611, 0.111103
-1.98321, -0.0476911, 0.143336
-1.98318, -0.0476903, 0.175336
-1.98731, -0.0477897, 0.207861
-1.98938, -0.0478394, 0.240379
-1.99146, -0.0478895, 0.273092
-1.98992, -0.0478524, 0.305459
-1.99512, -0.0479776, 0.339083
-1.99778, -0.0480415, 0.372583
-1.99992, -0.048093, 0.406265
-2.00208, -0.0481449, 0.440239
-4.49994, -0.108212, 1.0654
-4.49986, -0.10821, 1.14187
-4.49991, -0.108211, 1.21899
-4.49989, -0.108211, 1.29677
-4.49985, -0.10821, 1.37526
-4.49995, -0.108212, 1.45457
-4.49995, -0.108212, 1.53468
-4.49991, -0.108211, 1.61565
-4.49987, -0.10821, 1.69755
-4.49989, -0.108211, 1.78048
-4.49992, -0.108212, 1.86447
-4.49985, -0.180411, -1.86539
-4.49988, -0.180413, -1.78139
-4.49981, -0.18041, -1.6984
-4.49993, -0.180415, -1.61648
-4.49991, -0.180414, -1.53545
-1.9232, -0.0771064, -0.621978
-1.92515, -0.0771847, -0.588676
-1.92728, -0.0772702, -0.555687
-1.92936, -0.0773533, -0.522917
-1.93141, -0.0774358, -0.490361
-1.93346, -0.0775178, -0.458
-1.93549, -0.0775992, -0.425815
-1.93752, -0.0776805, -0.39379
-1.93953, -0.0777613, -0.361906
-1.94154, -0.0778417, -0.330146
-1.94354, -0.0779219, -0.298493
-1.94553, -0.0780019, -0.266931
-1.94752, -0.0780817, -0.235443
-1.94951, -0.0781613, -0.204013
-1.94706, -0.0780629, -0.172231
-1.94305, -0.0779025, -0.140506
-1.95546, -0.0783997, -0.109904
-1.95744, -0.0784792, -0.0785423
-1.95787, -0.0784964, -0.0471195
-1.95312, -0.0783062, -0.0156658
-1.9634, -0.0787181, 0.0157482
-1.95791, -0.078498, 0.0471205
-1.96739, -0.0788783, 0.0789416
-1.9694, -0.0789587, 0.110688
-1.97141, -0.0790394, 0.142556
-1.97343, -0.0791205, 0.174564
-1.97547, -0.079202, 0.206729
-1.97751, -0.0792839, 0.239068
-1.97957, -0.0793664, 0.2716
-1.98164, -0.0794493, 0.304344
-1.98026, -0.0793941, 0.33673
-1.98415, -0.0795503, 0.370232
-1.98739, -0.0796799, 0.403926
-1.98485, -0.0795782, 0.436674
-4.49987, -0.180412, 1.06593
-4.49997, -0.180416, 1.14248
-4.49995, -0.180416, 1.21963
-4.49997, -0.180416, 1.29746
-4.49986, -0.180412, 1.37597
-4.49996, -0.180416, 1.45532
-4.49991, -0.180414, 1.53545
-4.49993, -0.180415, 1.61648
-4.49981, -0.18041, 1.6984
-4.49988, -0.180413, 1.78139
-4.49985, -0.180411, 1.86539
-4.49994, -0.252711, -1.86687
-4.49991, -0.252709, -1.78278
-4.49999, -0.252714, -1.69978
-4.49995, -0.252712, -1.61774
-4.49988, -0.252708, -1.53663
-4.49997, -0.252713, -1.45645
-1.91403, -0.10749, -0.585728
-1.9161, -0.107606, -0.552888
-1.91679, -0.107645, -0.519914
-1.92018, -0.107835, -0.487886
-1.9222, -0.107949, -0.455685
-1.92422, -0.108062, -0.423661
-1.92622, -0.108174, -0.391795
-1.92821, -0.108286, -0.360071
-1.9302, -0.108398, -0.32847
-1.93218, -0.108509, -0.296977
-1.93415, -0.108619, -0.265574
-1.93612, -0.10873, -0.234245
-1.93808, -0.10884, -0.202973
-1.94004, -0.10895, -0.171743
-1.94148, -0.109031, -0.1405
-1.93657, -0.108756, -0.108927
-1.94592, -0.109281, -0.0781405
-1.94613, -0.109292, -0.0468732
-1.94985, -0.109501, -0.0156516
-1.95065, -0.109546, 0.015658
-1.95379, -0.109722, 0.0470576
-1.95577, -0.109834, 0.0785357
-1.95775, -0.109945, 0.110118
-1.95974, -0.110057, 0.141822
-1.95652, -0.109876, 0.173201
-1.96375, -0.110282, 0.205662
-1.96577, -0.110395, 0.237833
-1.96293, -0.110236, 0.269526
-1.9658, -0.110397, 0.302145
-1.97191, -0.11074, 0.33557
-1.97099, -0.110689, 0.36806
-1.97473, -0.110899, 0.401663
-1.97777, -0.111069, 0.435453
-1.97916, -0.111147, 0.469186
-4.49991, -0.25271, 1.14335
-4.49994, -0.252711, 1.22057
-4.49995, -0.252712, 1.29845
-4.49995, -0.252712, 1.37706
-4.49997, -0.252713, 1.45645
-4.49988, -0.252708, 1.53663
-4.49995, -0.252712, 1.61774
-4.49999, -0.252714, 1.69978
-4.49991, -0.252709, 1.78278
-4.49994, -0.252711, 1.86687
-4.4999, -0.325135, -1.86878
-4.49995, -0.325138, -1.78463
-4.49994, -0.325138, -1.70151
-4.49995, -0.325138, -1.61941
-4.49998, -0.32514, -1.53824
-4.49997, -0.32514, -1.45795
-1.90297, -0.137497, -0.582941
-1.89714, -0.137075, -0.54798
-1.90704, -0.137791, -0.5178
-1.90905, -0.137936, -0.485557
-1.91105, -0.138081, -0.453508
-1.91304, -0.138225, -0.421635
-1.91502, -0.138368, -0.38992
-1.91699, -0.13851, -0.358345
-1.91896, -0.138652, -0.326895
-1.92092, -0.138794, -0.295551
-1.92287, -0.138935, -0.264297
-1.92482, -0.139075, -0.233117
-1.92676, -0.139216, -0.201995
-1.9287, -0.139356, -0.170915
-1.93064, -0.139496, -0.13986
-1.93258, -0.139636, -0.108814
-1.92934, -0.139402, -0.0775544
-1.93646, -0.139917, -0.0466883
-1.93599, -0.139883, -0.0155563
-1.93376, -0.139721, 0.0155384
-1.9423, -0.140339, 0.0468291
-1.94426, -0.14048, 0.078154
-1.9401, -0.140179, 0.109238
-1.94251, -0.140354, 0.14072
-1.95017, -0.140907, 0.172817
-1.94701, -0.140679, 0.204118
-1.95081, -0.140953, 0.236265
-1.95435, -0.141209, 0.268625
-1.95819, -0.141487, 0.301286
-1.96023, -0.141634, 0.333925
-1.96229, -0.141783, 0.366811
-1.96435, -0.141932, 0.399963
-1.96645, -0.142083, 0.433405
-1.96395, -0.141902, 0.46606
-4.4999, -0.325134, 1.14452
-4.4999, -0.325135, 1.22182
-4.49993, -0.325137, 1.29979
-4.49995, -0.325138, 1.37848
-4.49997, -0.32514, 1.45795
-4.49998, -0.32514, 1.53824
-4.49995, -0.325138, 1.61941
-4.49994, -0.325138, 1.70151
-4.49995, -0.325138, 1.78463
-4.4999, -0.325135, 1.86878
-4.49997, -0.397734, -1.87121
-4.49989, -0.397727, -1.7869
-4.49989, -0.397727, -1.70369
-4.4999, -0.397728, -1.62147
-4.49996, -0.397734, -1.54022
-4.49998, -0.397735, -1.45983
-1.892, -0.167226, -0.580327
-1.88762, -0.16684, -0.545935
-1.89494, -0.167486, -0.515178
-1.89802, -0.167758, -0.483372
-1.9, -0.167933, -0.451466
-1.90197, -0.168107, -0.419734
-1.90393, -0.168281, -0.388159
-1.90587, -0.168452, -0.356725
-1.90782, -0.168625, -0.325416
-1.90976, -0.168796, -0.294213
-1.91169, -0.168967, -0.263099
-1.91362, -0.169137, -0.23206
-1.91554, -0.169307, -0.201078
-1.91747, -0.169477, -0.170138
-1.91939, -0.169647, -0.139223
-1.9213, -0.169816, -0.108319
-1.92322, -0.169986, -0.077408
-1.92514, -0.170156, -0.0464753
-1.92591, -0.170223, -0.0154952
-1.92899, -0.170496, 0.0155201
-1.92695, -0.170315, 0.0465189
-1.93286, -0.170837, 0.0777957
-1.9348, -0.17101, 0.10908
-1.93675, -0.171182, 0.140483
-1.93871, -0.171355, 0.172023
-1.93735, -0.171235, 0.203367
-1.94142, -0.171594, 0.235431
-1.94465, -0.171879, 0.267634
-1.94665, -0.172057, 0.299895
-1.94867, -0.172235, 0.332383
-1.9507, -0.172415, 0.365115
-1.95275, -0.172596, 0.398113
-1.94648, -0.172041, 0.429556
-2.0306, -0.179477, 0.482499
-4.49994, -0.397732, 1.14601
-4.49996, -0.397733, 1.2234
-4.49992, -0.39773, 1.30146
-4.49994, -0.397732, 1.38025
-4.49998, -0.397735, 1.45983
-4.49996, -0.397734, 1.54022
-4.4999, -0.397728, 1.62147
-4.49989, -0.397727, 1.70369
-4.49989, -0.397727, 1.7869
-4.49997, -0.397734, 1.87121
-4.49991, -0.470529, -1.87409
-4.4999, -0.470528, -1.78967
-4.49987, -0.470524, -1.70631
-4.49994, -0.470532, -1.624
-4.49988, -0.470525, -1.54257
-4.49983, -0.470521, -1.46204
-4.4999, -0.470528, -1.38238
-1.87828, -0.196401, -0.544073
-1.8851, -0.197114, -0.513295
-1.88707, -0.19732, -0.481328
-1.88903, -0.197525, -0.449554
-1.89098, -0.197729, -0.417955
-1.89292, -0.197932, -0.386513
-1.89485, -0.198133, -0.355211
-1.88967, -0.197592, -0.322819
-1.8987, -0.198536, -0.292961
-1.90061, -0.198735, -0.261978
-1.90252, -0.198935, -0.23107
-1.90442, -0.199134, -0.20022
-1.90632, -0.199333, -0.169411
-1.90822, -0.199532, -0.138628
-1.91012, -0.19973, -0.107855
-1.91202, -0.199929, -0.0770763
-1.91393, -0.200128, -0.0462759
-1.91583, -0.200327, -0.015438
-1.91574, -0.200318, 0.0154373
-1.91965, -0.200726, 0.0464143
-1.92156, -0.200927, 0.0774609
-1.92349, -0.201128, 0.10861
-1.92541, -0.201329, 0.139877
-1.92735, -0.201532, 0.17128
-1.9293, -0.201736, 0.202836
-1.93126, -0.201941, 0.234561
-1.93323, -0.202147, 0.266475
-1.93521, -0.202354, 0.298595
-1.93721, -0.202562, 0.330939
-1.94375, -0.203246, 0.364377
-2.10396, -0.219999, 0.429604
-2.22487, -0.232642, 0.491754
-4.49988, -0.470526, 1.07089
-4.49993, -0.470531, 1.14778
-4.4998, -0.470517, 1.22525
-4.4999, -0.470528, 1.30347
-4.4999, -0.470528, 1.38238
-4.49983, -0.470521, 1.46204
-4.49988, -0.470525, 1.54257
-4.49994, -0.470532, 1.624
-4.49987, -0.470524, 1.70631
-4.4999, -0.470528, 1.78967
-4.49991, -0.470529, 1.87409
-4.49997, -0.54358, -1.8775
-4.49987, -0.543568, -1.7929
-4.49997, -0.54358, -1.70944
-4.49995, -0.543578, -1.62694
-4.49996, -0.543579, -1.54539
-4.4999, -0.543572, -1.46471
-4.49975, -0.543554, -1.38483
-1.86996, -0.225885, -0.542643
-1.87227, -0.226163, -0.510723
-1.87621, -0.226639, -0.479422
-1.87815, -0.226874, -0.447772
-1.88008, -0.227107, -0.416297
-1.882, -0.227339, -0.384978
-1.88392, -0.22757, -0.353799
-1.87952, -0.22704, -0.321665
-1.88772, -0.22803, -0.291794
-1.88962, -0.228259, -0.260934
-1.8915, -0.228487, -0.230148
-1.89339, -0.228715, -0.19942
-1.89527, -0.228942, -0.168733
-1.89716, -0.22917, -0.138073
-1.89904, -0.229397, -0.107423
-1.90092, -0.229624, -0.0767671
-1.9028, -0.229851, -0.0460901
-1.90469, -0.230079, -0.015376
-1.90251, -0.229816, 0.0153584
-1.90537, -0.230162, 0.0461523
-1.91036, -0.230765, 0.0771486
-1.90488, -0.230102, 0.107753
-1.91418, -0.231226, 0.139312
-1.9161, -0.231458, 0.170587
-1.91803, -0.231691, 0.202014
-1.91996, -0.231925, 0.233611
-1.92182, -0.232149, 0.265381
-2.00919, -0.242703, 0.310569
-2.11786, -0.25583, 0.362455
-2.18515, -0.263958, 0.410371
-2.37425, -0.286801, 0.485671
-4.49999, -0.543583, 0.99641
-4.49996, -0.543579, 1.07284
-4.49993, -0.543576, 1.14986
-4.49994, -0.543577, 1.22751
-4.49989, -0.543571, 1.30582
-4.49975, -0.543554, 1.38483
-4.4999, -0.543572, 1.46471
-4.49996, -0.543579, 1.54539
-4.49995, -0.543578, 1.62694
-4.49997, -0.54358, 1.70944
-4.49987, -0.543568, 1.7929
-4.49997, -0.54358, 1.8775
-4.49986, -0.616895, -1.88134
-4.4999, -0.616899, -1.79662
-4.49986, -0.616894, -1.71293
-4.49985, -0.616892, -1.63026
-4.49994, -0.616905, -1.54858
-4.49993, -0.616903, -1.46775
-4.49994, -0.616904, -1.38775
-1.86153, -0.255201, -0.541315
-1.86117, -0.255151, -0.508747
-1.86542, -0.255734, -0.477652
-1.86734, -0.255997, -0.446117
-1.86926, -0.25626, -0.414756
-1.87116, -0.256521, -0.383552
-1.86507, -0.255686, -0.350985
-1.87494, -0.257039, -0.321545
-1.87682, -0.257297, -0.290709
-1.8787, -0.257554, -0.259963
-1.88057, -0.257811, -0.229291
-1.88244, -0.258067, -0.198677
-1.8843, -0.258323, -0.168104
-1.88617, -0.258578, -0.137557
-1.88803, -0.258834, -0.107021
-1.8899, -0.259089, -0.0764799
-1.89176, -0.259345, -0.0459175
-1.89363, -0.259601, -0.0153183
-1.8955, -0.259857, 0.0153334
-1.89737, -0.260114, 0.0460537
-1.89925, -0.260372, 0.0768585
-1.90114, -0.26063, 0.107764
-1.90303, -0.26089, 0.138787
-1.90489, -0.261145, 0.169941
-1.90759, -0.261515, 0.201331
-2.02758, -0.277964, 0.247215
-2.13342, -0.292475, 0.29521
-2.21676, -0.3039, 0.343364
-2.38795, -0.327368, 0.409523
-2.54924, -0.34948, 0.479737
-4.49995, -0.616906, 0.922403
-4.49988, -0.616896, 0.998446
-4.4999, -0.6169, 1.07505
-4.49989, -0.616898, 1.15222
-4.49993, -0.616904, 1.23005
-4.49989, -0.616898, 1.30852
-4.49994, -0.616904, 1.38775
-4.49993, -0.616903, 1.46775
-4.49994, -0.616905, 1.54858
-4.49985, -0.616892, 1.63026
-4.49986, -0.616894, 1.71293
-4.4999, -0.616899, 1.79662
-4.49986, -0.616895, 1.88134
-4.49996, -0.690558, -1.88576
-4.49992, -0.690553, -1.80081
-4.49999, -0.690564, -1.71697
-4.49989, -0.690548, -1.63408
-4.49994, -0.690556, -1.55219
-4.49996, -0.69056, -1.47118
-4.49997, -0.690561, -1.391
-4.49981, -0.690536, -1.31155
-1.85278, -0.284326, -0.507634
-1.8547, -0.28462, -0.476014
-1.85661, -0.284913, -0.444586
-1.8585, -0.285204, -0.413331
-1.86038, -0.285492, -0.382232
-1.85562, -0.284762, -0.350021
-1.85928, -0.285324, -0.319603
-1.866, -0.286355, -0.289707
-1.86018, -0.285462, -0.258001
-1.86971, -0.286923, -0.228498
-1.87156, -0.287208, -0.197989
-1.87341, -0.287492, -0.167522
-1.87526, -0.287775, -0.137081
-1.8771, -0.288059, -0.10665
-1.87895, -0.288342, -0.0762143
-1.8808, -0.288625, -0.0457578
-1.88265, -0.288909, -0.015265
-1.8845, -0.289193, 0.01528
-1.88636, -0.289478, 0.0458931
-1.88256, -0.288896, 0.0763607
-1.88982, -0.290009, 0.107372
-1.89419, -0.290681, 0.138465
-2.04285, -0.313493, 0.182673
-2.15411, -0.330568, 0.227879
-2.26445, -0.3475, 0.27674
-2.38605, -0.366161, 0.330938
-2.55608, -0.392253, 0.396845
-4.49997, -0.69056, 0.773525
-4.49997, -0.690561, 0.848816
-4.49995, -0.690557, 0.924553
-4.49989, -0.690548, 1.00078
-4.49994, -0.690556, 1.07756
-4.49993, -0.690554, 1.15492
-4.49991, -0.690552, 1.23291
-4.49981, -0.690536, 1.31155
-4.49997, -0.690561, 1.391
-4.49996, -0.69056, 1.47118
-4.49994, -0.690556, 1.55219
-4.49989, -0.690548, 1.63408
-4.49999, -0.690564, 1.71697
-4.49992, -0.690553, 1.80081
-4.49996, -0.690558, 1.88576
-4.49997, -0.764576, -1.89066
-4.49996, -0.764574, -1.8055
-4.49993, -0.764568, -1.72141
-4.49999, -0.764579, -1.63836
-4.49995, -0.764573, -1.55622
-4.49998, -0.764577, -1.475
-4.49991, -0.764566, -1.39459
-4.49993, -0.764569, -1.31499
-1.83906, -0.312469, -0.505181
-1.84404, -0.313315, -0.474507
-1.84593, -0.313636, -0.443176
-1.84781, -0.313956, -0.41202
-1.84501, -0.313479, -0.380057
-1.84566, -0.31359, -0.349045
-1.84919, -0.314189, -0.318692
-1.85359, -0.314937, -0.288526
-1.85709, -0.315532, -0.25824
-1.85476, -0.315137, -0.22726
-1.85205, -0.314676, -0.196434
-1.86259, -0.316466, -0.166986
-1.86442, -0.316778, -0.136642
-1.86625, -0.317088, -0.106308
-1.86808, -0.317399, -0.0759698
-1.86991, -0.31771, -0.0456109
-1.87174, -0.318022, -0.0152159
-1.87317, -0.318264, 0.0152275
-1.87542, -0.318647, 0.0457454
-1.96584, -0.33401, 0.0799457
-2.05502, -0.349162, 0.117062
-2.17579, -0.369682, 0.159462
-2.29685, -0.390251, 0.205919
-2.4298, -0.412839, 0.257711
-2.57585, -0.437655, 0.315613
-2.7727, -0.471101, 0.385563
-4.4999, -0.764564, 0.700447
-4.49983, -0.764552, 0.775509
-4.49987, -0.764559, 0.851
-4.49996, -0.764574, 0.926955
-4.49993, -0.764569, 1.00338
-4.49996, -0.764575, 1.08036
-4.49993, -0.764569, 1.15792
-4.49991, -0.764565, 1.23611
-4.49993, -0.764569, 1.31499
-4.49991, -0.764566, 1.39459
-4.49998, -0.764577, 1.475
-4.49995, -0.764573, 1.55622
-4.49999, -0.764579, 1.63836
-4.49993, -0.764568, 1.72141
-4.49996, -0.764574, 1.8055
-4.49997, -0.764576, 1.89066
-4.49999, -0.838998, -1.89608
-4.49996, -0.838992, -1.81066
-4.49996, -0.838993, -1.72634
-4.49993, -0.838987, -1.64302
-4.49996, -0.838993, -1.56068
-4.49985, -0.838973, -1.47918
-4.49996, -0.838993, -1.39859
-4.49997, -0.838994, -1.31876
-1.83226, -0.341614, -0.504752
-1.83344, -0.341836, -0.473129
-1.83532, -0.342185, -0.441889
-1.83718, -0.342532, -0.410821
-1.83214, -0.341592, -0.378485
-1.84088, -0.343222, -0.349136
-1.84272, -0.343564, -0.318485
-1.84336, -0.343685, -0.287755
-1.84637, -0.344246, -0.257485
-1.8482, -0.344586, -0.227103
-1.84927, -0.344786, -0.196699
-1.84652, -0.344274, -0.166019
-1.85364, -0.345602, -0.136241
-1.85546, -0.34594, -0.105996
-1.85727, -0.346278, -0.0757464
-1.85876, -0.346555, -0.0454686
-1.86181, -0.347123, -0.0151785
-1.98377, -0.369862, 0.0161727
-2.06513, -0.385033, 0.0505169
-2.19926, -0.41004, 0.0896939
-2.31101, -0.430875, 0.13202
-2.42639, -0.452388, 0.178337
-2.60388, -0.48548, 0.234113
-2.79334, -0.520803, 0.297116
-4.4999, -0.838982, 0.552939
-4.49992, -0.838985, 0.627533
-4.49992, -0.838985, 0.702452
-4.49998, -0.838997, 0.777753
-4.49993, -0.838988, 0.853446
-4.49996, -0.838992, 0.929605
-4.49996, -0.838994, 1.00626
-4.49991, -0.838983, 1.08344
-4.49989, -0.83898, 1.16122
-4.49989, -0.83898, 1.23964
-4.49997, -0.838994, 1.31876
-4.49996, -0.838993, 1.39859
-4.49985, -0.838973, 1.47918
-4.49996, -0.838993, 1.56068
-4.49993, -0.838987, 1.64302
-4.49996, -0.838993, 1.72634
-4.49996, -0.838992, 1.81066
-4.49999, -0.838998, 1.89608
-4.49998, -0.913863, -1.902
-4.49993, -0.913852, -1.81631
-4.49994, -0.913855, -1.73173
-4.49997, -0.91386, -1.64817
-4.49998, -0.913862, -1.56556
-4.49989, -0.913843, -1.48381
-4.49996, -0.913859, -1.40297
-4.49996, -0.913858, -1.32288
-4.49989, -0.913844, -1.24351
-1.82289, -0.370196, -0.471877
-1.82475, -0.370574, -0.440719
-1.81829, -0.369262, -0.407869
-1.82498, -0.37062, -0.378185
-1.82576, -0.370777, -0.347351
-1.83209, -0.372064, -0.317639
-1.83314, -0.372278, -0.287055
-1.83572, -0.3728, -0.256799
-1.83753, -0.373167, -0.226497
-1.83933, -0.373533, -0.196254
-1.84113, -0.373899, -0.166052
-1.84086, -0.373845, -0.135724
-1.83815, -0.373294, -0.105335
-1.85778, -0.37728, -0.0760038
-1.99033, -0.404199, -0.0488393
-2.10868, -0.428233, -0.0172448
-2.2241, -0.451673, 0.0181888
-2.3172, -0.470581, 0.0568602
-2.4245, -0.492371, 0.0991892
-2.562, -0.520294, 0.146816
-2.77366, -0.563278, 0.204498
-4.49983, -0.913832, 0.405841
-4.49987, -0.91384, 0.48013
-4.4999, -0.913846, 0.554668
-4.49994, -0.913855, 0.629498
-4.49993, -0.913853, 0.704651
-4.49998, -0.913862, 0.780184
-4.4999, -0.913846, 0.856108
-4.49996, -0.913858, 0.932512
-4.49998, -0.913863, 1.00941
-4.49988, -0.913841, 1.08682
-4.49985, -0.913836, 1.16484
-4.49989, -0.913844, 1.24351
-4.49996, -0.913858, 1.32288
-4.49996, -0.913859, 1.40297
-4.49989, -0.913843, 1.48381
-4.49998, -0.913862, 1.56556
-4.49997, -0.91386, 1.64817
-4.49994, -0.913855, 1.73173
-4.49993, -0.913852, 1.81631
-4.49998, -0.913863, 1.902
-4.49993, -0.989205, -1.90844
-4.49995, -0.98921, -1.82249
-4.49995, -0.989209, -1.73761
-4.49997, -0.989215, -1.65377
-4.4999, -0.9892, -1.57085
-4.49987, -0.989192, -1.48884
-4.49998, -0.989216, -1.40773
-4.49992, -0.989203, -1.32736
-4.49987, -0.989193, -1.24773
-1.81239, -0.398413, -0.470752
-1.81424, -0.398818, -0.439667
-1.80983, -0.397849, -0.407349
-1.81789, -0.399622, -0.377995
-1.81581, -0.399164, -0.346631
-1.82152, -0.400418, -0.316878
-1.82292, -0.400728, -0.286424
-1.82511, -0.401209, -0.256182
-1.82691, -0.401603, -0.225953
-1.82869, -0.401996, -0.195781
-1.83068, -0.402434, -0.16567
-1.92775, -0.423772, -0.142613
-2.0245, -0.445039, -0.116408
-2.13129, -0.468514, -0.0874895
-2.24478, -0.493464, -0.0552702
-2.38208, -0.523644, -0.0195468
-2.51771, -0.55346, 0.0206598
-2.68402, -0.590019, 0.0660848
-4.49995, -0.98921, 0.184723
-4.49996, -0.989213, 0.258747
-4.49998, -0.989217, 0.332904
-4.49984, -0.989185, 0.407219
-4.49984, -0.989186, 0.481756
-4.49993, -0.989205, 0.556554
-4.49998, -0.989217, 0.63164
-4.49991, -0.989201, 0.707039
-4.49992, -0.989203, 0.782822
-4.49998, -0.989217, 0.859029
-4.49993, -0.989207, 0.935673
-4.49983, -0.989183, 1.0128
-4.49995, -0.989211, 1.09053
-4.49996, -0.989212, 1.16882
-4.49987, -0.989193, 1.24773
-4.49992, -0.989203, 1.32736
-4.49998, -0.989216, 1.40773
-4.49987, -0.989192, 1.48884
-4.4999, -0.9892, 1.57085
-4.49997, -0.989215, 1.65377
-4.49995, -0.989209, 1.73761
-4.49995, -0.98921, 1.82249
-4.49993, -0.989205, 1.90844
-4.49989, -1.06508, -1.91542
-4.49994, -1.0651, -1.82917
-4.49996, -1.0651, -1.74399
-4.49997, -1.0651, -1.65983
-4.49986, -1.06508, -1.57659
-4.49995, -1.0651, -1.49433
-4.49997, -1.0651, -1.41289
-4.49993, -1.06509, -1.33223
-4.49996, -1.0651, -1.25233
-4.49994, -1.0651, -1.1731
-1.79741, -0.425431, -0.437185
-1.80279, -0.426705, -0.407252
-1.80739, -0.427793, -0.377188
-1.80586, -0.427431, -0.345996
-1.80884, -0.428137, -0.315827
-1.8127, -0.429049, -0.285861
-1.81428, -0.429423, -0.255595
-1.81754, -0.430196, -0.225619
-1.94464, -0.460279, -0.208958
-2.04407, -0.483812, -0.185659
-2.15388, -0.509803, -0.159926
-2.27152, -0.537649, -0.131091
-2.38792, -0.5652, -0.0983838
-2.53019, -0.598874, -0.0625258
-2.74001, -0.648534, -0.0225663
-4.49985, -1.06507, 0.0370602
-4.49995, -1.0651, 0.111202
-4.49994, -1.0651, 0.1854
-4.49998, -1.0651, 0.259696
-4.49997, -1.0651, 0.334123
-4.49995, -1.0651, 0.408722
-4.49998, -1.0651, 0.483537
-4.4999, -1.06508, 0.55859
-4.4999, -1.06508, 0.633944
-4.49995, -1.0651, 0.709637
-4.49999, -1.06511, 0.785704
-4.49997, -1.0651, 0.862176
-4.49993, -1.06509, 0.939102
-4.49997, -1.0651, 1.01655
-4.49994, -1.0651, 1.09452
-4.49994, -1.0651, 1.1731
-4.49996, -1.0651, 1.25233
-4.49993, -1.06509, 1.33223
-4.49997, -1.0651, 1.41289
-4.49995, -1.0651, 1.49433
-4.49986, -1.06508, 1.57659
-4.49997, -1.0651, 1.65983
-4.49996, -1.0651, 1.74399
-4.49994, -1.0651, 1.82917
-4.49989, -1.06508, 1.91542
-4.4999, -1.14155, -1.92296
-4.49987, -1.14154, -1.83634
-4.49994, -1.14156, -1.75085
-4.49994, -1.14156, -1.66635
-4.49974, -1.14151, -1.58276
-4.49992, -1.14155, -1.5002
-4.49988, -1.14154, -1.41843
-4.49997, -1.14157, -1.33748
-4.49996, -1.14157, -1.25726
-4.4999, -1.14155, -1.17771
-1.78929, -0.453912, -0.436923
-1.79513, -0.455394, -0.407117
-1.79395, -0.455096, -0.375859
-1.79591, -0.455592, -0.345444
-1.80025, -0.456694, -0.315564
-1.80481, -0.457851, -0.285738
-1.94841, -0.494279, -0.275572
-2.06281, -0.5233, -0.257073
-2.17259, -0.55115, -0.234371
-2.30165, -0.583889, -0.209877
-2.40553, -0.610243, -0.179314
-2.60112, -0.659861, -0.150703
-2.78154, -0.705631, -0.115052
-4.49995, -1.14156, -0.11164
-4.49998, -1.14157, -0.0372072
-4.49998, -1.14157, 0.0372072
-4.49995, -1.14156, 0.11164
-4.49995, -1.14156, 0.18613
-4.49986, -1.14154, 0.260711
-4.49999, -1.14157, 0.33544
-4.49998, -1.14157, 0.410334
-4.49998, -1.14157, 0.48544
-4.49994, -1.14156, 0.560795
-4.49993, -1.14156, 0.636444
-4.49994, -1.14156, 0.71243
-4.49995, -1.14156, 0.788791
-4.49996, -1.14157, 0.86557
-4.49995, -1.14156, 0.942803
-4.49995, -1.14156, 1.02054
-4.49996, -1.14157, 1.09884
-4.4999, -1.14155, 1.17771
-4.49996, -1.14157, 1.25726
-4.49997, -1.14157, 1.33748
-4.49988, -1.14154, 1.41843
-4.49992, -1.14155, 1.5002
-4.49974, -1.14151, 1.58276
-4.49994, -1.14156, 1.66635
-4.49994, -1.14156, 1.75085
-4.49987, -1.14154, 1.83634
-4.4999, -1.14155, 1.92296
-4.49998, -1.21866, -1.93109
-4.49995, -1.21865, -1.8441
-4.49994, -1.21865, -1.75822
-4.49991, -1.21864, -1.67336
-4.49996, -1.21865, -1.5895
-4.49996, -1.21866, -1.50654
-4.4999, -1.21864, -1.42441
-4.49994, -1.21865, -1.34311
-4.49994, -1.21865, -1.26255
-4.49993, -1.21865, -1.18268
-1.78295, -0.482849, -0.43721
-1.7847, -0.483324, -0.406458
-1.78662, -0.483842, -0.375899
-1.87519, -0.507828, -0.362212
-1.9737, -0.534508, -0.347425
-2.08015, -0.563334, -0.330716
-2.19288, -0.593865, -0.311456
-2.32649, -0.630047, -0.291155
-2.47203, -0.669462, -0.267797
-2.5796, -0.698593, -0.236214
-4.4999, -1.21864, -0.336847
-4.49993, -1.21865, -0.261814
-4.49994, -1.21865, -0.186914
-4.49991, -1.21864, -0.112109
-4.49987, -1.21863, -0.037363
-4.49987, -1.21863, 0.037363
-4.49991, -1.21864, 0.112109
-4.49994, -1.21865, 0.186914
-4.49993, -1.21865, 0.261814
-4.4999, -1.21864, 0.336847
-4.49992, -1.21864, 0.412057
-4.49991, -1.21864, 0.487479
-4.49988, -1.21863, 0.56315
-4.49984, -1.21862, 0.639112
-4.49998, -1.21866, 0.715437
-4.49994, -1.21865, 0.792112
-4.49984, -1.21862, 0.869191
-4.4999, -1.21864, 0.946763
-4.49995, -1.21865, 1.02484
-4.49997, -1.21866, 1.10347
-4.49993, -1.21865, 1.18268
-4.49994, -1.21865, 1.26255
-4.49994, -1.21865, 1.34311
-4.4999, -1.21864, 1.42441
-4.49996, -1.21866, 1.50654
-4.49996, -1.21865, 1.5895
-4.49991, -1.21864, 1.67336
-4.49994, -1.21865, 1.75822
-4.49995, -1.21865, 1.8441
-4.49998, -1.21866, 1.93109
-4.49988, -1.29639, -1.93972
-4.49996, -1.29642, -1.85239
-4.49995, -1.29641, -1.76612
-4.49993, -1.29641, -1.68088
-4.49993, -1.29641, -1.59663
-4.49999, -1.29642, -1.51331
-4.49991, -1.2964, -1.43081
-4.49996, -1.29642, -1.34914
-4.49987, -1.29639, -1.26819
-4.49996, -1.29642, -1.18799
-4.4999, -1.2964, -1.1084
-1.82132, -0.524712, -0.416658
-1.98636, -0.57226, -0.4198
-2.09521, -0.60362, -0.406529
-2.20945, -0.63653, -0.390668
-2.32674, -0.670323, -0.371582
-2.50026, -0.720311, -0.356706
-2.63051, -0.757838, -0.330681
-4.49999, -1.29642, -0.489675
-4.4998, -1.29637, -0.413896
-4.49998, -1.29642, -0.338364
-4.49995, -1.29641, -0.26299
-4.49986, -1.29639, -0.18775
-4.49996, -1.29642, -0.112614
-4.49991, -1.2964, -0.0375311
-4.49991, -1.2964, 0.0375311
-4.49996, -1.29642, 0.112614
-4.49986, -1.29639, 0.18775
-4.49995, -1.29641, 0.26299
-4.49998, -1.29642, 0.338364
-4.4998, -1.29637, 0.413896
-4.49999, -1.29642, 0.489675
-4.49994, -1.29641, 0.565685
-4.49995, -1.29641, 0.641997
-4.49999, -1.29642, 0.71865
-4.49996, -1.29642, 0.795671
-4.49999, -1.29642, 0.873122
-4.49995, -1.29641, 0.951024
-4.49992, -1.29641, 1.02944
-4.4999, -1.2964, 1.1084
-4.49996, -1.29642, 1.18799
-4.49987, -1.29639, 1.26819
-4.49996, -1.29642, 1.34914
-4.49991, -1.2964, 1.43081
-4.49999, -1.29642, 1.51331
-4.49993, -1.29641, 1.59663
-4.49993, -1.29641, 1.68088
-4.49995, -1.29641, 1.76612
-4.49996, -1.29642, 1.85239
-4.49988, -1.29639, 1.93972
-4.49989, -1.37488, -1.94897
-4.49988, -1.37488, -1.86119
-4.49997, -1.3749, -1.77455
-4.49991, -1.37488, -1.68889
-4.49986, -1.37487, -1.60422
-4.49995, -1.3749, -1.52051
-4.49992, -1.37489, -1.43763
-4.49993, -1.37489, -1.35557
-4.49992, -1.37489, -1.27426
-4.49987, -1.37487, -1.19364
-4.49994, -1.37489, -1.1137
-4.49996, -1.3749, -1.03436
-4.49995, -1.3749, -0.955559
-2.30358, -0.703828, -0.449091
-2.52616, -0.771834, -0.4488
-2.70282, -0.825809, -0.4337
-4.49992, -1.37489, -0.645055
-4.49994, -1.37489, -0.568383
-4.49992, -1.37489, -0.492002
-4.49985, -1.37487, -0.415874
-4.49995, -1.3749, -0.339976
-4.49997, -1.3749, -0.264245
-4.49993, -1.37489, -0.188648
-4.49994, -1.37489, -0.11315
-4.49999, -1.37491, -0.0377107
-4.49999, -1.37491, 0.0377107
-4.49994, -1.37489, 0.11315
-4.49993, -1.37489, 0.188648
-4.49997, -1.3749, 0.264245
-4.49995, -1.3749, 0.339976
-4.49985, -1.37487, 0.415874
-4.49992, -1.37489, 0.492002
-4.49994, -1.37489, 0.568383
-4.49992, -1.37489, 0.645055
-4.49998, -1.37491, 0.722076
-4.49998, -1.3749, 0.799468
-4.49999, -1.37491, 0.877287
-4.49995, -1.3749, 0.955559
-4.49996, -1.3749, 1.03436
-4.49994, -1.37489, 1.1137
-4.49987, -1.37487, 1.19364
-4.49992, -1.37489, 1.27426
-4.49993, -1.37489, 1.35557
-4.49992, -1.37489, 1.43763
-4.49995, -1.3749, 1.52051
-4.49986, -1.37487, 1.60422
-4.49991, -1.37488, 1.68889
-4.49997, -1.3749, 1.77455
-4.49988, -1.37488, 1.86119
-4.49989, -1.37488, 1.94897
-4.49997, -1.45416, -1.95885
-4.49985, -1.45412, -1.87058
-4.4999, -1.45414, -1.78348
-4.49992, -1.45414, -1.69742
-4.49993, -1.45414, -1.61234
-4.49993, -1.45415, -1.52819
-4.49993, -1.45415, -1.44489
-4.49998, -1.45416, -1.36243
-4.49989, -1.45413, -1.28068
-4.49996, -1.45416, -1.19969
-4.49989, -1.45413, -1.11931
-4.49995, -1.45415, -1.03958
-4.49997, -1.45416, -0.960391
-4.49988, -1.45413, -0.881697
-4.4999, -1.45414, -0.803493
-4.49995, -1.45415, -0.725718
-4.49997, -1.45416, -0.64832
-4.49994, -1.45415, -0.571254
-4.49993, -1.45415, -0.494489
-4.49997, -1.45416, -0.417985
-4.49995, -1.45415, -0.341693
-4.49998, -1.45416, -0.26558
-4.49991, -1.45414, -0.1896
-4.4998, -1.4541, -0.113718
-4.49994, -1.45415, -0.0379008
-4.49994, -1.45415, 0.0379008
-4.4998, -1.4541, 0.113718
-4.49991, -1.45414, 0.1896
-4.49998, -1.45416, 0.26558
-4.49995, -1.45415, 0.341693
-4.49997, -1.45416, 0.417985
-4.49993, -1.45415, 0.494489
-4.49994, -1.45415, 0.571254
-4.49997, -1.45416, 0.64832
-4.49995, -1.45415, 0.725718
-4.4999, -1.45414, 0.803493
-4.49988, -1.45413, 0.881697
-4.49997, -1.45416, 0.960391
-4.49995, -1.45415, 1.03958
-4.49989, -1.45413, 1.11931
-4.49996, -1.45416, 1.19969
-4.49989, -1.45413, 1.28068
-4.49998, -1.45416, 1.36243
-4.49993, -1.45415, 1.44489
-4.49993, -1.45415, 1.52819
-4.49993, -1.45414, 1.61234
-4.49992, -1.45414, 1.69742
-4.4999, -1.45414, 1.78348
-4.49985, -1.45412, 1.87058
-4.49997, -1.45416, 1.95885
-4.49997, -1.53424, -1.96931
-4.49993, -1.53423, -1.88059
-4.49995, -1.53423, -1.79302
-4.49998, -1.53424, -1.7065
-4.49993, -1.53423, -1.62095
-4.49991, -1.53422, -1.53633
-4.49996, -1.53424, -1.45261
-4.49996, -1.53424, -1.3697
-4.49993, -1.53423, -1.28753
-4.49995, -1.53423, -1.20609
-4.49998, -1.53424, -1.12531
-4.49989, -1.53421, -1.04511
-4.4999, -1.53422, -0.9655
-4.49995, -1.53423, -0.886415
-4.49991, -1.53422, -0.807781
-4.49993, -1.53423, -0.729588
-4.49994, -1.53423, -0.651776
-4.49993, -1.53423, -0.574301
-4.49995, -1.53423, -0.497129
-4.49992, -1.53422, -0.420211
-4.49995, -1.53423, -0.343517
-4.49992, -1.53422, -0.266994
-4.49991, -1.53422, -0.190612
-4.4999, -1.53422, -0.114328
-4.49994, -1.53423, -0.038103
-4.49994, -1.53423, 0.038103
-4.4999, -1.53422, 0.114328
-4.49991, -1.53422, 0.190612
-4.49992, -1.53422, 0.266994
-4.49995, -1.53423, 0.343517
-4.49992, -1.53422, 0.420211
-4.49995, -1.53423, 0.497129
-4.49993, -1.53423, 0.574301
-4.49994, -1.53423, 0.651776
-4.49993, -1.53423, 0.729588
-4.49991, -1.53422, 0.807781
-4.49995, -1.53423, 0.886415
-4.4999, -1.53422, 0.9655
-4.49989, -1.53421, 1.04511
-4.49998, -1.53424, 1.12531
-4.49995, -1.53423, 1.20609
-4.49993, -1.53423, 1.28753
-4.49996, -1.53424, 1.3697
-4.49996, -1.53424, 1.45261
-4.49991, -1.53422, 1.53633
-4.49993, -1.53423, 1.62095
-4.49998, -1.53424, 1.7065
-4.49995, -1.53423, 1.79302
-4.49993, -1.53423, 1.88059
-4.49997, -1.53424, 1.96931
-4.49985, -1.61516, -1.98033
-4.49997, -1.6152, -1.89119
-4.49996, -1.6152, -1.80311
-4.49997, -1.6152, -1.7161
-4.4999, -1.61518, -1.63005
-4.49991, -1.61518, -1.54498
-4.49992, -1.61518, -1.46077
-4.49997, -1.6152, -1.3774
-4.49991, -1.61518, -1.29477
-4.49999, -1.61521, -1.21288
-4.49995, -1.6152, -1.13163
-4.49994, -1.61519, -1.051
-4.49994, -1.61519, -0.97094
-4.49983, -1.61515, -0.891377
-4.49998, -1.61521, -0.812338
-4.49992, -1.61518, -0.73369
-4.49998, -1.61521, -0.655447
-4.49994, -1.61519, -0.577532
-4.49986, -1.61516, -0.499916
-4.49989, -1.61517, -0.422572
-4.49994, -1.61519, -0.345447
-4.49991, -1.61518, -0.268495
-4.49992, -1.61519, -0.191684
-4.49993, -1.61519, -0.114971
-4.49995, -1.61519, -0.0383174
-4.49995, -1.61519, 0.0383174
-4.49993, -1.61519, 0.114971
-4.49992, -1.61519, 0.191684
-4.49991, -1.61518, 0.268495
-4.49994, -1.61519, 0.345447
-4.49989, -1.61517, 0.422572
-4.49986, -1.61516, 0.499916
-4.49994, -1.61519, 0.577532
-4.49998, -1.61521, 0.655447
-4.49992, -1.61518, 0.73369
-4.49998, -1.61521, 0.812338
-4.49983, -1.61515, 0.891377
-4.49994, -1.61519, 0.97094
-4.49994, -1.61519, 1.051
-4.49995, -1.6152, 1.13163
-4.49999, -1.61521, 1.21288
-4.49991, -1.61518, 1.29477
-4.49997, -1.6152, 1.3774
-4.49992, -1.61518, 1.46077
-4.49991, -1.61518, 1.54498
-4.4999, -1.61518, 1.63005
-4.49997, -1.6152, 1.7161
-4.49996, -1.6152, 1.80311
-4.49997, -1.6152, 1.89119
-4.49985, -1.61516, 1.98033
-4.49997, -1.6971, -1.9921
-4.49996, -1.6971, -1.90237
-4.49993, -1.69709, -1.81377
-4.49998, -1.6971, -1.72625
-4.49998, -1.6971, -1.63973
-4.49993, -1.69709, -1.55412
-4.49988, -1.69707, -1.4694
-4.49992, -1.69708, -1.38554
-4.49991, -1.69708, -1.30243
-4.49998, -1.6971, -1.22005
-4.49991, -1.69708, -1.13831
-4.49993, -1.69709, -1.05722
-4.49991, -1.69708, -0.976678
-4.49999, -1.69711, -0.896681
-4.49995, -1.69709, -0.817139
-4.49998, -1.6971, -0.73804
-4.49996, -1.6971, -0.659321
-4.49989, -1.69707, -0.580943
-4.49995, -1.69709, -0.502883
-4.49981, -1.69704, -0.425065
-4.49998, -1.6971, -0.347495
-4.49987, -1.69706, -0.270081
-4.49989, -1.69707, -0.192817
-4.49989, -1.69707, -0.115651
-4.49999, -1.69711, -0.0385444
-4.49999, -1.69711, 0.0385444
-4.49989, -1.69707, 0.115651
-4.49989, -1.69707, 0.192817
-4.49987, -1.69706, 0.270081
-4.49998, -1.6971, 0.347495
-4.49981, -1.69704, 0.425065
-4.49995, -1.69709, 0.502883
-4.49989, -1.69707, 0.580943
-4.49996, -1.6971, 0.659321
-4.49998, -1.6971, 0.73804
-4.49995, -1.69709, 0.817139
-4.49999, -1.69711, 0.896681
-4.49991, -1.69708, 0.976678
-4.49993, -1.69709, 1.05722
-4.49991, -1.69708, 1.13831
-4.49998, -1.6971, 1.22005
-4.49991, -1.69708, 1.30243
-4.49992, -1.69708, 1.38554
-4.49988, -1.69707, 1.4694
-4.49993, -1.69709, 1.55412
-4.49998, -1.6971, 1.63973
-4.49998, -1.6971, 1.72625
-4.49993, -1.69709, 1.81377
-4.49996, -1.6971, 1.90237
-4.49997, -1.6971, 1.9921
-4.4999, -1.77997, -2.00444
-4.49992, -1.77997, -1.91417
-4.4999, -1.77997, -1.82502
-4.49991, -1.77997, -1.73695
-4.49987, -1.77996, -1.64987
-4.49989, -1.77996, -1.56376
-4.49995, -1.77999, -1.47855
-4.49998, -1.78, -1.39416
-4.49988, -1.77996, -1.31051
-4.49994, -1.77998, -1.22762
-4.49995, -1.77999, -1.1454
-4.49988, -1.77996, -1.06377
-4.49993, -1.77998, -0.982747
-4.49997, -1.78, -0.902247
-4.49993, -1.77998, -0.82221
-4.49997, -1.78, -0.742623
-4.49991, -1.77997, -0.663409
-4.49988, -1.77996, -0.58455
-4.49995, -1.77999, -0.506007
-4.49994, -1.77998, -0.427717
-4.4999, -1.77997, -0.349647
-4.49993, -1.77998, -0.271763
-4.49983, -1.77994, -0.194012
-4.49992, -1.77998, -0.11637
-4.49991, -1.77997, -0.0387832
-4.49991, -1.77997, 0.0387832
-4.49992, -1.77998, 0.11637
-4.49983, -1.77994, 0.194012
-4.49993, -1.77998, 0.271763
-4.4999, -1.77997, 0.349647
-4.49994, -1.77998, 0.427717
-4.49995, -1.77999, 0.506007
-4.49988, -1.77996, 0.58455
-4.49991, -1.77997, 0.663409
-4.49997, -1.78, 0.742623
-4.49993, -1.77998, 0.82221
-4.49997, -1.78, 0.902247
-4.49993, -1.77998, 0.982747
-4.49988, -1.77996, 1.06377
-4.49995, -1.77999, 1.1454
-4.49994, -1.77998, 1.22762
-4.49988, -1.77996, 1.31051
-4.49998, -1.78, 1.39416
-4.49995, -1.77999, 1.47855
-4.49989, -1.77996, 1.56376
-4.49987, -1.77996, 1.64987
-4.49991, -1.77997, 1.73695
-4.4999, -1.77997, 1.82502
-4.49992, -1.77997, 1.91417
-4.4999, -1.77997, 2.00444
-4.49988, -1.86391, -2.01748
-4.49995, -1.86394, -1.92665
-4.49991, -1.86392, -1.8369
-4.49989, -1.86392, -1.74825
-4.49995, -1.86394, -1.66064
-4.49991, -1.86392, -1.57395
-4.49993, -1.86393, -1.48817
-4.49998, -1.86395, -1.40324
-4.5, -1.86396, -1.31907
-4.49999, -1.86396, -1.23563
-4.49988, -1.86391, -1.15283
-4.49984, -1.86389, -1.07069
-4.49995, -1.86394, -0.989151
-4.49997, -1.86395, -0.908122
-4.49991, -1.86392, -0.827559
-4.49997, -1.86395, -0.747458
-4.49984, -1.86389, -0.667718
-4.49996, -1.86394, -0.588365
-4.49994, -1.86394, -0.509301
-4.49997, -1.86395, -0.430504
-4.49996, -1.86394, -0.351928
-4.49991, -1.86392, -0.273531
-4.49997, -1.86395, -0.195281
-4.49984, -1.86389, -0.117125
-4.49994, -1.86394, -0.039036
-4.49994, -1.86394, 0.039036
-4.49984, -1.86389, 0.117125
-4.49997, -1.86395, 0.195281
-4.49991, -1.86392, 0.273531
-4.49996, -1.86394, 0.351928
-4.49997, -1.86395, 0.430504
-4.49994, -1.86394, 0.509301
-4.49996, -1.86394, 0.588365
-4.49984, -1.86389, 0.667718
-4.49997, -1.86395, 0.747458
-4.49991, -1.86392, 0.827559
-4.49997, -1.86395, 0.908122
-4.49995, -1.86394, 0.989151
-4.49984, -1.86389, 1.07069
-4.49988, -1.86391, 1.15283
-4.49999, -1.86396, 1.23563
-4.5, -1.86396, 1.31907
-4.49998, -1.86395, 1.40324
-4.49993, -1.86393, 1.48817
-4.49991, -1.86392, 1.57395
-4.49995, -1.86394, 1.66064
-4.49989, -1.86392, 1.74825
-4.49991, -1.86392, 1.8369
-4.49995, -1.86394, 1.92665
-4.49988, -1.86391, 2.01748
