Label: Box
Position: -3.44182, -0.840754, -0.709769
Orientation (Quaternion): 0.275249, 0.597272, 0.628761, -0.414925
5.27193
5.23792
5.20554
5.1749
5.14603
5.11866
5.09296
5.06885
5.04621
5.02504
5.0052
4.98688
4.97014
4.95467
4.94047
4.92775
4.91615
4.90612
4.89726
4.88972
4.88341
4.87834
4.87464
4.872
4.87086
4.87086
4.872
4.87464
4.87834
4.88341
4.88972
4.89726
4.90612
4.91615
4.92775
4.94047
4.95467
4.97014
4.98688
5.0052
5.02504
5.04621
5.06885
5.09296
5.11866
5.14603
5.1749
5.20554
5.23792
5.27193
5.23786
5.204
5.17185
5.14144
5.11264
5.08553
5.06004
5.03606
5.01344
4.99248
4.97291
4.95467
4.93796
4.92262
4.90853
4.89588
4.88442
4.87431
4.86559
4.85806
4.85177
4.84681
4.84297
4.84057
4.83932
4.83932
4.84057
4.84297
4.84681
4.85177
4.85806
4.86559
4.87431
4.88442
4.89588
4.90853
4.92262
4.93796
4.95467
4.97291
4.99248
5.01344
5.03606
5.06004
5.08553
5.11264
5.14144
5.17185
5.204
5.23786
5.20561
5.17193
5.13997
5.10979
5.08121
5.05419
5.02873
5.00491
4.98253
4.9617
4.94217
4.92415
4.90746
4.89225
4.87826
4.86566
4.85432
4.84423
4.83555
4.82793
4.8219
4.81682
4.81314
4.81066
4.80953
4.80953
4.81066
4.81314
4.81682
4.8219
4.82793
4.83555
4.84423
4.85432
4.86566
4.87826
4.89225
4.90746
4.92415
4.94217
4.9617
4.98253
5.00491
5.02873
5.05419
5.08121
5.10979
5.13997
5.17193
5.20561
5.17485
5.14152
5.10977
5.07972
5.05124
5.02444
4.9992
4.97553
4.95323
4.93254
4.91315
4.89519
4.87863
4.86331
4.8496
4.83698
4.8258
4.81579
4.80702
4.79962
4.7935
4.78853
4.78486
4.78241
4.7812
4.7812
4.78241
4.78486
4.78853
4.7935
4.79962
4.80702
4.81579
4.8258
4.83698
4.8496
4.86331
4.87863
4.89519
4.91315
4.93254
4.95323
4.97553
4.9992
5.02444
5.05124
5.07972
5.10977
5.14152
5.17485
5.14604
5.11271
5.08118
5.05132
5.02301
4.99633
4.97128
4.94769
4.92554
4.90491
4.8857
4.86776
4.8513
4.83623
4.8224
4.80994
4.79877
4.78885
4.78022
4.77281
4.7667
4.76177
4.75808
4.75563
4.75445
4.75445
4.75563
4.75808
4.76177
4.7667
4.77281
4.78022
4.78885
4.79877
4.80994
4.8224
4.83623
4.8513
4.86776
4.8857
4.90491
4.92554
4.94769
4.97128
4.99633
5.02301
5.05132
5.08118
5.11271
5.14604
5.11873
5.08549
5.05415
5.02444
4.99635
4.96984
4.94486
4.92145
4.89936
4.87888
4.85966
4.84199
4.82563
4.81049
4.79679
4.78443
4.77332
4.76344
4.75483
4.74753
4.7414
4.73655
4.73283
4.73028
4.72921
4.72921
4.73028
4.73283
4.73655
4.7414
4.74753
4.75483
4.76344
4.77332
4.78443
4.79679
4.81049
4.82563
4.84199
4.85966
4.87888
4.89936
4.92145
4.94486
4.96984
4.99635
5.02444
5.05415
5.08549
5.11873
5.09291
5.05997
5.02883
4.99918
4.97117
4.94488
4.91999
4.89666
4.87477
4.85427
4.8353
4.81767
4.80135
4.78643
4.77277
4.76042
4.74929
4.7395
4.73092
4.72354
4.71757
4.71274
4.70906
4.70665
4.7055
4.7055
4.70665
4.70906
4.71274
4.71757
4.72354
4.73092
4.7395
4.74929
4.76042
4.77277
4.78643
4.80135
4.81767
4.8353
4.85427
4.87477
4.89666
4.91999
4.94488
4.97117
4.99918
5.02883
5.05997
5.09291
5.06874
5.03604
5.00494
4.97547
4.94765
4.92145
4.89664
4.87345
4.85157
4.83132
4.8123
4.79476
4.77856
4.76371
4.7501
4.73783
4.72677
4.717
4.70854
4.70107
4.69521
4.69036
4.68664
4.68433
4.68308
4.68308
4.68433
4.68664
4.69036
4.69521
4.70107
4.70854
4.717
4.72677
4.73783
4.7501
4.76371
4.77856
4.79476
4.8123
4.83132
4.85157
4.87345
4.89664
4.92145
4.94765
4.97547
5.00494
5.03604
5.06874
5.04619
5.01352
4.98256
4.95323
4.92557
4.89943
4.87474
4.85166
4.82996
4.8097
4.79087
4.77336
4.75715
4.74226
4.72885
4.71665
4.70553
4.69587
4.68742
4.68019
4.67415
4.66937
4.66578
4.66335
4.66211
4.66211
4.66335
4.66578
4.66937
4.67415
4.68019
4.68742
4.69587
4.70553
4.71665
4.72885
4.74226
4.75715
4.77336
4.79087
4.8097
4.82996
4.85166
4.87474
4.89943
4.92557
4.95323
4.98256
5.01352
5.04619
5.02494
4.9924
4.96167
4.93248
4.90468
4.87884
4.85427
4.83133
4.80973
4.7895
4.77078
4.75334
4.73726
4.72251
4.70902
4.69682
4.68589
4.67623
4.66783
4.66062
4.65463
4.64971
4.64622
4.64383
4.64267
4.64267
4.64383
4.64622
4.64971
4.65463
4.66062
4.66783
4.67623
4.68589
4.69682
4.70902
4.72251
4.73726
4.75334
4.77078
4.7895
4.80973
4.83133
4.85427
4.87884
4.90468
4.93248
4.96167
4.9924
5.02494
5.00522
4.9729
4.94222
4.91316
4.88557
4.85973
4.83533
4.81234
4.79087
4.77075
4.75204
4.73471
4.71866
4.70399
4.69059
4.67841
4.66748
4.65784
4.64953
4.64231
4.63636
4.6316
4.62799
4.62561
4.62433
4.62433
4.62561
4.62799
4.6316
4.63636
4.64231
4.64953
4.65784
4.66748
4.67841
4.69059
4.70399
4.71866
4.73471
4.75204
4.77075
4.79087
4.81234
4.83533
4.85973
4.88557
4.91316
4.94222
4.9729
5.00522
4.98698
4.95475
4.92416
4.89523
4.86777
4.8419
4.81768
4.79475
4.77328
4.75335
4.7347
4.71728
4.70143
4.68682
4.67339
4.66129
4.65052
4.64086
4.6324
4.62524
4.61944
4.61467
4.61109
4.60872
4.60747
4.60747
4.60872
4.61109
4.61467
4.61944
4.62524
4.6324
4.64086
4.65052
4.66129
4.67339
4.68682
4.70143
4.71728
4.7347
4.75335
4.77328
4.79475
4.81768
4.8419
4.86777
4.89523
4.92416
4.95475
4.98698
4.97017
4.93796
4.9075
4.87866
4.85138
4.82554
4.80137
4.77857
4.75715
4.73715
4.7186
4.70148
4.68555
4.67088
4.65764
4.64554
4.63475
4.62513
4.61676
4.60959
4.60381
4.59904
4.59535
4.59312
4.59194
4.59194
4.59312
4.59535
4.59904
4.60381
4.60959
4.61676
4.62513
4.63475
4.64554
4.65764
4.67088
4.68555
4.70148
4.7186
4.73715
4.75715
4.77857
4.80137
4.82554
4.85138
4.87866
4.9075
4.93796
4.97017
4.95469
4.9226
4.89222
4.86341
4.83624
4.81046
4.7864
4.76369
4.74232
4.72243
4.70392
4.68681
4.67094
4.65636
4.64313
4.63105
4.62028
4.61072
4.60242
4.59523
4.5894
4.58464
4.58117
4.57871
4.57768
4.57768
4.57871
4.58117
4.58464
4.5894
4.59523
4.60242
4.61072
4.62028
4.63105
4.64313
4.65636
4.67094
4.68681
4.70392
4.72243
4.74232
4.76369
4.7864
4.81046
4.83624
4.86341
4.89222
4.9226
4.95469
4.94054
4.90857
4.87823
4.84961
4.82245
4.79687
4.7727
4.75006
4.72882
4.70901
4.69057
4.6734
4.65762
4.64301
4.62973
4.61783
4.60712
4.5976
4.58933
4.58218
4.57625
4.5715
4.56805
4.56577
4.56457
4.56457
4.56577
4.56805
4.5715
4.57625
4.58218
4.58933
4.5976
4.60712
4.61783
4.62973
4.64301
4.65762
4.6734
4.69057
4.70901
4.72882
4.75006
4.7727
4.79687
4.82245
4.84961
4.87823
4.90857
4.94054
4.92773
4.89582
4.86567
4.83695
4.80995
4.78445
4.76041
4.73765
4.71658
4.69681
4.6784
4.66126
4.64556
4.6311
4.61789
4.60594
4.59518
4.58574
4.57738
4.57035
4.5645
4.55976
4.55622
4.55391
4.55281
4.55281
4.55391
4.55622
4.55976
4.5645
4.57035
4.57738
4.58574
4.59518
4.60594
4.61789
4.6311
4.64556
4.66126
4.6784
4.69681
4.71658
4.73765
4.76041
4.78445
4.80995
4.83695
4.86567
4.89582
4.92773
4.91617
4.88441
4.85422
4.82565
4.79877
4.77328
4.7493
4.72671
4.70563
4.68585
4.66748
4.65041
4.63475
4.62035
4.60713
4.59521
4.58447
4.57505
4.56674
4.55969
4.55388
4.54908
4.54568
4.54334
4.54219
4.54219
4.54334
4.54568
4.54908
4.55388
4.55969
4.56674
4.57505
4.58447
4.59521
4.60713
4.62035
4.63475
4.65041
4.66748
4.68585
4.70563
4.72671
4.7493
4.77328
4.79877
4.82565
4.85422
4.88441
4.91617
4.90614
4.8743
4.84431
4.8158
4.78888
4.76339
4.7393
4.71695
4.69593
4.67622
4.65791
4.64093
4.62521
4.61077
4.59766
4.5857
4.57502
4.56553
4.5574
4.55033
4.54443
4.53978
4.53619
4.53395
4.5328
4.5328
4.53395
4.53619
4.53978
4.54443
4.55033
4.5574
4.56553
4.57502
4.5857
4.59766
4.61077
4.62521
4.64093
4.65791
4.67622
4.69593
4.71695
4.7393
4.76339
4.78888
4.8158
4.84431
4.8743
4.90614
4.89723
4.86553
4.83546
4.80711
4.78015
4.75473
4.7309
4.70845
4.68731
4.66778
4.64942
4.63248
4.61687
4.60246
4.58934
4.57748
4.56682
4.55734
4.54905
4.54197
4.53631
4.53154
4.52813
4.52579
4.52459
4.52459
4.52579
4.52813
4.53154
4.53631
4.54197
4.54905
4.55734
4.56682
4.57748
4.58934
4.60246
4.61687
4.63248
4.64942
4.66778
4.68731
4.70845
4.7309
4.75473
4.78015
4.80711
4.83546
4.86553
4.89723
4.88972
4.858
4.82802
4.79963
4.77285
4.74753
4.72364
4.7012
4.68023
4.66058
4.64217
4.6253
4.60972
4.59529
4.5821
4.57036
4.55974
4.55032
4.54212
4.53508
4.52929
4.52461
4.52112
4.51874
4.51767
4.51767
4.51874
4.52112
4.52461
4.52929
4.53508
4.54212
4.55032
4.55974
4.57036
4.5821
4.59529
4.60972
4.6253
4.64217
4.66058
4.68023
4.7012
4.72364
4.74753
4.77285
4.79963
4.82802
4.858
4.88972
4.88335
4.85182
4.82186
4.79351
4.76673
4.74142
4.71757
4.69517
4.67415
4.65454
4.63631
4.61944
4.60381
4.5894
4.57631
4.56452
4.55383
4.54452
4.53629
4.52923
4.52344
4.51881
4.51525
4.51288
4.51184
4.51184
4.51288
4.51525
4.51881
4.52344
4.52923
4.53629
4.54452
4.55383
4.56452
4.57631
4.5894
4.60381
4.61944
4.63631
4.65454
4.67415
4.69517
4.71757
4.74142
4.76673
4.79351
4.82186
4.85182
4.88335
4.87837
4.84678
4.81696
4.78858
4.76172
4.73654
4.71272
4.69035
4.66938
4.64976
4.63146
4.61461
4.59903
4.5847
4.57155
4.55984
4.54919
4.53979
4.53163
4.52461
4.51881
4.51417
4.51064
4.50831
4.50722
4.50722
4.50831
4.51064
4.51417
4.51881
4.52461
4.53163
4.53979
4.54919
4.55984
4.57155
4.5847
4.59903
4.61461
4.63146
4.64976
4.66938
4.69035
4.71272
4.73654
4.76172
4.78858
4.81696
4.84678
4.87837
4.87451
4.84302
4.81305
4.78486
4.75808
4.73288
4.70899
4.68675
4.66579
4.64624
4.62791
4.61109
4.59551
4.5812
4.56808
4.55632
4.5456
4.53626
4.52811
4.52111
4.51526
4.51064
4.50715
4.50483
4.50359
4.50359
4.50483
4.50715
4.51064
4.51526
4.52111
4.52811
4.53626
4.5456
4.55632
4.56808
4.5812
4.59551
4.61109
4.62791
4.64624
4.66579
4.68675
4.70899
4.73288
4.75808
4.78486
4.81305
4.84302
4.87451
4.87209
4.84054
4.81064
4.78238
4.75568
4.73044
4.70656
4.68427
4.66335
4.64374
4.62561
4.6087
4.5931
4.57879
4.56561
4.55392
4.5434
4.53399
4.52582
4.51876
4.51288
4.50832
4.50483
4.50252
4.50135
4.50135
4.50252
4.50483
4.50832
4.51288
4.51876
4.52582
4.53399
4.5434
4.55392
4.56561
4.57879
4.5931
4.6087
4.62561
4.64374
4.66335
4.68427
4.70656
4.73044
4.75568
4.78238
4.81064
4.84054
4.87209
4.87073
4.83939
4.80942
4.78106
4.75444
4.72918
4.70545
4.68307
4.66219
4.64247
4.62437
4.60752
4.59186
4.57765
4.56458
4.55279
4.54218
4.53279
4.52458
4.51766
4.51184
4.50722
4.50359
4.50135
4.50029
4.50029
4.50135
4.50359
4.50722
4.51184
4.51766
4.52458
4.53279
4.54218
4.55279
4.56458
4.57765
4.59186
4.60752
4.62437
4.64247
4.66219
4.68307
4.70545
4.72918
4.75444
4.78106
4.80942
4.83939
4.87073
4.87073
4.83939
4.80942
4.78106
4.75444
4.72918
4.70545
4.68307
4.66219
4.64247
4.62437
4.60752
4.59186
4.57765
4.56458
4.55279
4.54218
4.53279
4.52458
4.51766
4.51184
4.50722
4.50359
4.50135
4.50029
4.50029
4.50135
4.50359
4.50722
4.51184
4.51766
4.52458
4.53279
4.54218
4.55279
4.56458
4.57765
4.59186
4.60752
4.62437
4.64247
4.66219
4.68307
4.70545
4.72918
4.75444
4.78106
4.80942
4.83939
4.87073
4.87209
4.84054
4.81064
4.78238
4.75568
4.73044
4.70656
4.68427
4.66335
4.64374
4.62561
4.6087
4.5931
4.57879
4.56561
4.55392
4.5434
4.53399
4.52582
4.51876
4.51288
4.50832
4.50483
4.50252
4.50135
4.50135
4.50252
4.50483
4.50832
4.51288
4.51876
4.52582
4.53399
4.5434
4.55392
4.56561
4.57879
4.5931
4.6087
4.62561
4.64374
4.66335
4.68427
4.70656
4.73044
4.75568
4.78238
4.81064
4.84054
4.87209
4.87451
4.84302
4.81305
4.78486
4.75808
4.73288
4.70899
4.68675
4.66579
4.64624
3.69115
3.7837
3.88226
3.98438
4.56808
4.55632
4.5456
4.53626
4.52811
4.52111
4.51526
4.51064
4.50715
4.50483
4.50359
4.50359
4.50483
4.50715
4.51064
4.51526
4.52111
4.52811
4.53626
4.5456
4.55632
4.56808
4.5812
4.59551
4.61109
4.62791
4.64624
4.66579
4.68675
4.70899
4.73288
4.75808
4.78486
4.81305
4.84302
4.87451
4.87837
4.84678
4.81696
4.78858
4.76172
3.1758
3.23982
3.28572
3.37844
3.44103
3.53338
3.61771
3.70715
3.80213
3.90313
4.55984
4.54919
4.53979
4.53163
4.52461
4.51881
4.51417
4.51064
4.50831
4.50722
4.50722
4.50831
4.51064
4.51417
4.51881
4.52461
4.53163
4.53979
4.54919
4.55984
4.57155
4.5847
4.59903
4.61461
4.63146
4.64976
4.66938
4.69035
4.71272
4.73654
4.76172
4.78858
4.81696
4.84678
4.87837
4.88335
4.85182
4.82186
4.79351
4.76673
3.0991
3.1202
3.18216
3.24748
3.30003
3.36957
3.45034
3.54773
3.63412
3.7258
3.82321
3.92694
4.54452
4.53629
4.52923
4.52344
4.51881
4.51525
4.51288
4.51184
4.51184
4.51288
4.51525
4.51881
4.52344
4.52923
4.53629
4.54452
4.55383
4.56452
4.57631
4.5894
4.60381
4.61944
4.63631
4.65454
4.67415
4.69517
4.71757
4.74142
4.76673
4.79351
4.82186
4.85182
4.88335
4.88972
4.858
4.82802
4.79963
3.13601
3.10757
3.08043
3.05672
3.12675
3.19007
3.24924
3.32347
3.39832
3.48091
3.5645
3.65315
3.7473
3.84749
4.54212
4.53508
4.52929
4.52461
4.52112
4.51874
4.51767
4.51767
4.51874
4.52112
4.52461
4.52929
4.53508
4.54212
4.55032
4.55974
4.57036
4.5821
4.59529
4.60972
4.6253
4.64217
4.66058
4.68023
4.7012
4.72364
4.74753
4.77285
4.79963
4.82802
4.858
4.88972
4.89723
4.86553
4.83546
4.80711
3.14446
3.11591
3.08866
3.06266
3.03657
3.0735
3.13503
3.19687
3.24104
3.34068
3.4172
3.49822
3.56702
3.64243
3.77223
3.85799
4.53631
4.53154
4.52813
4.52579
4.52459
4.52459
4.52579
4.52813
4.53154
4.53631
4.54197
4.54905
4.55734
4.56682
4.57748
4.58934
4.60246
4.61687
4.63248
4.64942
4.66778
4.68731
4.70845
4.7309
4.75473
4.78015
4.80711
4.83546
4.86553
4.89723
4.90614
4.8743
4.84431
3.18384
3.15382
3.12515
3.09778
3.07168
3.04678
3.02306
3.0056
3.0703
3.14468
3.19407
3.28218
3.35651
3.42171
3.51854
3.607
3.68601
3.80103
4.53978
4.53619
4.53395
4.5328
4.5328
4.53395
4.53619
4.53978
4.54443
4.55033
4.5574
4.56553
4.57502
4.5857
4.59766
4.61077
4.62521
4.64093
4.65791
4.67622
4.69593
4.71695
4.7393
4.76339
4.78888
4.8158
4.84431
4.8743
4.90614
4.91617
4.88441
4.85422
3.19427
3.16411
3.13531
3.10781
3.08159
3.05658
3.03274
3.01004
2.98741
3.03175
3.08076
3.14678
3.22642
3.29873
3.35097
3.45633
3.52952
3.63364
3.72751
3.83428
4.54334
4.54219
4.54219
4.54334
4.54568
4.54908
4.55388
4.55969
4.56674
4.57505
4.58447
4.59521
4.60713
4.62035
4.63475
4.65041
4.66748
4.68585
4.70563
4.72671
4.7493
4.77328
4.79877
4.82565
4.85422
4.88441
4.91617
4.92773
4.89582
3.23792
3.20566
3.17535
3.1464
3.11877
3.09241
3.06727
3.04331
3.0205
2.99879
2.97815
2.96566
3.02062
3.10001
3.14426
3.24386
3.31842
3.3974
3.47482
3.56745
3.66455
3.76522
3.87259
4.55281
4.55391
4.55622
4.55976
4.5645
4.57035
4.57738
4.58574
4.59518
4.60594
4.61789
4.6311
4.64556
4.66126
4.6784
4.69681
4.71658
4.73765
4.76041
4.78445
4.80995
4.83695
4.86567
4.89582
4.92773
4.94054
4.90857
3.24994
3.21803
3.18755
3.15844
3.13066
3.10416
3.07888
3.05479
3.03185
3.01002
2.98926
2.96954
2.95016
2.97565
3.05426
3.10295
3.19176
3.25545
3.34163
3.42332
3.51003
3.60219
3.70031
3.80201
4.56577
4.56805
4.5715
4.57625
4.58218
4.58933
4.5976
4.60712
4.61783
4.62973
4.64301
4.65762
4.6734
4.69057
4.70901
4.72882
4.75006
4.7727
4.79687
4.82245
4.84961
4.87823
4.90857
4.94054
4.95469
4.9226
3.26348
3.23138
3.20073
3.17145
3.14351
3.11565
3.09142
3.06403
3.04074
3.01913
2.99917
2.98087
2.9626
2.94477
2.93585
3.0098
3.0621
3.12581
3.20947
3.28745
3.36878
3.45352
3.54356
4.06637
4.57871
4.58117
4.58464
4.5894
4.59523
4.60242
4.61072
4.62028
4.63105
4.64313
4.65636
4.67094
4.68681
4.70392
4.72243
4.74232
4.76369
4.7864
4.81046
4.83624
4.86341
4.89222
4.9226
4.95469
4.97017
3.31186
3.27806
3.24576
3.21491
3.18545
3.15506
3.12766
3.10085
3.08052
3.05074
3.02762
3.01416
2.99025
2.9686
2.95261
2.94031
2.92427
2.96184
3.02202
3.09567
3.16436
3.23921
3.31741
3.40185
4.59194
4.59312
4.59535
4.59904
4.60381
4.60959
4.61676
4.62513
4.63475
4.64554
4.65764
4.67088
4.68555
4.70148
4.7186
4.73715
4.75715
4.77857
4.80137
4.82554
4.85138
4.87866
4.9075
4.93796
4.97017
4.98698
3.32772
3.29368
3.26117
3.23011
3.20045
3.17214
3.14513
3.11937
3.09481
3.07143
3.04127
3.028
3.00789
2.98881
2.97073
2.95362
2.93746
2.92222
2.90658
2.98285
3.05083
3.11997
3.19148
4.60747
4.60747
4.60872
4.61109
4.61467
4.61944
4.62524
4.6324
4.64086
4.65052
4.66129
4.67339
4.68682
4.70143
4.71728
4.7347
4.75335
4.77328
4.79475
4.81768
4.8419
4.86777
4.89523
4.92416
4.95475
4.98698
3.38053
3.34466
3.31038
3.27764
3.24636
3.21649
3.18798
3.15577
3.13482
3.11009
3.08653
3.06411
3.04278
3.02252
3.0033
2.98508
2.96784
2.95155
2.92894
2.92174
2.90606
2.93409
3.00989
3.92141
4.62433
4.62433
4.62561
4.62799
4.6316
4.63636
4.64231
4.64953
4.65784
4.66748
4.67841
4.69059
4.70399
4.71866
4.73471
4.75204
4.77075
4.79087
4.81234
4.83533
4.85973
4.88557
4.91316
4.94222
4.9729
5.00522
3.39886
3.36272
3.32819
3.29519
3.26368
3.23358
3.20485
3.17744
3.15129
3.12636
3.10262
3.08002
3.05853
3.03811
3.01873
3.00037
2.98299
2.96656
2.94493
2.93331
2.92281
2.90982
3.21879
4.64383
4.64267
4.64267
4.64383
4.64622
4.64971
4.65463
4.66062
4.66783
4.67623
4.68589
4.69682
4.70902
4.72251
4.73726
4.75334
4.77078
4.7895
4.80973
4.83133
4.85427
4.87884
4.90468
4.93248
4.96167
4.9924
5.02494
3.41836
3.38193
3.34712
3.31386
3.28209
3.25175
3.22261
3.18776
3.1688
3.14367
3.11973
3.09695
3.07528
3.05469
3.03514
3.01662
2.99909
2.97383
2.96083
2.94843
2.93659
2.92546
4.66578
4.66335
4.66211
4.66211
4.66335
4.66578
4.66937
4.67415
4.68019
4.68742
4.69587
4.70553
4.71665
4.72885
4.74226
4.75715
4.77336
4.79087
4.8097
4.82996
4.85166
4.87474
4.89943
4.92557
4.95323
4.98256
5.01352
5.04619
3.43905
3.40232
3.36721
3.33367
3.30164
3.27104
3.24183
3.21396
3.18737
3.16203
3.13788
3.1149
3.09303
3.07226
3.05255
3.03385
3.01616
2.99943
2.98366
2.96379
2.95487
3.80352
4.68664
4.68433
4.68308
4.68308
4.68433
4.68664
4.69036
4.69521
4.70107
4.70854
4.717
4.72677
4.73783
4.7501
4.76371
4.77856
4.79476
4.8123
4.83132
4.85157
4.87345
4.89664
4.92145
4.94765
4.97547
5.00494
5.03604
5.06874
3.46098
3.4229
3.38517
3.34791
3.31095
3.29146
3.262
3.23387
3.20704
3.18147
3.15473
3.13391
3.11184
3.08782
3.06807
3.05211
3.03424
3.01736
3.00143
2.98642
3.30357
4.71274
4.70906
4.70665
4.7055
4.7055
4.70665
4.70906
4.71274
4.71757
4.72354
4.73092
4.7395
4.74929
4.76042
4.77277
4.78643
4.80135
4.81767
4.8353
4.85427
4.87477
4.89666
4.91999
4.94488
4.97117
4.99918
5.02883
5.05997
5.09291
3.47561
3.44675
3.41101
3.37686
3.34423
3.31307
3.28332
3.25493
3.22785
3.20203
3.17743
3.154
3.13173
3.11056
3.09046
3.0714
3.05335
3.03629
3.02019
3.00501
4.7414
4.73655
4.73283
4.73028
4.72921
4.72921
4.73028
4.73283
4.73655
4.7414
4.74753
4.75483
4.76344
4.77332
4.78443
4.79679
4.81049
4.82563
4.84199
4.85966
4.87888
4.89936
4.92145
4.94486
4.96984
4.99635
5.02444
5.05415
5.08549
5.11873
3.50391
3.4693
3.4348
3.39472
3.36735
3.33588
3.30584
3.27717
3.24981
3.21698
3.19888
3.16481
3.15272
3.13133
3.11102
3.09176
3.07352
3.05628
3.04001
3.51923
4.7667
4.76177
4.75808
4.75563
4.75445
4.75445
4.75563
4.75808
4.76177
4.7667
4.77281
4.78022
4.78885
4.79877
4.80994
4.8224
4.83623
4.8513
4.86776
4.8857
4.90491
4.92554
4.94769
4.97128
4.99633
5.02301
5.05132
5.08118
5.11271
5.14604
3.52969
3.49636
3.45989
3.42503
3.39174
3.35995
3.32959
3.30062
3.26908
3.24662
3.22151
3.1976
3.17485
3.15323
3.13269
3.11322
3.09478
3.07735
3.06143
4.79962
4.7935
4.78853
4.78486
4.78241
4.7812
4.7812
4.78241
4.78486
4.78853
4.7935
4.79962
4.80702
4.81579
4.8258
4.83698
4.8496
4.86331
4.87863
4.89519
4.91315
4.93254
4.95323
4.97553
4.9992
5.02444
5.05124
5.07972
5.10977
5.14152
5.17485
5.20561
3.52342
3.47864
3.4511
3.41744
3.3853
3.35461
3.32532
3.29738
3.26997
3.24535
3.22117
3.19816
3.17629
3.15553
3.13583
3.11717
3.09953
4.06511
4.82793
4.8219
4.81682
4.81314
4.81066
4.80953
4.80953
4.81066
4.81314
4.81682
4.8219
4.82793
4.83555
4.84423
4.85432
4.86566
4.87826
4.89225
4.90746
4.92415
4.94217
4.9617
4.98253
5.00491
5.02873
5.05419
5.08121
5.10979
5.13997
5.17193
5.20561
5.23786
5.204
5.17185
3.47581
3.43653
3.40114
3.36988
3.34302
3.32096
3.29611
3.27043
3.24596
3.22269
3.20056
3.17955
3.15961
3.14073
3.53104
4.86559
4.85806
4.85177
4.84681
4.84297
4.84057
4.83932
4.83932
4.84057
4.84297
4.84681
4.85177
4.85806
4.86559
4.87431
4.88442
4.89588
4.90853
4.92262
4.93796
4.95467
4.97291
4.99248
5.01344
5.03606
5.06004
5.08553
5.11264
5.14144
5.17185
5.204
5.23786
5.27193
5.23792
5.20554
5.1749
3.47314
3.4366
3.40397
3.37552
3.35007
3.32279
3.2968
3.27204
3.24848
3.22607
3.2048
3.18461
3.16537
4.90612
4.89726
4.88972
4.88341
4.87834
4.87464
4.872
4.87086
4.87086
4.872
4.87464
4.87834
4.88341
4.88972
4.89726
4.90612
4.91615
4.92775
4.94047
4.95467
4.97014
4.98688
5.0052
5.02504
5.04621
5.06885
5.09296
5.11866
5.14603
5.1749
5.20554
5.23792
5.27193
