Label: Box
Position: -2.46071, -0.38847, 0.584521
Orientation (Quaternion): 0.888337, 0.200986, -0.298358, 0.285385
5.27193
5.23792
5.20554
5.1749
5.14603
5.11866
5.09296
5.06885
5.04621
5.02504
5.0052
4.98688
4.97014
4.95467
4.94047
4.92775
4.91615
4.90612
4.89726
4.88972
4.88341
4.87834
4.87464
4.872
4.87086
4.87086
4.872
4.87464
4.87834
4.88341
4.88972
4.89726
4.90612
4.91615
4.92775
4.94047
4.95467
4.97014
4.98688
5.0052
5.02504
5.04621
5.06885
5.09296
5.11866
5.14603
5.1749
5.20554
5.23792
5.27193
5.23786
5.204
5.17185
5.14144
5.11264
5.08553
5.06004
5.03606
5.01344
4.99248
4.97291
4.95467
4.93796
4.92262
4.90853
4.89588
4.88442
4.87431
4.86559
4.85806
4.85177
4.84681
4.84297
4.84057
4.83932
4.83932
4.84057
4.84297
4.84681
4.85177
4.85806
4.86559
4.87431
4.88442
4.89588
4.90853
4.92262
4.93796
4.95467
4.97291
4.99248
5.01344
5.03606
5.06004
5.08553
5.11264
5.14144
5.17185
5.204
5.23786
5.20561
5.17193
5.13997
5.10979
5.08121
5.05419
5.02873
5.00491
4.98253
4.9617
4.94217
4.92415
4.90746
4.89225
4.87826
4.86566
4.85432
4.84423
4.83555
4.82793
4.8219
4.81682
4.81314
4.81066
4.80953
4.80953
4.81066
4.81314
4.81682
4.8219
4.82793
4.83555
4.84423
4.85432
4.86566
4.87826
4.89225
4.90746
4.92415
4.94217
4.9617
4.98253
5.00491
5.02873
5.05419
5.08121
5.10979
5.13997
5.17193
5.20561
5.17485
5.14152
5.10977
5.07972
5.05124
5.02444
4.9992
4.97553
4.95323
4.93254
4.91315
4.89519
4.87863
4.86331
4.8496
4.83698
4.8258
4.81579
4.80702
4.79962
4.7935
4.78853
4.78486
4.78241
4.7812
4.7812
4.78241
4.78486
4.78853
4.7935
4.79962
4.80702
4.81579
4.8258
4.83698
4.8496
4.86331
4.87863
4.89519
4.91315
4.93254
4.95323
4.97553
4.9992
5.02444
5.05124
5.07972
5.10977
5.14152
5.17485
5.14604
5.11271
5.08118
5.05132
5.02301
4.99633
4.97128
4.94769
4.92554
4.90491
4.8857
4.86776
4.8513
4.83623
4.8224
4.80994
4.79877
4.78885
4.78022
4.77281
4.7667
4.76177
4.75808
4.75563
4.75445
4.75445
4.75563
4.75808
4.76177
4.7667
4.77281
4.78022
4.78885
4.79877
4.80994
4.8224
4.83623
4.8513
4.86776
4.8857
4.90491
4.92554
4.94769
4.97128
4.99633
5.02301
5.05132
5.08118
5.11271
5.14604
5.11873
5.08549
5.05415
5.02444
4.99635
4.96984
4.94486
4.92145
4.89936
4.87888
4.85966
4.84199
4.82563
4.81049
4.79679
4.78443
4.77332
4.76344
4.75483
4.74753
4.7414
4.73655
4.73283
4.73028
4.72921
4.72921
4.73028
4.73283
4.73655
4.7414
4.74753
4.75483
4.76344
4.77332
4.78443
4.79679
4.81049
4.82563
4.84199
4.85966
4.87888
4.89936
4.92145
4.94486
4.96984
4.99635
5.02444
5.05415
5.08549
5.11873
5.09291
5.05997
5.02883
4.99918
4.97117
4.94488
4.91999
4.89666
4.87477
4.85427
4.8353
4.81767
4.80135
4.78643
4.77277
4.76042
4.74929
4.7395
4.73092
4.72354
4.71757
4.71274
4.70906
4.70665
4.7055
4.7055
4.70665
4.70906
4.71274
4.71757
4.72354
4.73092
4.7395
4.74929
4.76042
4.77277
4.78643
4.80135
4.81767
4.8353
4.85427
4.87477
4.89666
4.91999
4.94488
4.97117
4.99918
5.02883
5.05997
5.09291
5.06874
5.03604
5.00494
4.97547
4.94765
4.92145
4.89664
4.87345
4.85157
4.83132
4.8123
4.79476
4.77856
4.76371
4.7501
4.73783
4.72677
4.717
4.70854
4.70107
4.69521
4.69036
4.68664
4.68433
4.68308
4.68308
4.68433
4.68664
4.69036
4.69521
4.70107
4.70854
4.717
4.72677
4.73783
4.7501
4.76371
4.77856
4.79476
4.8123
4.83132
4.85157
4.87345
4.89664
4.92145
4.94765
4.97547
5.00494
5.03604
5.06874
5.04619
5.01352
4.98256
4.95323
4.92557
4.89943
4.87474
4.85166
4.82996
4.8097
4.79087
4.77336
4.75715
4.74226
4.72885
4.71665
4.70553
4.69587
4.68742
4.68019
4.67415
4.66937
4.66578
4.66335
4.66211
4.66211
4.66335
4.66578
4.66937
4.67415
4.68019
4.68742
4.69587
4.70553
4.71665
4.72885
4.74226
4.75715
4.77336
4.79087
4.8097
4.82996
4.85166
4.87474
4.89943
4.92557
4.95323
4.98256
5.01352
5.04619
5.02494
4.9924
4.96167
4.93248
4.90468
4.87884
4.85427
4.83133
4.80973
4.7895
4.77078
4.75334
4.73726
4.72251
4.70902
4.69682
4.68589
4.67623
4.66783
4.66062
4.65463
4.64971
4.64622
4.64383
4.64267
4.64267
4.64383
4.64622
4.64971
4.65463
4.66062
4.66783
4.67623
4.68589
4.69682
4.70902
4.72251
4.73726
4.75334
4.77078
4.7895
4.80973
4.83133
4.85427
4.87884
4.90468
4.93248
4.96167
4.9924
5.02494
5.00522
4.9729
4.94222
4.91316
4.88557
4.85973
4.83533
4.81234
4.79087
4.77075
4.75204
4.73471
4.71866
4.70399
4.69059
4.67841
4.66748
4.65784
4.64953
4.64231
4.63636
4.6316
4.62799
4.62561
4.62433
4.62433
4.62561
4.62799
4.6316
4.63636
4.64231
4.64953
4.65784
4.66748
4.67841
4.69059
4.70399
4.71866
4.73471
4.75204
4.77075
4.79087
4.81234
4.83533
4.85973
4.88557
4.91316
4.94222
4.9729
5.00522
4.98698
4.95475
4.92416
4.89523
4.86777
4.8419
4.81768
4.79475
4.77328
4.75335
4.7347
4.71728
4.70143
4.68682
4.67339
4.66129
4.65052
4.64086
4.6324
4.62524
4.61944
4.61467
4.61109
4.60872
4.60747
4.60747
4.60872
4.61109
4.61467
4.61944
4.62524
4.6324
4.64086
4.65052
4.66129
4.67339
4.68682
4.70143
4.71728
4.7347
4.75335
4.77328
4.79475
4.81768
4.8419
4.86777
4.89523
4.92416
4.95475
4.98698
4.97017
4.93796
4.9075
4.87866
4.85138
4.82554
4.80137
4.77857
4.75715
4.73715
4.7186
4.70148
4.68555
4.67088
4.65764
4.64554
4.63475
4.62513
4.61676
4.60959
4.60381
4.59904
4.59535
4.59312
4.59194
4.59194
4.59312
4.59535
4.59904
4.60381
4.60959
4.61676
4.62513
4.63475
4.64554
4.65764
4.67088
4.68555
4.70148
4.7186
4.73715
4.75715
4.77857
4.80137
4.82554
4.85138
4.87866
4.9075
4.93796
4.97017
4.95469
4.9226
4.89222
4.86341
4.83624
4.81046
4.7864
4.76369
4.74232
4.72243
4.70392
4.68681
4.67094
4.65636
4.64313
4.63105
4.62028
4.61072
4.60242
4.59523
4.5894
4.58464
4.58117
4.57871
4.57768
4.57768
4.57871
4.58117
4.58464
4.5894
4.59523
4.60242
4.61072
4.62028
4.63105
4.64313
4.65636
4.67094
4.68681
4.70392
2.39553
2.33115
2.38162
4.7864
4.81046
4.83624
4.86341
4.89222
4.9226
4.95469
4.94054
4.90857
4.87823
4.84961
4.82245
4.79687
4.7727
4.75006
4.72882
4.70901
4.69057
4.6734
4.65762
4.64301
4.62973
4.61783
4.60712
4.5976
4.58933
4.58218
4.57625
4.5715
4.56805
4.56577
4.56457
4.56457
4.56577
4.56805
4.5715
4.57625
4.58218
4.58933
4.5976
4.60712
4.61783
4.62973
4.64301
4.65762
4.6734
2.40041
2.35072
2.28782
2.33413
2.41325
4.79687
4.82245
4.84961
4.87823
4.90857
4.94054
4.92773
4.89582
4.86567
4.83695
4.80995
4.78445
4.76041
4.73765
4.71658
4.69681
4.6784
4.66126
4.64556
4.6311
4.61789
4.60594
4.59518
4.58574
4.57738
4.57035
4.5645
4.55976
4.55622
4.55391
4.55281
4.55281
4.55391
4.55622
4.55976
4.5645
4.57035
4.57738
4.58574
4.59518
4.60594
4.61789
4.6311
2.46086
2.40594
2.35626
2.30807
2.24659
2.28932
2.36561
2.44781
4.80995
4.83695
4.86567
4.89582
4.92773
4.91617
4.88441
4.85422
4.82565
4.79877
4.77328
4.7493
4.72671
4.70563
4.68585
4.66748
4.65041
4.63475
4.62035
4.60713
4.59521
4.58447
4.57505
4.56674
4.55969
4.55388
4.54908
4.54568
4.54334
4.54219
4.54219
4.54334
4.54568
4.54908
4.55388
4.55969
4.56674
4.57505
4.58447
4.59521
4.60713
2.46863
2.41408
2.35828
2.31363
2.26732
2.21868
2.24704
2.31817
2.39999
2.47623
4.82565
4.85422
4.88441
4.91617
4.90614
4.8743
4.84431
4.8158
4.78888
4.76339
4.7393
4.71695
4.69593
4.67622
4.65791
4.64093
4.62521
4.61077
4.59766
4.5857
4.57502
4.56553
4.5574
4.55033
4.54443
4.53978
4.53619
4.53395
4.5328
4.5328
4.53395
4.53619
4.53978
4.54443
4.55033
4.5574
4.56553
4.57502
2.53591
2.47725
2.42184
2.36565
2.31987
2.26848
2.22835
2.18089
2.20709
2.27831
2.35491
2.43748
2.52673
4.84431
4.8743
4.90614
4.89723
4.86553
4.83546
4.80711
4.78015
4.75473
4.7309
4.70845
4.68731
4.66778
4.64942
4.63248
4.61687
4.60246
4.58934
4.57748
4.56682
4.55734
4.54905
4.54197
4.53631
4.53154
4.52813
4.52579
4.52459
4.52459
4.52579
4.52813
4.53154
4.53631
4.54197
4.54905
4.55734
2.54644
2.48678
2.41509
2.36716
2.32687
2.27917
2.23395
2.19104
2.14489
2.16932
2.23463
2.31237
2.39218
2.47835
2.57168
4.86553
4.89723
4.88972
4.858
4.82802
4.79963
4.77285
4.74753
4.72364
4.7012
4.68023
4.66058
4.64217
4.6253
4.60972
4.59529
4.5821
4.57036
4.55974
4.55032
4.54212
4.53508
4.52929
4.52461
4.52112
4.51874
4.51767
4.51767
4.51874
4.52112
4.52461
4.52929
4.53508
2.62245
2.558
2.49727
2.43997
2.38051
2.33465
2.27965
2.24025
2.19669
2.15532
2.11058
2.13361
2.20045
2.27222
2.34946
2.41893
2.52289
2.61222
4.88972
4.88335
4.85182
4.82186
4.79351
4.76673
4.74142
4.71757
4.69517
4.67415
4.65454
4.63631
4.61944
4.60381
4.5894
4.57631
4.56452
4.55383
4.54452
4.53629
4.52923
4.52344
4.51881
4.51525
4.51288
4.51184
4.51184
4.51288
4.51525
4.51881
2.70678
2.62669
2.56038
2.50881
2.45046
2.39537
2.34329
2.294
2.24731
2.20304
2.16102
2.12111
2.07782
2.09979
2.16069
2.23429
2.30607
2.38725
2.47697
2.57143
2.68297
4.87837
4.84678
4.81696
4.78858
4.76172
4.73654
4.71272
4.69035
4.66938
4.64976
4.63146
4.61461
4.59903
4.5847
4.57155
4.55984
4.54919
4.53979
4.53163
4.52461
4.51881
4.51417
4.51064
4.50831
4.50722
4.50722
4.50831
4.51064
2.72286
2.65154
2.58219
2.51961
2.45675
2.40584
2.35282
2.29734
2.24643
2.21013
2.16741
2.12685
2.08831
2.04653
2.06777
2.13083
2.19843
2.27105
2.33927
2.4337
2.5251
2.62433
4.87451
4.84302
4.81305
4.78486
4.75808
4.73288
4.70899
4.68675
4.66579
4.64624
4.62791
4.61109
4.59551
4.5812
4.56808
4.55632
4.5456
4.53626
4.52811
4.52111
4.51526
4.51064
4.50715
4.50483
4.50359
4.50359
2.81868
2.74094
2.66806
2.5996
2.53522
2.47455
2.41636
2.3633
2.3122
2.26384
2.21283
2.16727
2.12582
2.09411
2.05686
2.0166
2.03301
2.09498
2.15951
2.23507
2.31099
2.39289
2.48146
2.57754
4.87209
4.84054
4.81064
4.78238
4.75568
4.73044
4.70656
4.68427
4.66335
4.64374
4.62561
4.6087
4.5931
4.57879
4.56561
4.55392
4.5434
4.53399
4.52582
4.51876
4.51288
4.50832
4.50483
4.50252
4.50135
2.84017
2.7606
2.68604
2.61605
2.55022
2.4883
2.42991
2.37478
2.3227
2.27341
2.22673
2.17784
2.13025
2.10062
2.05668
2.02173
1.98794
2.00463
2.06437
2.12762
2.19519
2.27484
2.35438
2.44033
2.53346
4.87073
4.83939
4.80942
4.78106
4.75444
4.72918
4.70545
4.68307
4.66219
4.64247
4.62437
4.60752
4.59186
4.57765
4.56458
4.55279
4.54218
4.53279
4.52458
4.51766
4.51184
4.50722
4.50359
4.50135
2.8614
2.78189
2.70547
2.63388
2.56659
2.50328
2.44361
2.38734
2.31451
2.27973
2.23634
2.19124
2.14846
2.10323
2.06122
2.02709
1.99261
1.95169
1.97779
2.03637
2.09755
2.16522
2.24069
2.31803
2.40153
2.49194
4.87073
4.83939
4.80942
4.78106
4.75444
4.72918
4.70545
4.68307
4.66219
4.64247
4.62437
4.60752
4.59186
4.57765
4.56458
4.55279
4.54218
4.53279
4.52458
4.51766
4.51184
4.50722
4.50359
4.50135
2.78438
2.72663
2.6511
2.58432
2.51954
2.45856
2.40104
2.32772
2.27823
2.23137
2.2009
2.14478
2.09962
2.0619
2.03928
2.00376
1.96686
1.92576
1.95241
2.00895
2.06997
2.13846
2.20841
2.2837
2.36492
2.44895
4.87209
4.84054
4.81064
4.78238
4.75568
4.73044
4.70656
4.68427
4.66335
4.64374
4.62561
4.6087
4.5931
4.57879
4.56561
4.55392
4.5434
4.53399
4.52582
4.51876
4.51288
4.50832
4.50483
4.50252
2.74941
2.67418
2.60355
2.53265
2.47475
2.39564
2.34207
2.29142
2.24348
2.19805
2.16699
2.12479
2.08473
2.03475
2.00165
1.97026
1.93895
1.90094
1.92849
1.98352
2.04612
2.10968
2.1779
2.25127
2.32392
2.4137
4.87451
4.84302
4.81305
4.78486
4.75808
4.73288
4.70899
4.68675
4.66579
4.64624
4.62791
4.61109
4.59551
4.5812
4.56808
4.55632
4.5456
4.53626
4.52811
4.52111
4.51526
4.51064
4.50715
2.77486
2.69684
2.62437
2.55632
2.49236
2.41131
2.35762
2.30574
2.25665
2.21016
2.16609
2.13453
2.09366
2.05484
2.0077
1.98035
1.94625
1.91577
1.87717
1.90569
1.96235
2.02035
2.08245
2.14905
2.22062
2.29575
2.38038
4.87837
4.84678
4.81696
4.78858
4.76172
4.73654
4.71272
4.69035
4.66938
4.64976
4.63146
4.61461
4.59903
4.5847
4.57155
4.55984
4.54919
4.53979
4.53163
4.52461
4.51881
4.51417
4.51064
2.72132
2.64686
2.57702
2.51139
2.44964
2.37199
2.3199
2.27696
2.22333
2.17821
2.13542
2.09479
2.06383
2.02618
1.99038
1.95045
1.9181
1.89157
1.85441
1.88608
1.93921
1.99597
2.05668
2.12177
2.18989
2.26623
2.34827
4.88335
4.85182
4.82186
4.79351
4.76673
4.74142
4.71757
4.69517
4.67415
4.65454
4.63631
4.61944
4.60381
4.5894
4.57631
4.56452
4.55383
4.54452
4.53629
4.52923
4.52344
4.51881
4.51525
2.67115
2.59937
2.53197
2.4686
2.40894
2.3345
2.28404
2.23621
2.19082
2.14755
2.10597
2.06647
2.03525
1.9932
1.9592
1.92503
1.889
1.86631
1.83027
1.86525
1.91731
1.97289
2.03231
2.08769
2.16361
2.23793
2.3173
4.88972
4.858
4.82802
4.79963
4.77285
4.74753
4.72364
4.7012
4.68023
4.66058
4.64217
4.6253
4.60972
4.59529
4.5821
4.57036
4.55974
4.55032
4.54212
4.53508
4.52929
4.52461
4.52112
2.6123
2.5542
2.48909
2.42782
2.35038
2.29872
2.24979
2.20339
2.15933
2.11747
2.07767
2.03924
2.00269
1.97233
1.93855
1.90639
1.87399
1.84655
1.80999
1.84552
1.89657
1.95104
2.00926
2.07092
2.13853
2.2105
2.28809
4.89723
4.86553
4.83546
4.80711
4.78015
4.75473
4.7309
4.70845
4.68731
4.66778
4.64942
4.63248
4.61687
4.60246
4.58934
4.57748
4.56682
4.55734
4.54905
4.54197
4.53631
4.53154
4.52813
2.57818
2.51122
2.44826
2.38898
2.31468
2.26457
2.21708
2.17201
2.12921
2.08851
2.04978
2.01289
1.97744
1.94355
1.91126
1.8829
1.85031
1.82466
1.79048
1.82685
1.87693
1.93037
1.98687
2.04859
2.11414
2.18461
2.26054
4.90614
4.8743
4.84431
4.8158
4.78888
4.76339
4.7393
4.71695
4.69593
4.67622
4.65791
4.64093
4.62521
4.61077
4.59766
4.5857
4.57502
4.56553
4.5574
4.55033
4.54443
4.53978
2.60402
2.53506
2.47028
2.39312
2.33197
2.28061
2.24412
2.18581
2.14201
2.10079
2.06079
2.02309
1.98717
1.95291
1.92009
1.88859
1.85855
1.8299
1.79212
1.77171
1.80915
1.85838
1.90641
1.96688
2.02684
2.09112
2.16019
2.23456
4.91617
4.88441
4.85422
4.82565
4.79877
4.77328
4.7493
4.72671
4.70563
4.68585
4.66748
4.65041
4.63475
4.62035
4.60713
4.59521
4.58447
4.57505
4.56674
4.55969
4.55388
4.54908
2.56076
2.49404
2.43131
2.37224
2.31657
2.24808
2.20079
2.15592
2.1133
2.07279
2.03423
1.99751
1.9625
1.92911
1.89723
1.86673
1.83741
1.80942
1.77795
1.75366
1.79245
1.82537
1.89237
1.94743
2.00631
2.0694
2.13716
2.21009
4.92773
4.89582
4.86567
4.83695
4.80995
4.78445
4.76041
4.73765
4.71658
4.69681
4.6784
4.66126
4.64556
4.6311
4.61789
4.60594
4.59518
4.58574
4.57738
4.57035
4.5645
4.55976
2.51958
2.45495
2.39411
2.33685
2.2828
2.23177
2.1652
2.13785
2.09458
2.04636
2.00879
1.97298
1.93884
1.90626
1.87515
1.84542
1.81699
1.78965
1.76353
1.73628
1.75938
1.82422
1.87496
1.92908
1.98694
2.04892
2.11545
2.18703
4.94054
4.90857
4.87823
4.84961
4.82245
4.79687
4.7727
4.75006
4.72882
4.70901
4.69057
4.6734
4.65762
4.64301
4.62973
4.61783
4.60712
4.5976
4.58933
4.58218
4.57625
2.53827
2.46457
2.41769
2.3587
2.28393
2.24961
2.19323
2.13977
2.09612
2.05627
2.01832
1.98215
1.94947
1.91927
1.88434
1.85395
1.8249
1.79712
1.77053
1.74502
1.71958
1.76172
1.8086
1.85851
1.91177
1.96868
2.02963
2.09502
2.16534
4.95469
4.9226
4.89222
4.86341
4.83624
4.81046
4.7864
4.76369
4.74232
4.72243
4.70392
4.68681
4.67094
4.65636
4.64313
4.63105
4.62028
4.61072
4.60242
4.59523
4.5894
2.50778
2.44306
2.38219
2.32488
2.26732
2.21167
2.17153
2.11563
2.07448
2.03522
1.99297
1.95818
1.92511
1.89366
1.85744
1.83011
1.8041
1.77802
1.75201
1.7271
1.69827
1.74768
1.79386
1.84303
1.89547
1.95149
2.01147
2.0758
2.14494
4.97017
4.93796
4.9075
4.87866
4.85138
4.82554
4.80137
4.77857
4.75715
4.73715
4.7186
4.70148
4.68555
4.67088
4.65764
4.64554
4.63475
4.62513
4.61676
4.60959
4.60381
2.47033
2.40748
2.34834
2.27696
2.24002
2.18408
2.13406
2.09166
2.05121
2.01154
1.97415
1.94057
1.90695
1.87577
1.8447
1.80065
1.77649
1.75416
1.73465
1.72294
1.72805
1.73066
1.76851
1.81639
1.87023
1.92923
1.99339
2.05774
2.12579
4.98698
4.95475
4.92416
4.89523
4.86777
4.8419
4.81768
4.79475
4.77328
4.75335
4.7347
4.71728
4.70143
4.68682
4.67339
4.66129
4.65052
4.64086
4.6324
4.62524
4.61944
2.43466
2.37356
2.29769
2.24695
2.21061
2.15304
2.10937
2.07308
2.028
1.99009
1.95391
1.91936
1.88721
1.84131
1.81791
1.79691
1.77915
1.78941
1.7647
1.78012
1.77619
1.76046
1.7683
1.79806
1.86572
1.92015
1.97838
2.04079
2.10782
5.00522
4.9729
4.94222
4.91316
4.88557
4.85973
4.83533
4.81234
4.79087
4.77075
4.75204
4.73471
4.71866
4.70399
4.69059
4.67841
4.66748
4.65784
4.64953
4.64231
2.46399
2.39555
2.3412
2.28521
2.23238
2.1825
2.13533
2.08434
2.0437
2.00457
1.96782
1.92148
1.89177
1.86827
1.84731
1.86134
1.85442
1.84802
1.84214
1.83676
1.83189
1.8275
1.81745
1.82019
1.80977
1.83679
1.90592
1.96336
2.02491
2.091
5.02494
4.9924
4.96167
4.93248
4.90468
4.87884
4.85427
4.83133
4.80973
4.7895
4.77078
4.75334
4.73726
4.72251
4.70902
4.69682
4.68589
4.67623
4.66783
4.66062
2.42649
2.36654
2.31035
2.2438
2.20428
2.15563
2.10961
2.0621
2.01275
1.98252
1.95474
1.95533
1.9455
1.93625
1.9276
1.91951
1.91197
1.90497
1.88824
1.89261
1.88721
1.88232
1.87793
1.87404
1.87066
1.85429
1.88051
1.94932
2.01007
2.07528
5.04619
5.01352
4.98256
4.95323
4.92557
4.89943
4.87474
4.85166
4.82996
4.8097
4.79087
4.77336
4.75715
4.74226
4.72885
4.71665
4.70553
4.69587
4.68742
4.68019
2.39726
2.33734
2.2809
2.22768
2.17745
2.11924
2.08457
2.05249
2.05271
2.04087
2.03196
2.02069
2.01008
2.00008
1.99069
1.98189
1.97368
1.944
1.95895
1.95242
1.94643
1.94098
1.93605
1.90972
1.92774
1.92435
1.90189
1.9283
1.99621
2.06062
5.06874
5.03604
5.00494
4.97547
4.94765
4.92145
4.89664
4.87345
4.85157
4.83132
4.8123
4.79476
4.77856
4.76371
4.7501
4.73783
4.72677
4.717
4.70854
4.70107
2.36629
2.30787
2.24399
2.20377
2.18801
2.17491
2.15255
2.13866
2.12663
2.11616
2.1033
2.09112
2.07962
2.06877
2.05856
2.04898
2.04
2.03163
2.02384
2.01662
2.00998
2.00389
1.99834
1.98427
1.98887
1.98493
1.98152
1.97862
1.97998
2.04696
5.09291
5.05997
5.02883
4.99918
4.97117
4.94488
4.91999
4.89666
4.87477
4.85427
4.8353
4.81767
4.80135
4.78643
4.77277
4.76042
4.74929
4.7395
4.73092
4.72354
2.34387
2.33488
2.31421
2.28258
2.2659
2.25777
2.23417
2.21912
2.20899
2.19181
2.18038
2.16718
2.15469
2.14289
2.13176
2.12128
2.11146
2.10226
2.09367
2.08569
2.0783
2.0715
2.06526
2.05959
2.05448
2.04992
2.04591
2.04243
2.03949
2.03566
5.11873
5.08549
5.05415
5.02444
4.99635
4.96984
4.94486
4.92145
4.89936
4.87888
4.85966
4.84199
4.82563
4.81049
4.79679
4.78443
4.77332
4.76344
4.75483
4.74753
4.7414
2.43116
2.40884
2.38753
2.3672
2.33907
2.32051
2.30812
2.29498
2.27905
2.26391
2.24955
2.23594
2.22306
2.21089
2.19513
2.18863
2.1785
2.16902
2.16017
2.15195
2.14433
2.13732
2.1309
2.12505
2.11979
2.11509
2.11096
2.10738
2.10433
5.14604
5.11271
5.08118
5.05132
5.02301
4.99633
4.97128
4.94769
4.92554
4.90491
4.8857
4.86776
4.8513
4.83623
4.8224
4.80994
4.79877
4.78885
4.78022
4.77281
4.7667
4.76177
4.75808
2.48911
2.46673
2.44327
2.42589
2.40678
2.38855
2.37119
2.35469
2.33902
2.32414
2.31005
2.27716
2.2841
2.27222
2.26103
2.25053
2.2407
2.23153
2.22299
2.2151
2.20782
2.18504
2.19509
2.18962
2.18474
2.18043
2.1767
5.17485
5.14152
5.10977
5.07972
5.05124
5.02444
4.9992
4.97553
4.95323
4.93254
4.91315
4.89519
4.87863
4.86331
4.8496
4.83698
4.8258
4.81579
4.80702
4.79962
4.7935
4.78853
4.78486
4.78241
4.7812
2.55353
2.53152
2.51063
2.49072
2.47175
2.45369
2.43652
2.4202
2.40468
2.39003
2.37614
2.36301
2.35062
2.33896
2.32802
2.31776
2.30819
2.29928
2.29103
2.28342
2.27644
2.27009
2.26436
2.25923
2.2547
5.20561
5.17193
5.13997
5.10979
5.08121
5.05419
5.02873
5.00491
4.98253
4.9617
4.94217
4.92415
4.90746
4.89225
4.87826
4.86566
4.85432
4.84423
4.83555
4.82793
4.8219
4.81682
4.81314
4.81066
4.80953
4.80953
4.81066
2.62495
2.6027
2.58187
2.56203
2.54314
2.52517
2.5081
2.49188
2.47651
2.46196
2.4482
2.43521
2.42298
2.41149
2.40073
2.39067
2.3813
2.37261
2.36459
2.35723
2.35052
2.34444
2.339
5.23786
5.204
5.17185
5.14144
5.11264
5.08553
5.06004
5.03606
5.01344
4.99248
4.97291
4.95467
4.93796
4.92262
4.90853
4.89588
4.88442
4.87431
4.86559
4.85806
4.85177
4.84681
4.84297
4.84057
4.83932
4.83932
4.84057
4.84297
4.84681
2.70297
2.68107
2.66019
2.64033
2.62142
2.60344
2.58637
2.57017
2.55483
2.54032
2.52662
2.51371
2.50157
2.49019
2.47954
2.46961
2.46038
2.45186
2.44403
2.43686
2.43036
5.27193
5.23792
5.20554
5.1749
5.14603
5.11866
5.09296
5.06885
5.04621
5.02504
5.0052
4.98688
4.97014
4.95467
4.94047
4.92775
4.91615
4.90612
4.89726
4.88972
4.88341
4.87834
4.87464
4.872
4.87086
4.87086
4.872
4.87464
4.87834
4.88341
4.88972
2.78926
2.76718
2.74615
2.72613
2.70708
2.68899
2.67182
2.65555
2.64015
2.62559
2.61187
2.59894
2.58681
2.57545
2.55812
2.55498
2.54584
2.53742
2.5297
