Label: Box
Position: -2.12537, 0.703543, 0.284585
Orientation (Quaternion): -0.58518, -0.434265, 0.642588, -0.236769
5.27193
5.23792
5.20554
5.1749
5.14603
5.11866
5.09296
5.06885
5.04621
5.02504
5.0052
4.98688
4.97014
4.95467
4.94047
1.82475
1.81906
1.80891
1.79932
1.7903
1.78182
1.77387
1.75996
1.75953
1.74899
1.74721
1.74178
1.73682
1.73234
1.72833
1.72478
1.72168
1.71903
1.71683
1.71508
1.71377
1.71291
1.71248
1.7125
1.71294
1.71385
1.71518
1.71696
1.71919
1.72186
1.72499
1.72857
1.73262
1.73713
1.74211
5.23786
5.204
5.17185
5.14144
5.11264
5.08553
5.06004
5.03606
5.01344
4.99248
4.97291
4.95467
4.93796
4.92262
4.90853
1.82759
1.82404
1.81384
1.80422
1.79515
1.78663
1.77864
1.77118
1.76423
1.75337
1.75184
1.74638
1.7414
1.7369
1.73286
1.72928
1.72616
1.72349
1.72127
1.7195
1.71817
1.71729
1.71685
1.71685
1.71729
1.71817
1.71949
1.72127
1.72348
1.72615
1.72927
1.73284
1.73688
1.74139
1.74637
5.20561
5.17193
5.13997
5.10979
5.08121
5.05419
5.02873
5.00491
4.98253
4.9617
4.94217
4.92415
4.90746
4.89225
4.87826
1.83097
1.82954
1.81929
1.80961
1.8005
1.79193
1.78391
1.77641
1.76674
1.7579
1.75696
1.75146
1.74645
1.74191
1.73784
1.73424
1.73109
1.7284
1.72616
1.72437
1.72302
1.72212
1.72166
1.72164
1.72207
1.72294
1.72425
1.72601
1.72821
1.73087
1.73398
1.73755
1.73438
1.74609
1.75106
5.17485
5.14152
5.10977
5.07972
5.05124
5.02444
4.9992
4.97553
4.95323
4.93254
4.91315
4.89519
4.87863
4.86331
4.8496
1.84645
1.83555
1.82524
1.81552
1.80635
1.79774
1.78967
1.78212
1.77509
1.76857
1.75736
1.74953
1.75197
1.74741
1.7433
1.73967
1.7365
1.73378
1.73151
1.7297
1.72833
1.7274
1.72693
1.72689
1.7273
1.72815
1.72072
1.72665
1.73339
1.73604
1.73703
1.73635
1.74673
1.75122
1.7562
5.14604
5.11271
5.08118
5.05132
5.02301
4.99633
4.97128
4.94769
4.92554
4.90491
4.8857
4.86776
4.8513
4.83623
4.8224
1.85306
1.84209
1.83173
1.82194
1.81272
1.80406
1.79593
1.78834
1.78127
1.77132
1.76037
1.75687
1.75798
1.75338
1.74924
1.74558
1.74237
1.73962
1.73733
1.73549
1.7341
1.73315
1.73265
1.7326
1.73299
1.73382
1.73511
1.73684
1.73902
1.73993
1.74475
1.74685
1.75232
1.75681
1.76178
5.11873
5.08549
5.05415
5.02444
4.99635
4.96984
4.94486
4.92145
4.89936
4.87888
4.85966
4.84199
4.82563
4.81049
4.79679
1.8602
1.84917
1.83874
1.82889
1.81961
1.81089
1.80271
1.79507
1.78795
1.78133
1.77523
1.76961
1.76106
1.75984
1.75567
1.75197
1.74873
1.74595
1.74363
1.74176
1.74034
1.73937
1.73884
1.73877
1.73811
1.73996
1.74123
1.7397
1.74402
1.74094
1.75082
1.75436
1.75837
1.76285
1.76781
5.09291
5.05997
5.02883
4.99918
4.97117
4.94488
4.91999
4.89666
4.87477
4.85427
4.8353
4.81767
4.80135
4.78643
1.8714
1.86791
1.8568
1.8463
1.83638
1.82704
1.81826
1.81002
1.80232
1.79514
1.78848
1.7762
1.77666
1.76907
1.7668
1.76259
1.75885
1.75558
1.75276
1.75041
1.74851
1.74706
1.74606
1.74551
1.74542
1.74577
1.74656
1.7414
1.74759
1.75167
1.75074
1.75734
1.76088
1.76488
1.76936
1.77431
5.06874
5.03604
5.00494
4.97547
4.94765
4.92145
4.89664
4.87345
4.85157
4.83132
4.8123
4.79476
4.77856
4.76371
1.87764
1.87617
1.86499
1.85441
1.84442
1.83501
1.82616
1.81786
1.8101
1.80286
1.79614
1.78922
1.78392
1.779
1.77427
1.75964
1.76623
1.76292
1.76007
1.75768
1.75575
1.75427
1.75324
1.75267
1.75254
1.75287
1.75365
1.75488
1.75025
1.75451
1.76129
1.76435
1.76787
1.77186
1.77633
1.78128
5.04619
5.01352
4.98256
4.95323
4.92557
4.89943
4.87474
4.85166
4.82996
4.8097
4.79087
4.77336
4.75715
4.74226
1.89691
1.88501
1.87374
1.86309
1.85302
1.84353
1.83461
1.82624
1.81842
1.81112
1.80434
1.79807
1.79231
1.78704
1.78225
1.77467
1.76583
1.77077
1.76788
1.76546
1.75851
1.76198
1.76092
1.75795
1.75253
1.76047
1.75992
1.76243
1.75951
1.76621
1.76879
1.77183
1.77534
1.77932
1.78378
1.77906
5.02494
4.9924
4.96167
4.93248
4.90468
4.87884
4.85427
4.83133
4.80973
4.7895
4.77078
4.75334
4.73726
4.72251
1.90643
1.89444
1.88309
1.87234
1.86219
1.85262
1.84362
1.83518
1.82729
1.81992
1.81308
1.80675
1.79762
1.79561
1.79077
1.78642
1.78255
1.77915
1.77621
1.77375
1.77174
1.76847
1.76332
1.76847
1.76767
1.76856
1.76929
1.77048
1.77212
1.77422
1.77678
1.77981
1.78331
1.78728
1.79172
1.78991
5.00522
4.9729
4.94222
4.91316
4.88557
4.85973
4.83533
4.81234
4.79087
4.77075
4.75204
4.73471
4.71866
4.70399
1.91656
1.90448
1.89302
1.88218
1.87195
1.86229
1.85321
1.8447
1.83672
1.82929
1.82238
1.81599
1.8101
1.80472
1.79982
1.79542
1.7915
1.78805
1.78507
1.78256
1.77935
1.77836
1.7778
1.77714
1.77018
1.77256
1.77787
1.77903
1.78065
1.78273
1.78527
1.78829
1.79177
1.79573
1.80016
1.80139
4.98698
4.95475
4.92416
4.89523
4.86777
4.8419
4.81768
4.79475
4.77328
4.75335
4.7347
4.71728
4.70143
4.68682
1.92733
1.91514
1.90357
1.89263
1.8823
1.87256
1.86339
1.85479
1.84674
1.83923
1.83225
1.82579
1.81984
1.81439
1.80944
1.80497
1.80099
1.79749
1.78759
1.7853
1.78982
1.78819
1.78703
1.78633
1.78608
1.7863
1.78697
1.7881
1.7897
1.79176
1.79428
1.79728
1.80074
1.80469
1.80911
4.98698
4.97017
4.93796
4.9075
4.87866
4.85138
4.82554
4.80137
4.77857
4.75715
4.73715
4.7186
4.70148
4.68555
1.96232
1.93874
1.92642
1.91475
1.90371
1.89327
1.88344
1.87418
1.86549
1.85735
1.84976
1.8427
1.83616
1.83014
1.82463
1.81961
1.80881
1.8026
1.8075
1.80442
1.80182
1.79968
1.79801
1.79681
1.7928
1.79203
1.79596
1.7966
1.79771
1.79928
1.80131
1.80381
1.80679
1.81024
1.81417
1.81008
4.97017
4.95469
4.9226
4.89222
4.86341
4.83624
4.81046
4.7864
4.76369
4.74232
4.72243
4.70392
4.68681
4.67094
1.96467
1.9508
1.93837
1.92658
1.91542
1.90488
1.89494
1.88558
1.8768
1.86857
1.86089
1.85375
1.84714
1.84104
1.83545
1.83037
1.82579
1.82168
1.81121
1.81494
1.80314
1.8101
1.80458
1.80453
1.80635
1.80603
1.80618
1.80678
1.80786
1.8094
1.81141
1.81389
1.81684
1.82027
1.82419
1.82343
4.95469
4.94054
4.90857
4.87823
4.84961
4.82245
4.79687
4.7727
4.75006
4.72882
4.70901
4.69057
4.6734
4.65762
1.97679
1.96354
1.95098
1.93907
1.92779
1.91714
1.90708
1.89762
1.88874
1.88041
1.87265
1.86542
1.85872
1.85255
1.84688
1.84173
1.83707
1.83033
1.82747
1.82604
1.82333
1.81809
1.81734
1.81803
1.8172
1.81684
1.81695
1.81753
1.81857
1.82008
1.82206
1.82451
1.82745
1.83086
1.83475
4.90857
4.94054
4.92773
4.89582
4.86567
4.83695
4.80995
4.78445
4.76041
4.73765
4.71658
4.69681
4.6784
4.66126
4.64556
1.99037
1.97698
1.96428
1.95224
1.94084
1.93006
1.91989
1.91032
1.90133
1.89291
1.88504
1.87772
1.87093
1.86467
1.85893
1.8537
1.84897
1.84474
1.84099
1.83775
1.83497
1.83268
1.83002
1.82952
1.82864
1.82824
1.8283
1.82884
1.82985
1.83133
1.83328
1.83571
1.83862
1.84201
1.83632
4.89582
4.92773
4.91617
4.88441
4.85422
4.82565
4.79877
4.77328
4.7493
4.72671
4.70563
4.68585
4.66748
4.65041
4.63475
2.00469
1.99115
1.9783
1.96612
1.95458
1.94368
1.93339
1.9237
1.91459
1.90606
1.89809
1.89067
1.88379
1.87745
1.87162
1.86631
1.8615
1.85719
1.85338
1.85006
1.84723
1.84487
1.843
1.8416
1.84068
1.84023
1.84025
1.84075
1.84172
1.84316
1.84508
1.84748
1.85037
1.85373
4.85422
4.88441
4.91617
4.90614
4.8743
4.84431
4.8158
4.78888
4.76339
4.7393
4.71695
4.69593
4.67622
4.65791
4.64093
4.62521
2.01976
2.00605
1.99305
1.98072
1.96904
1.958
1.94759
1.93777
1.92855
1.9199
1.91183
1.9043
1.89732
1.89088
1.88496
1.87956
1.87468
1.87029
1.86641
1.86302
1.86011
1.8577
1.85576
1.85431
1.85333
1.85284
1.85281
1.85327
1.8542
1.8556
1.85749
1.85986
1.86271
1.86605
4.84431
4.8743
4.90614
4.89723
4.86553
4.83546
4.80711
4.78015
4.75473
4.7309
4.70845
4.68731
4.66778
4.64942
4.63248
4.61687
2.03559
2.02173
2.00857
1.99608
1.98425
1.97307
1.96251
1.95257
1.94322
1.93445
1.92626
1.91863
1.91154
1.905
1.89899
1.89349
1.88852
1.88405
1.88009
1.87662
1.87365
1.87117
1.86917
1.86766
1.86663
1.86608
1.866
1.86641
1.8673
1.86867
1.87052
1.87285
1.87568
1.86908
4.83546
4.86553
4.89723
4.88972
4.858
4.82802
4.79963
4.77285
4.74753
4.72364
4.7012
4.68023
4.66058
4.64217
4.6253
4.60972
2.05225
2.03821
2.02486
2.01221
2.00023
1.98889
1.97819
1.96811
1.95863
1.94973
1.94142
1.93367
1.92647
1.91982
1.91371
1.90812
1.90305
1.8985
1.89445
1.89091
1.88786
1.88531
1.88324
1.88167
1.88058
1.87997
1.87984
1.8802
1.88105
1.88237
1.88419
1.88649
1.88928
4.79963
4.82802
4.858
4.88972
4.88335
4.85182
4.82186
4.79351
4.76673
4.74142
4.71757
4.69517
4.67415
4.65454
4.63631
4.61944
4.60381
4.5894
4.57631
4.56452
2.02915
2.017
2.00551
1.99465
1.98442
1.9748
1.96577
1.95733
1.94946
1.94214
1.93538
1.92916
1.92347
1.9183
1.91366
1.90952
1.90589
1.90277
1.90013
1.898
1.89636
1.8952
1.89454
1.89436
1.89466
1.89546
1.89674
1.89851
1.90077
1.90354
4.79351
4.82186
4.85182
4.88335
4.87837
4.84678
4.81696
4.78858
4.76172
4.73654
4.71272
4.69035
4.66938
4.64976
4.63146
4.61461
4.59903
4.5847
4.57155
4.55984
4.54919
4.53979
4.53163
2.01192
2.00153
1.99176
1.98259
1.97401
1.96601
1.95857
1.95169
1.94536
1.93956
1.93429
1.92955
1.92532
1.9216
1.91839
1.91568
1.91347
1.91175
1.91053
1.9098
1.90956
1.90981
1.91055
1.91179
1.91352
1.91574
1.92844
4.78858
4.81696
4.84678
4.87837
4.87451
4.84302
4.81305
4.78486
4.75808
4.73288
4.70899
4.68675
4.66579
4.64624
4.62791
4.61109
4.59551
4.5812
4.56808
4.55632
4.5456
4.53626
4.52811
2.03003
4.51526
4.51064
2.00023
1.99151
1.98337
1.9758
1.96879
1.96233
1.95642
1.95104
1.94619
1.94187
1.93805
1.93475
1.93196
1.92967
1.92788
1.92659
1.92579
1.92549
1.92568
1.92637
1.92755
1.92923
1.9314
4.75808
4.78486
4.81305
4.84302
4.87451
4.87209
4.84054
4.81064
4.78238
4.75568
4.73044
4.70656
4.68427
4.66335
4.64374
4.62561
4.6087
4.5931
4.57879
4.56561
4.55392
4.5434
4.53399
4.52582
4.51876
4.51288
4.50832
4.50483
4.50252
4.50135
4.50135
1.98743
1.98012
1.97408
1.96859
1.96363
1.9592
1.95529
1.95189
1.94901
1.94663
1.94476
1.94339
1.94252
1.94216
1.94229
1.94292
1.94405
1.94567
1.94787
4.75568
4.78238
4.81064
4.84054
4.87209
4.87073
4.83939
4.80942
4.78106
4.75444
4.72918
4.70545
4.68307
4.66219
4.64247
4.62437
4.60752
4.59186
4.57765
4.56458
4.55279
4.54218
4.53279
4.52458
4.51766
4.51184
4.50722
4.50359
4.50135
4.50029
4.50029
4.50135
4.50359
4.50722
1.98861
1.98189
1.97734
1.97332
1.96983
1.96685
1.96439
1.96243
1.96098
1.96004
1.9596
1.95966
1.96023
1.9613
1.96288
4.72918
4.75444
4.78106
4.80942
4.83939
4.87073
4.87073
4.83939
4.80942
4.78106
4.75444
4.72918
4.70545
4.68307
4.66219
4.64247
4.62437
4.60752
4.59186
4.57765
4.56458
4.55279
4.54218
4.53279
4.52458
4.51766
4.51184
4.50722
4.50359
4.50135
4.50029
4.50029
4.50135
4.50359
2.01194
4.51184
4.51766
4.52458
4.53279
1.9886
1.98552
1.98296
1.98091
1.97938
1.97835
1.97784
1.97783
1.97833
1.97934
1.98086
4.72918
4.75444
4.78106
4.80942
4.83939
4.87073
4.87209
4.84054
4.81064
4.78238
4.75568
4.73044
4.70656
4.68427
4.66335
4.64374
4.62561
4.6087
4.5931
4.57879
4.56561
4.55392
4.5434
4.53399
4.52582
4.51876
4.51288
4.50832
4.50483
4.50252
4.50135
4.50135
4.50252
4.50483
4.50832
4.51288
4.51876
4.52582
4.53399
4.5434
4.55392
4.56561
2.00086
1.99862
1.99751
1.99691
1.99683
1.99726
1.9982
4.70656
4.73044
4.75568
4.78238
4.81064
4.84054
4.87209
4.87451
4.84302
4.81305
4.78486
4.75808
4.73288
4.70899
4.68675
4.66579
4.64624
4.62791
4.61109
4.59551
4.5812
4.56808
4.55632
4.5456
4.53626
4.52811
4.52111
4.51526
4.51064
4.50715
4.50483
4.50359
4.50359
4.50483
4.50715
4.51064
4.51526
4.52111
4.52811
4.53626
4.5456
4.55632
4.56808
4.5812
4.59551
4.61109
2.01685
2.01668
2.01704
2.01792
4.70899
4.73288
4.75808
4.78486
4.81305
4.84302
4.87451
4.87837
4.84678
4.81696
4.78858
4.76172
4.73654
4.71272
4.69035
4.66938
4.64976
4.63146
4.61461
4.59903
4.5847
4.57155
4.55984
4.54919
4.53979
4.53163
4.52461
4.51881
4.51417
4.51064
4.50831
4.50722
4.50722
4.50831
4.51064
4.51417
4.51881
4.52461
4.53163
4.53979
4.54919
4.55984
4.57155
4.5847
4.59903
4.61461
4.63146
4.64976
4.66938
4.69035
4.71272
4.73654
4.76172
4.78858
4.81696
4.84678
4.87837
4.88335
4.85182
4.82186
4.79351
4.76673
4.74142
4.71757
4.69517
4.67415
4.65454
4.63631
4.61944
4.60381
4.5894
4.57631
4.56452
4.55383
4.54452
4.53629
4.52923
4.52344
4.51881
4.51525
4.51288
4.51184
4.51184
4.51288
4.51525
4.51881
4.52344
4.52923
4.53629
4.54452
4.55383
4.56452
4.57631
4.5894
4.60381
4.61944
4.63631
4.65454
4.67415
4.69517
4.71757
4.74142
4.76673
4.79351
4.82186
4.85182
4.88335
4.88972
4.858
4.82802
4.79963
4.77285
4.74753
4.72364
4.7012
4.68023
4.66058
4.64217
4.6253
4.60972
4.59529
4.5821
4.57036
4.55974
4.55032
4.54212
4.53508
4.52929
4.52461
4.52112
4.51874
4.51767
4.51767
4.51874
4.52112
4.52461
4.52929
4.53508
4.54212
4.55032
4.55974
4.57036
4.5821
4.59529
4.60972
4.6253
4.64217
4.66058
4.68023
4.7012
4.72364
4.74753
4.77285
4.79963
4.82802
4.858
4.88972
4.89723
4.86553
4.83546
4.80711
4.78015
4.75473
4.7309
4.70845
4.68731
4.66778
4.64942
4.63248
4.61687
4.60246
4.58934
4.57748
4.56682
4.55734
4.54905
4.54197
4.53631
4.53154
4.52813
4.52579
4.52459
4.52459
4.52579
4.52813
4.53154
4.53631
4.54197
4.54905
4.55734
4.56682
4.57748
4.58934
4.60246
4.61687
4.63248
4.64942
4.66778
4.68731
4.70845
4.7309
4.75473
4.78015
4.80711
4.83546
4.86553
4.89723
4.90614
4.8743
4.84431
4.8158
4.78888
4.76339
4.7393
4.71695
4.69593
4.67622
4.65791
4.64093
4.62521
4.61077
4.59766
4.5857
4.57502
4.56553
4.5574
4.55033
4.54443
4.53978
4.53619
4.53395
4.5328
4.5328
4.53395
4.53619
4.53978
4.54443
4.55033
4.5574
4.56553
4.57502
4.5857
4.59766
4.61077
4.62521
4.64093
4.65791
4.67622
4.69593
4.71695
4.7393
4.76339
4.78888
4.8158
4.84431
4.8743
4.90614
4.91617
4.88441
4.85422
4.82565
4.79877
4.77328
4.7493
4.72671
4.70563
4.68585
4.66748
4.65041
4.63475
4.62035
4.60713
4.59521
4.58447
4.57505
4.56674
4.55969
4.55388
4.54908
4.54568
4.54334
4.54219
4.54219
4.54334
4.54568
4.54908
4.55388
4.55969
4.56674
4.57505
4.58447
4.59521
4.60713
4.62035
4.63475
4.65041
4.66748
4.68585
4.70563
4.72671
4.7493
4.77328
4.79877
4.82565
4.85422
4.88441
4.91617
4.92773
4.89582
4.86567
4.83695
4.80995
4.78445
4.76041
4.73765
4.71658
4.69681
4.6784
4.66126
4.64556
4.6311
4.61789
4.60594
4.59518
4.58574
4.57738
4.57035
4.5645
4.55976
4.55622
4.55391
4.55281
4.55281
4.55391
4.55622
4.55976
4.5645
4.57035
4.57738
4.58574
4.59518
4.60594
4.61789
4.6311
4.64556
4.66126
4.6784
4.69681
4.71658
4.73765
4.76041
4.78445
4.80995
4.83695
4.86567
4.89582
4.92773
4.94054
4.90857
4.87823
4.84961
4.82245
4.79687
4.7727
4.75006
4.72882
4.70901
4.69057
4.6734
4.65762
4.64301
4.62973
4.61783
4.60712
4.5976
4.58933
4.58218
4.57625
4.5715
4.56805
4.56577
4.56457
4.56457
4.56577
4.56805
4.5715
4.57625
4.58218
4.58933
4.5976
4.60712
4.61783
4.62973
4.64301
4.65762
4.6734
4.69057
4.70901
4.72882
4.75006
4.7727
4.79687
4.82245
4.84961
4.87823
4.90857
4.94054
4.95469
4.9226
4.89222
4.86341
4.83624
4.81046
4.7864
4.76369
4.74232
4.72243
4.70392
4.68681
4.67094
4.65636
4.64313
4.63105
4.62028
4.61072
4.60242
4.59523
4.5894
4.58464
4.58117
4.57871
4.57768
4.57768
4.57871
4.58117
4.58464
4.5894
4.59523
4.60242
4.61072
4.62028
4.63105
4.64313
4.65636
4.67094
4.68681
4.70392
4.72243
4.74232
4.76369
4.7864
4.81046
4.83624
4.86341
4.89222
4.9226
4.95469
4.97017
4.93796
4.9075
4.87866
4.85138
4.82554
4.80137
4.77857
4.75715
4.73715
4.7186
4.70148
4.68555
4.67088
4.65764
4.64554
4.63475
4.62513
4.61676
4.60959
4.60381
4.59904
4.59535
4.59312
4.59194
4.59194
4.59312
4.59535
4.59904
4.60381
4.60959
4.61676
4.62513
4.63475
4.64554
4.65764
4.67088
4.68555
4.70148
4.7186
4.73715
4.75715
4.77857
4.80137
4.82554
4.85138
4.87866
4.9075
4.93796
4.97017
4.98698
4.95475
4.92416
4.89523
4.86777
4.8419
4.81768
4.79475
4.77328
4.75335
4.7347
4.71728
4.70143
4.68682
4.67339
4.66129
4.65052
4.64086
4.6324
4.62524
4.61944
4.61467
4.61109
4.60872
4.60747
4.60747
4.60872
4.61109
4.61467
4.61944
4.62524
4.6324
4.64086
4.65052
4.66129
4.67339
4.68682
4.70143
4.71728
4.7347
4.75335
4.77328
4.79475
4.81768
4.8419
4.86777
4.89523
4.92416
4.95475
4.98698
5.00522
4.9729
4.94222
4.91316
4.88557
4.85973
4.83533
4.81234
4.79087
4.77075
4.75204
4.73471
4.71866
4.70399
4.69059
4.67841
4.66748
4.65784
4.64953
4.64231
4.63636
4.6316
4.62799
4.62561
4.62433
4.62433
4.62561
4.62799
4.6316
4.63636
4.64231
4.64953
4.65784
4.66748
4.67841
4.69059
4.70399
4.71866
4.73471
4.75204
4.77075
4.79087
4.81234
4.83533
4.85973
4.88557
4.91316
4.94222
4.9729
5.00522
5.02494
4.9924
4.96167
4.93248
4.90468
4.87884
4.85427
4.83133
4.80973
4.7895
4.77078
4.75334
4.73726
4.72251
4.70902
4.69682
4.68589
4.67623
4.66783
4.66062
4.65463
4.64971
4.64622
4.64383
4.64267
4.64267
4.64383
4.64622
4.64971
4.65463
4.66062
4.66783
4.67623
4.68589
4.69682
4.70902
4.72251
4.73726
4.75334
4.77078
4.7895
4.80973
4.83133
4.85427
4.87884
4.90468
4.93248
4.96167
4.9924
5.02494
5.04619
5.01352
4.98256
4.95323
4.92557
4.89943
4.87474
4.85166
4.82996
4.8097
4.79087
4.77336
4.75715
4.74226
4.72885
4.71665
4.70553
4.69587
4.68742
4.68019
4.67415
4.66937
4.66578
4.66335
4.66211
4.66211
4.66335
4.66578
4.66937
4.67415
4.68019
4.68742
4.69587
4.70553
4.71665
4.72885
4.74226
4.75715
4.77336
4.79087
4.8097
4.82996
4.85166
4.87474
4.89943
4.92557
4.95323
4.98256
5.01352
5.04619
5.06874
5.03604
5.00494
4.97547
4.94765
4.92145
4.89664
4.87345
4.85157
4.83132
4.8123
4.79476
4.77856
4.76371
4.7501
4.73783
4.72677
4.717
4.70854
4.70107
4.69521
4.69036
4.68664
4.68433
4.68308
4.68308
4.68433
4.68664
4.69036
4.69521
4.70107
4.70854
4.717
4.72677
4.73783
4.7501
4.76371
4.77856
4.79476
4.8123
4.83132
4.85157
4.87345
4.89664
4.92145
4.94765
4.97547
5.00494
5.03604
5.06874
5.09291
5.05997
5.02883
4.99918
4.97117
4.94488
4.91999
4.89666
4.87477
4.85427
4.8353
4.81767
4.80135
4.78643
4.77277
4.76042
4.74929
4.7395
4.73092
4.72354
4.71757
4.71274
4.70906
4.70665
4.7055
4.7055
4.70665
4.70906
4.71274
4.71757
4.72354
4.73092
4.7395
4.74929
4.76042
4.77277
4.78643
4.80135
4.81767
4.8353
4.85427
4.87477
4.89666
4.91999
4.94488
4.97117
4.99918
5.02883
5.05997
5.09291
5.11873
5.08549
5.05415
5.02444
4.99635
4.96984
4.94486
4.92145
4.89936
4.87888
4.85966
4.84199
4.82563
4.81049
4.79679
4.78443
4.77332
4.76344
4.75483
4.74753
4.7414
4.73655
4.73283
4.73028
4.72921
4.72921
4.73028
4.73283
4.73655
4.7414
4.74753
4.75483
4.76344
4.77332
4.78443
4.79679
4.81049
4.82563
4.84199
4.85966
4.87888
4.89936
4.92145
4.94486
4.96984
4.99635
5.02444
5.05415
5.08549
5.11873
5.14604
5.11271
5.08118
5.05132
5.02301
4.99633
4.97128
4.94769
4.92554
4.90491
4.8857
4.86776
4.8513
4.83623
4.8224
4.80994
4.79877
4.78885
4.78022
4.77281
4.7667
4.76177
4.75808
4.75563
4.75445
4.75445
4.75563
4.75808
4.76177
4.7667
4.77281
4.78022
4.78885
4.79877
4.80994
4.8224
4.83623
4.8513
4.86776
4.8857
4.90491
4.92554
4.94769
4.97128
4.99633
5.02301
5.05132
5.08118
5.11271
5.14604
5.17485
5.14152
5.10977
5.07972
5.05124
5.02444
4.9992
4.97553
4.95323
4.93254
4.91315
4.89519
4.87863
4.86331
4.8496
4.83698
4.8258
4.81579
4.80702
4.79962
4.7935
4.78853
4.78486
4.78241
4.7812
4.7812
4.78241
4.78486
4.78853
4.7935
4.79962
4.80702
4.81579
4.8258
4.83698
4.8496
4.86331
4.87863
4.89519
4.91315
4.93254
4.95323
4.97553
4.9992
5.02444
5.05124
5.07972
5.10977
5.14152
5.17485
5.20561
5.17193
5.13997
5.10979
5.08121
5.05419
5.02873
5.00491
4.98253
4.9617
4.94217
4.92415
4.90746
4.89225
4.87826
4.86566
4.85432
4.84423
4.83555
4.82793
4.8219
4.81682
4.81314
4.81066
4.80953
4.80953
4.81066
4.81314
4.81682
4.8219
4.82793
4.83555
4.84423
4.85432
4.86566
4.87826
4.89225
4.90746
4.92415
4.94217
4.9617
4.98253
5.00491
5.02873
5.05419
5.08121
5.10979
5.13997
5.17193
5.20561
5.23786
5.204
5.17185
5.14144
5.11264
5.08553
5.06004
5.03606
5.01344
4.99248
4.97291
4.95467
4.93796
4.92262
4.90853
4.89588
4.88442
4.87431
4.86559
4.85806
4.85177
4.84681
4.84297
4.84057
4.83932
4.83932
4.84057
4.84297
4.84681
4.85177
4.85806
4.86559
4.87431
4.88442
4.89588
4.90853
4.92262
4.93796
4.95467
4.97291
4.99248
5.01344
5.03606
5.06004
5.08553
5.11264
5.14144
5.17185
5.204
5.23786
5.27193
5.23792
5.20554
5.1749
5.14603
5.11866
5.09296
5.06885
5.04621
5.02504
5.0052
4.98688
4.97014
4.95467
4.94047
4.92775
4.91615
4.90612
4.89726
4.88972
4.88341
4.87834
4.87464
4.872
4.87086
4.87086
4.872
4.87464
4.87834
4.88341
4.88972
4.89726
4.90612
4.91615
4.92775
4.94047
4.95467
4.97014
4.98688
5.0052
5.02504
5.04621
5.06885
5.09296
5.11866
5.14603
5.1749
5.20554
5.23792
5.27193
