Label: Box
Position: -3.30387, -0.112339, -0.00149541
Orientation (Quaternion): -0.54095, 0.766739, 0.196146, 0.284625
5.27193
5.23792
5.20554
5.1749
5.14603
5.11866
5.09296
5.06885
5.04621
5.02504
5.0052
4.98688
4.97014
4.95467
4.94047
4.92775
4.91615
4.90612
4.89726
4.88972
4.88341
4.87834
4.87464
4.872
4.87086
4.87086
4.872
4.87464
4.87834
4.88341
4.88972
4.89726
4.90612
4.91615
4.92775
4.94047
4.95467
4.97014
4.98688
5.0052
5.02504
5.04621
5.06885
5.09296
5.11866
5.14603
5.1749
5.20554
5.23792
5.27193
5.23786
5.204
5.17185
5.14144
5.11264
5.08553
5.06004
5.03606
5.01344
4.99248
4.97291
4.95467
4.93796
4.92262
4.90853
4.89588
4.88442
4.87431
4.86559
4.85806
4.85177
4.84681
4.84297
4.84057
4.83932
4.83932
4.84057
4.84297
4.84681
4.85177
4.85806
4.86559
4.87431
4.88442
4.89588
4.90853
4.92262
4.93796
4.95467
4.97291
4.99248
5.01344
5.03606
5.06004
5.08553
5.11264
5.14144
5.17185
5.204
5.23786
5.20561
5.17193
5.13997
5.10979
5.08121
5.05419
5.02873
5.00491
4.98253
4.9617
4.94217
4.92415
4.90746
4.89225
4.87826
4.86566
4.85432
4.84423
4.83555
4.82793
4.8219
4.81682
4.81314
4.81066
4.80953
4.80953
4.81066
4.81314
4.81682
4.8219
4.82793
4.83555
4.84423
4.85432
4.86566
4.87826
4.89225
4.90746
4.92415
4.94217
4.9617
4.98253
5.00491
5.02873
5.05419
5.08121
5.10979
5.13997
5.17193
5.20561
5.17485
5.14152
5.10977
5.07972
5.05124
5.02444
4.9992
4.97553
4.95323
4.93254
4.91315
4.89519
4.87863
4.86331
4.8496
4.83698
4.8258
4.81579
4.80702
4.79962
4.7935
4.78853
4.78486
4.78241
4.7812
4.7812
4.78241
4.78486
4.78853
4.7935
4.79962
4.80702
4.81579
4.8258
4.83698
4.8496
4.86331
4.87863
4.89519
4.91315
4.93254
4.95323
4.97553
4.9992
5.02444
5.05124
5.07972
5.10977
5.14152
5.17485
5.14604
5.11271
5.08118
5.05132
5.02301
4.99633
4.97128
4.94769
4.92554
4.90491
4.8857
4.86776
4.8513
4.83623
4.8224
4.80994
4.79877
4.78885
4.78022
4.77281
4.7667
4.76177
4.75808
4.75563
4.75445
4.75445
4.75563
4.75808
4.76177
4.7667
4.77281
4.78022
4.78885
4.79877
4.80994
4.8224
4.83623
4.8513
4.86776
4.8857
4.90491
4.92554
4.94769
4.97128
4.99633
5.02301
5.05132
5.08118
5.11271
5.14604
5.11873
5.08549
5.05415
5.02444
4.99635
4.96984
4.94486
4.92145
4.89936
4.87888
4.85966
4.84199
4.82563
4.81049
4.79679
4.78443
4.77332
4.76344
4.75483
4.74753
4.7414
4.73655
4.73283
4.73028
4.72921
4.72921
4.73028
4.73283
4.73655
4.7414
4.74753
4.75483
4.76344
4.77332
4.78443
4.79679
4.81049
4.82563
4.84199
4.85966
4.87888
4.89936
4.92145
4.94486
4.96984
4.99635
5.02444
5.05415
5.08549
5.11873
5.09291
5.05997
5.02883
4.99918
4.97117
4.94488
4.91999
4.89666
4.87477
4.85427
4.8353
4.81767
4.80135
4.78643
4.77277
4.76042
4.74929
4.7395
4.73092
4.72354
4.71757
4.71274
4.70906
4.70665
4.7055
4.7055
4.70665
4.70906
4.71274
4.71757
4.72354
4.73092
4.7395
4.74929
4.76042
4.77277
4.78643
4.80135
4.81767
4.8353
4.85427
4.87477
4.89666
4.91999
4.94488
4.97117
4.99918
5.02883
5.05997
5.09291
5.06874
5.03604
5.00494
4.97547
4.94765
4.92145
4.89664
4.87345
4.85157
4.83132
4.8123
4.79476
4.77856
4.76371
4.7501
4.73783
4.72677
4.717
4.70854
4.70107
4.69521
4.69036
4.68664
4.68433
4.68308
4.68308
4.68433
4.68664
4.69036
4.69521
4.70107
4.70854
4.717
4.72677
4.73783
4.7501
4.76371
4.77856
4.79476
4.8123
4.83132
4.85157
4.87345
4.89664
4.92145
4.94765
4.97547
5.00494
5.03604
5.06874
5.04619
5.01352
4.98256
4.95323
4.92557
4.89943
4.87474
4.85166
4.82996
4.8097
4.79087
4.77336
4.75715
4.74226
4.72885
4.71665
4.70553
4.69587
4.68742
4.68019
4.67415
4.66937
4.66578
4.66335
4.66211
4.66211
4.66335
4.66578
4.66937
4.67415
4.68019
4.68742
4.69587
4.70553
4.71665
4.72885
4.74226
4.75715
4.77336
4.79087
4.8097
4.82996
4.85166
4.87474
4.89943
4.92557
4.95323
4.98256
5.01352
5.04619
5.02494
4.9924
4.96167
4.93248
4.90468
4.87884
4.85427
4.83133
4.80973
4.7895
4.77078
4.75334
4.73726
4.72251
4.70902
4.69682
4.68589
4.67623
4.66783
4.66062
4.65463
4.64971
4.64622
4.64383
4.64267
4.64267
4.64383
4.64622
4.64971
4.65463
4.66062
4.66783
4.67623
4.68589
4.69682
4.70902
4.72251
4.73726
4.75334
4.77078
4.7895
4.80973
4.83133
4.85427
4.87884
4.90468
4.93248
4.96167
4.9924
5.02494
5.00522
4.9729
4.94222
4.91316
4.88557
4.85973
4.83533
4.81234
4.79087
4.77075
4.75204
4.73471
4.71866
4.70399
4.69059
4.67841
4.66748
4.65784
4.64953
4.64231
4.63636
4.6316
4.62799
4.62561
4.62433
4.62433
4.62561
4.62799
4.6316
4.63636
4.64231
4.64953
4.65784
4.66748
4.67841
4.69059
4.70399
4.71866
4.73471
4.75204
4.77075
4.79087
4.81234
4.83533
4.85973
4.88557
4.91316
4.94222
4.9729
5.00522
4.98698
4.95475
4.92416
4.89523
4.86777
4.8419
4.81768
4.79475
4.77328
4.75335
4.7347
4.71728
4.70143
4.68682
4.67339
4.66129
4.65052
4.64086
4.6324
4.62524
4.61944
4.61467
4.61109
4.60872
4.60747
4.60747
4.60872
4.61109
4.61467
4.61944
4.62524
4.6324
4.64086
4.65052
4.66129
4.67339
4.68682
4.70143
4.71728
4.7347
4.75335
4.77328
4.79475
4.81768
4.8419
4.86777
4.89523
4.92416
4.95475
4.98698
4.97017
4.93796
4.9075
4.87866
4.85138
4.82554
4.80137
4.77857
4.75715
4.73715
4.7186
4.70148
4.68555
4.67088
4.65764
4.64554
4.63475
4.62513
4.61676
4.60959
4.60381
4.59904
4.59535
4.59312
4.59194
4.59194
4.59312
4.59535
4.59904
4.60381
4.60959
4.61676
4.62513
4.63475
4.64554
4.65764
4.67088
4.68555
4.70148
4.7186
4.73715
4.75715
4.77857
4.80137
4.82554
4.85138
4.87866
4.9075
4.93796
4.97017
4.95469
4.9226
4.89222
4.86341
4.83624
4.81046
4.7864
4.76369
4.74232
4.72243
4.70392
4.68681
4.67094
4.65636
4.64313
4.63105
4.62028
4.61072
4.60242
4.59523
4.5894
4.58464
4.58117
4.57871
4.57768
4.57768
4.57871
4.58117
4.58464
4.5894
4.59523
4.60242
4.61072
4.62028
4.63105
4.64313
4.65636
4.67094
4.68681
4.70392
4.72243
4.74232
4.76369
4.7864
4.81046
4.83624
4.86341
4.89222
4.9226
4.95469
4.94054
4.90857
4.87823
4.84961
4.82245
4.79687
4.7727
4.75006
4.72882
4.70901
4.69057
4.6734
4.65762
4.64301
4.62973
4.61783
4.60712
4.5976
4.58933
4.58218
4.57625
4.5715
4.56805
4.56577
4.56457
4.56457
4.56577
4.56805
4.5715
4.24972
4.05293
4.58933
4.5976
4.60712
4.61783
3.30173
4.64301
4.65762
4.6734
4.69057
4.70901
4.72882
4.75006
4.7727
4.79687
4.82245
4.84961
4.87823
4.90857
4.94054
4.92773
4.89582
4.86567
4.83695
4.80995
4.78445
4.76041
4.73765
4.71658
4.69681
4.6784
4.66126
4.64556
4.6311
4.61789
4.60594
4.59518
4.58574
4.57738
4.57035
4.5645
4.55976
4.55622
4.55391
4.55281
4.55281
4.55391
4.55622
3.72553
3.57323
3.43375
3.30335
3.18739
3.06105
3.11421
3.17232
4.6311
4.64556
4.66126
4.6784
4.69681
4.71658
4.73765
4.76041
4.78445
4.80995
4.83695
4.86567
4.89582
4.92773
4.91617
4.88441
4.85422
4.82565
4.79877
4.77328
4.7493
4.72671
4.70563
4.68585
4.66748
4.65041
4.63475
4.62035
4.60713
4.59521
4.58447
4.57505
4.56674
4.55969
4.55388
4.54908
4.54568
4.54334
3.75091
3.59324
3.38756
3.31697
3.19534
3.08309
2.90165
2.94617
2.99549
3.04943
3.10796
3.16745
4.62035
4.63475
4.65041
4.66748
4.68585
4.70563
4.72671
4.7493
4.77328
4.79877
4.82565
4.85422
4.88441
4.91617
4.90614
4.8743
4.84431
4.8158
4.78888
4.76339
4.7393
4.71695
4.69593
4.67622
4.65791
4.64093
4.62521
4.61077
4.59766
4.5857
4.57502
4.56553
4.17753
4.55033
3.79398
3.62869
3.47821
3.34046
3.214
3.09751
2.9899
2.89021
2.80234
2.84426
2.89082
2.93998
2.99268
3.04637
3.10282
3.16224
3.22483
4.62521
4.64093
4.65791
4.67622
4.69593
4.71695
4.7393
4.76339
4.78888
4.8158
4.84431
4.8743
4.90614
4.89723
4.86553
4.83546
4.80711
4.78015
4.75473
4.7309
4.70845
4.68731
4.66778
4.64942
4.63248
4.61687
4.60246
4.58934
4.05574
4.56682
3.72123
3.52621
3.38077
3.24763
3.12535
3.01274
2.90865
2.81212
2.6775
2.71105
2.75482
2.79761
2.83041
2.8878
2.93627
2.98716
3.04067
3.09693
3.15613
3.21849
4.61687
4.63248
4.64942
4.66778
4.68731
4.70845
4.7309
4.75473
4.78015
4.80711
4.83546
4.86553
4.89723
4.88972
4.858
4.82802
4.79963
4.77285
4.74753
4.72364
4.7012
4.68023
4.66058
4.64217
4.17274
3.96131
4.59529
3.59938
3.44335
3.26513
3.17098
3.05144
2.94134
2.83961
2.71687
2.65751
2.60133
2.63558
2.67048
2.70661
2.75166
2.79352
2.83739
2.88345
2.93178
2.98253
3.03587
3.09196
3.15099
3.21315
4.60972
4.6253
4.64217
4.66058
4.68023
4.7012
4.72364
4.74753
4.77285
4.79963
4.82802
4.858
4.88972
4.88335
4.85182
4.82186
4.79351
4.76673
4.74142
4.71757
4.69517
4.67415
4.65454
4.63631
3.53509
3.38048
3.23963
3.11082
2.99254
2.88371
2.72597
2.662
2.60182
2.54629
2.53472
2.56591
2.59814
2.63148
2.66598
2.7017
2.74842
2.77711
2.83397
2.8799
2.92812
2.97876
3.02995
3.08792
3.1468
3.20881
4.60381
4.61944
4.63631
4.65454
4.67415
4.69517
4.71757
4.74142
4.76673
4.79351
4.82186
4.85182
4.88335
4.87837
4.84678
4.81696
4.78858
4.76172
4.73654
4.71272
4.69035
4.66938
4.64976
3.30633
3.20796
3.11645
3.03129
2.95212
2.87872
2.8112
2.74602
2.68317
2.62357
2.56734
2.53256
2.56331
2.5958
2.62899
2.66238
2.69772
2.73434
2.77382
2.83132
2.87717
2.9253
2.97584
3.02896
3.0848
3.14357
3.20547
3.27102
4.61461
4.63146
4.64976
4.66938
4.69035
4.71272
4.73654
4.76172
4.78858
4.81696
4.84678
4.87837
4.87451
4.84302
4.81305
4.78486
4.75808
4.73288
4.70899
4.68675
4.66579
4.64624
3.33586
3.24032
3.15225
3.06911
2.98767
2.91116
2.83918
2.77126
2.70641
2.64623
2.58986
2.53317
2.56272
2.59575
2.62619
2.66362
2.69778
2.73091
2.7858
2.82944
2.87524
2.92331
2.97378
3.02683
3.0826
3.13553
3.18815
3.2621
4.61109
4.62791
4.64624
4.66579
4.68675
4.70899
4.73288
4.75808
4.78486
4.81305
4.84302
4.87451
4.87209
4.84054
4.81064
4.78238
4.75568
4.73044
4.70656
4.68427
4.66335
4.64374
3.3862
3.28483
3.19013
3.10153
3.01846
2.94046
2.86582
2.79567
2.73138
2.66931
2.6106
2.54985
2.56081
2.59483
2.62938
2.65748
2.70344
2.73153
2.77107
2.82835
2.87411
2.92214
2.97055
3.02558
3.08132
3.13996
3.20172
3.26681
4.6087
4.62561
4.64374
4.66335
4.68427
4.70656
4.73044
4.75568
4.78238
4.81064
4.84054
4.87209
4.87073
4.83939
4.80942
4.78106
4.75444
4.72918
4.70545
4.68307
4.66219
4.64247
4.62437
3.3229
3.22615
3.13567
3.0498
2.96818
2.89417
2.82351
2.75638
2.69298
2.63347
2.57565
2.55996
2.59456
2.6291
2.65388
2.68975
2.74282
2.78442
2.82803
2.87378
2.92179
2.97223
3.02522
3.08094
3.13957
3.20131
3.26638
4.60752
4.62437
4.64247
4.66219
4.68307
4.70545
4.72918
4.75444
4.78106
4.80942
4.83939
4.87073
4.87073
4.83939
4.80942
4.78106
4.75444
4.72918
4.70545
4.68307
4.66219
4.64247
4.62437
3.36304
3.2639
3.16824
3.07934
3.00076
2.92346
2.85554
2.78783
2.71726
2.65514
2.60158
2.55929
2.59218
2.62949
2.66567
2.70356
2.74326
2.78486
2.82849
2.87425
2.92229
2.97273
3.02573
3.08147
3.13974
3.20188
3.26586
4.60752
4.62437
4.64247
4.66219
4.68307
4.70545
4.72918
4.75444
4.78106
4.80942
4.83939
4.87073
4.87209
4.84054
4.81064
4.78238
4.75568
4.73044
4.70656
4.68427
4.66335
4.64374
4.62561
3.40236
3.29762
3.20048
3.11642
3.03223
2.95311
2.8865
2.80845
2.7422
2.67577
2.63238
2.56921
2.59444
2.63056
2.66676
2.70468
2.74441
2.78605
2.82972
2.87551
2.92359
2.97408
3.02713
3.08291
3.14162
3.19491
3.26549
3.33734
4.62561
4.64374
4.66335
4.68427
4.70656
4.73044
4.75568
4.78238
4.81064
4.84054
4.87209
4.87451
4.84302
4.81305
4.78486
4.75808
4.73288
4.70899
4.68675
4.66579
4.64624
4.62791
4.61109
3.33297
3.24294
3.15095
3.06469
2.98366
2.91903
2.84842
2.76783
2.71899
2.65267
2.58871
2.5928
2.627
2.66855
2.70651
2.7463
2.788
2.83172
2.87759
2.92573
2.97628
3.02941
3.08528
3.14406
3.20597
3.27123
3.33168
4.62791
4.64624
4.66579
4.68675
4.70899
4.73288
4.75808
4.78486
4.81305
4.84302
4.87451
4.87837
4.84678
4.81696
4.78858
4.76172
4.73654
4.71272
4.69035
4.66938
4.64976
4.63146
4.61461
3.38188
3.281
3.18664
3.0982
3.0299
2.9532
2.86353
2.81296
2.74875
2.67797
2.62963
2.5943
2.63141
2.67103
2.70907
2.74893
2.7907
2.83451
2.88046
2.9287
2.97388
3.03258
3.08224
3.14746
3.20949
3.27086
3.34386
4.63146
4.64976
4.66938
4.69035
4.71272
4.73654
4.76172
4.78858
4.81696
4.84678
4.87837
4.88335
4.85182
4.82186
4.79351
4.76673
4.74142
4.71757
4.69517
4.67415
4.65454
4.63631
4.61944
3.42402
3.32041
3.22355
3.13281
3.04767
2.98908
2.91517
2.84562
2.77996
2.70386
2.65931
2.60331
2.63749
2.67417
2.71234
2.75229
2.79416
2.83808
2.88414
2.93249
2.98327
3.02577
3.09275
3.15181
3.214
3.27345
3.34873
4.63631
4.65454
4.67415
4.69517
4.71757
4.74142
4.76673
4.79351
4.82186
4.85182
4.88335
4.88972
4.858
4.82802
4.79963
4.77285
4.74753
4.72364
4.7012
4.68023
4.66058
4.64217
4.6253
4.60972
3.36125
3.28434
3.19292
3.10721
3.02678
2.95112
2.87988
2.81267
2.74926
2.68929
2.61809
2.63367
2.67236
2.71632
2.75639
2.79839
2.84243
2.88863
2.93713
2.98806
3.04159
3.08303
3.15712
3.2195
3.27231
3.34296
4.64217
4.66058
4.68023
4.7012
4.72364
4.74753
4.77285
4.79963
4.82802
4.858
4.88972
4.89723
4.86553
4.83546
4.80711
4.78015
4.75473
4.7309
4.70845
4.68731
4.66778
4.64942
4.63248
4.61687
3.43109
3.3307
3.22075
3.14889
3.06637
2.98882
2.91582
2.847
2.78208
2.72072
2.66267
2.63737
2.67905
2.70972
2.76125
2.80339
2.84759
2.89395
2.94262
2.99373
3.04745
3.10116
3.1634
3.22602
3.27803
3.36169
3.43516
4.66778
4.68731
4.70845
4.7309
4.75473
4.78015
4.80711
4.83546
4.86553
4.89723
4.90614
4.8743
4.84431
4.8158
4.78888
4.76339
4.7393
4.71695
4.69593
4.67622
4.65791
4.64093
4.62521
3.48273
3.37949
3.27241
3.19268
3.10797
3.0284
2.95354
2.88301
2.81586
2.75364
2.69422
2.64709
2.68306
2.71758
2.76685
2.80917
2.85354
2.90009
2.94896
3.00028
3.05422
3.11096
3.17066
3.21997
3.28381
3.35595
3.43721
4.67622
4.69593
4.71695
4.7393
4.76339
4.78888
4.8158
4.84431
4.8743
4.90614
4.91617
4.88441
4.85422
4.82565
4.79877
4.77328
4.7493
4.72671
4.70563
4.68585
4.66748
4.65041
4.63475
4.62035
3.43088
3.32154
3.23874
3.15169
3.06997
2.99312
2.91984
2.84896
2.78812
2.72725
2.66184
2.68299
2.72686
2.77322
2.81573
2.8603
2.90707
2.95616
3.00772
3.06192
3.11892
3.17892
3.23602
3.30265
3.37752
4.66748
4.68585
4.70563
4.72671
4.7493
4.77328
4.79877
4.82565
4.85422
4.88441
4.91617
4.92773
4.89582
4.86567
4.83695
4.80995
4.78445
4.76041
4.73765
4.71658
4.69681
4.6784
4.66126
4.64556
4.6311
3.48501
3.37253
3.28718
3.19764
3.10773
3.03468
2.95127
2.89033
2.80877
2.76183
2.70274
2.689
2.7361
2.78036
2.82308
2.86788
2.91489
2.96424
3.01607
3.07055
3.12786
3.18813
3.25002
3.31938
4.66126
4.6784
4.69681
4.71658
4.73765
4.76041
4.78445
4.80995
4.83695
4.86567
4.89582
4.92773
4.94054
4.90857
4.87823
4.84961
4.82245
4.79687
4.7727
4.75006
4.72882
4.70901
4.69057
4.6734
4.65762
4.64301
3.54207
3.42629
3.33815
3.24596
3.1595
3.07831
3.00193
2.91504
2.8523
2.79667
2.73746
2.70018
2.7383
2.77952
2.83124
2.8763
2.92357
2.9732
3.02533
3.08013
3.13778
3.19846
4.64301
4.65762
4.6734
4.69057
4.70901
4.72882
4.75006
4.7727
4.79687
4.82245
4.84961
4.87823
4.90857
4.94054
4.95469
4.9226
4.89222
4.86341
4.83624
4.81046
4.7864
4.76369
4.74232
4.72243
4.70392
4.68681
4.67094
4.65636
4.64313
3.48433
3.39181
3.29677
3.20772
3.12413
3.04555
2.96814
2.89872
2.83309
2.77378
2.71591
2.75576
2.79162
2.84022
2.88555
2.93312
2.98306
3.02827
3.09068
3.1487
4.64313
4.65636
4.67094
4.68681
4.70392
4.72243
4.74232
4.76369
4.7864
4.81046
4.83624
4.86341
4.89222
4.9226
4.95469
4.97017
4.93796
4.9075
4.87866
4.85138
4.82554
4.80137
4.77857
4.75715
4.73715
4.7186
4.70148
4.68555
4.67088
4.65764
3.54808
3.44831
3.35025
3.25842
3.17228
3.09135
3.0029
2.92949
2.87576
2.81182
2.73572
2.76501
2.80281
2.84784
2.89566
2.94355
2.99384
3.04667
4.63475
4.64554
4.65764
4.67088
4.68555
4.70148
4.7186
4.73715
4.75715
4.77857
4.80137
4.82554
4.85138
4.87866
4.9075
4.93796
4.97017
4.98698
4.95475
4.92416
4.89523
4.86777
4.8419
4.81768
4.79475
4.77328
4.75335
4.7347
4.71728
4.70143
4.68682
4.67339
4.66129
3.50788
3.40656
3.31175
3.22289
3.13186
3.06099
2.98711
2.91743
2.84858
2.78948
2.7631
2.80386
2.8526
2.90665
2.95489
3.00555
4.64086
4.65052
4.66129
4.67339
4.68682
4.70143
4.71728
4.7347
4.75335
4.77328
4.79475
4.81768
4.8419
4.86777
4.89523
4.92416
4.95475
4.98698
5.00522
4.9729
4.94222
4.91316
4.88557
4.85973
4.83533
4.81234
4.79087
4.77075
4.75204
4.73471
4.71866
4.70399
4.69059
4.67841
4.66748
4.65784
4.64953
3.27611
3.19
3.10908
3.03292
2.95479
2.89341
2.82942
2.78046
2.828
2.86868
2.91852
2.96714
4.64953
4.65784
4.66748
4.67841
4.69059
4.70399
4.71866
4.73471
4.75204
4.77075
4.79087
4.81234
4.83533
4.85973
4.88557
4.91316
4.94222
4.9729
5.00522
5.02494
4.9924
4.96167
4.93248
4.90468
4.87884
4.85427
4.83133
4.80973
4.7895
4.77078
4.75334
4.73726
4.72251
4.70902
4.69682
4.68589
4.67623
4.66783
4.66062
4.65463
4.64971
3.081
3.00415
2.93719
2.87126
2.80172
2.84003
2.87608
4.65463
4.66062
4.66783
4.67623
4.68589
4.69682
4.70902
4.72251
4.73726
4.75334
4.77078
4.7895
4.80973
4.83133
4.85427
4.87884
4.90468
4.93248
4.96167
4.9924
5.02494
5.04619
5.01352
4.98256
4.95323
4.92557
4.89943
4.87474
4.85166
4.82996
4.8097
4.79087
4.77336
4.75715
4.74226
4.72885
4.71665
4.70553
4.69587
4.68742
4.68019
4.67415
4.66937
4.66578
4.66335
4.66211
2.91562
2.85088
2.85291
4.66937
4.67415
4.68019
4.68742
4.69587
4.70553
4.71665
4.72885
4.74226
4.75715
4.77336
4.79087
4.8097
4.82996
4.85166
4.87474
4.89943
4.92557
4.95323
4.98256
5.01352
5.04619
5.06874
5.03604
5.00494
4.97547
4.94765
4.92145
4.89664
4.87345
4.85157
4.83132
4.8123
4.79476
4.77856
4.76371
4.7501
4.73783
4.72677
4.717
4.70854
4.70107
4.69521
4.69036
4.68664
4.68433
4.68308
4.68308
4.68433
4.68664
4.69036
4.69521
4.70107
4.70854
4.717
4.72677
4.73783
4.7501
4.76371
4.77856
4.79476
4.8123
4.83132
4.85157
4.87345
4.89664
4.92145
4.94765
4.97547
5.00494
5.03604
5.06874
5.09291
5.05997
5.02883
4.99918
4.97117
4.94488
4.91999
4.89666
4.87477
4.85427
4.8353
4.81767
4.80135
4.78643
4.77277
4.76042
4.74929
4.7395
4.73092
4.72354
4.71757
4.71274
4.70906
4.70665
4.7055
4.7055
4.70665
4.70906
4.71274
4.71757
4.72354
4.73092
4.7395
4.74929
4.76042
4.77277
4.78643
4.80135
4.81767
4.8353
4.85427
4.87477
4.89666
4.91999
4.94488
4.97117
4.99918
5.02883
5.05997
5.09291
5.11873
5.08549
5.05415
5.02444
4.99635
4.96984
4.94486
4.92145
4.89936
4.87888
4.85966
4.84199
4.82563
4.81049
4.79679
4.78443
4.77332
4.76344
4.75483
4.74753
4.7414
4.73655
4.73283
4.73028
4.72921
4.72921
4.73028
4.73283
4.73655
4.7414
4.74753
4.75483
4.76344
4.77332
4.78443
4.79679
4.81049
4.82563
4.84199
4.85966
4.87888
4.89936
4.92145
4.94486
4.96984
4.99635
5.02444
5.05415
5.08549
5.11873
5.14604
5.11271
5.08118
5.05132
5.02301
4.99633
4.97128
4.94769
4.92554
4.90491
4.8857
4.86776
4.8513
4.83623
4.8224
4.80994
4.79877
4.78885
4.78022
4.77281
4.7667
4.76177
4.75808
4.75563
4.75445
4.75445
4.75563
4.75808
4.76177
4.7667
4.77281
4.78022
4.78885
4.79877
4.80994
4.8224
4.83623
4.8513
4.86776
4.8857
4.90491
4.92554
4.94769
4.97128
4.99633
5.02301
5.05132
5.08118
5.11271
5.14604
5.17485
5.14152
5.10977
5.07972
5.05124
5.02444
4.9992
4.97553
4.95323
4.93254
4.91315
4.89519
4.87863
4.86331
4.8496
4.83698
4.8258
4.81579
4.80702
4.79962
4.7935
4.78853
4.78486
4.78241
4.7812
4.7812
4.78241
4.78486
4.78853
4.7935
4.79962
4.80702
4.81579
4.8258
4.83698
4.8496
4.86331
4.87863
4.89519
4.91315
4.93254
4.95323
4.97553
4.9992
5.02444
5.05124
5.07972
5.10977
5.14152
5.17485
5.20561
5.17193
5.13997
5.10979
5.08121
5.05419
5.02873
5.00491
4.98253
4.9617
4.94217
4.92415
4.90746
4.89225
4.87826
4.86566
4.85432
4.84423
4.83555
4.82793
4.8219
4.81682
4.81314
4.81066
4.80953
4.80953
4.81066
4.81314
4.81682
4.8219
4.82793
4.83555
4.84423
4.85432
4.86566
4.87826
4.89225
4.90746
4.92415
4.94217
4.9617
4.98253
5.00491
5.02873
5.05419
5.08121
5.10979
5.13997
5.17193
5.20561
5.23786
5.204
5.17185
5.14144
5.11264
5.08553
5.06004
5.03606
5.01344
4.99248
4.97291
4.95467
4.93796
4.92262
4.90853
4.89588
4.88442
4.87431
4.86559
4.85806
4.85177
4.84681
4.84297
4.84057
4.83932
4.83932
4.84057
4.84297
4.84681
4.85177
4.85806
4.86559
4.87431
4.88442
4.89588
4.90853
4.92262
4.93796
4.95467
4.97291
4.99248
5.01344
5.03606
5.06004
5.08553
5.11264
5.14144
5.17185
5.204
5.23786
5.27193
5.23792
5.20554
5.1749
5.14603
5.11866
5.09296
5.06885
5.04621
5.02504
5.0052
4.98688
4.97014
4.95467
4.94047
4.92775
4.91615
4.90612
4.89726
4.88972
4.88341
4.87834
4.87464
4.872
4.87086
4.87086
4.872
4.87464
4.87834
4.88341
4.88972
4.89726
4.90612
4.91615
4.92775
4.94047
4.95467
4.97014
4.98688
5.0052
5.02504
5.04621
5.06885
5.09296
5.11866
5.14603
5.1749
5.20554
5.23792
5.27193
