Label: Box
Position: -2.13312, -0.136021, 0.342387
Orientation (Quaternion): 0.54327, 0.157605, -0.505172, 0.651782
5.27193
5.23792
5.20554
5.1749
5.14603
5.11866
5.09296
5.06885
5.04621
5.02504
5.0052
4.98688
4.97014
4.95467
4.94047
4.92775
4.91615
4.90612
4.89726
4.88972
4.88341
4.87834
4.87464
4.872
4.87086
4.87086
4.872
4.87464
4.87834
4.88341
4.88972
4.89726
4.90612
4.91615
4.92775
4.94047
4.95467
4.97014
4.98688
5.0052
5.02504
5.04621
5.06885
5.09296
5.11866
5.14603
5.1749
5.20554
5.23792
5.27193
5.23786
5.204
5.17185
5.14144
5.11264
5.08553
5.06004
5.03606
5.01344
4.99248
4.97291
4.95467
4.93796
4.92262
4.90853
4.89588
4.88442
4.87431
4.86559
4.85806
4.85177
4.84681
4.84297
4.84057
4.83932
4.83932
4.84057
4.84297
4.84681
4.85177
4.85806
4.86559
4.87431
4.88442
4.89588
4.90853
4.92262
4.93796
4.95467
4.97291
4.99248
5.01344
5.03606
5.06004
5.08553
5.11264
5.14144
5.17185
5.204
5.23786
5.20561
5.17193
5.13997
5.10979
5.08121
5.05419
5.02873
5.00491
4.98253
4.9617
4.94217
4.92415
4.90746
4.89225
4.87826
4.86566
4.85432
4.84423
4.83555
4.82793
4.8219
4.81682
4.81314
4.81066
4.80953
4.80953
4.81066
4.81314
4.81682
4.8219
4.82793
4.83555
4.84423
4.85432
4.86566
4.87826
4.89225
4.90746
4.92415
4.94217
4.9617
4.98253
5.00491
5.02873
5.05419
5.08121
5.10979
5.13997
5.17193
5.20561
5.17485
5.14152
5.10977
5.07972
5.05124
5.02444
4.9992
4.97553
4.95323
4.93254
4.91315
4.89519
4.87863
4.86331
4.8496
4.83698
4.8258
4.81579
4.80702
4.79962
4.7935
4.78853
4.78486
4.78241
4.7812
4.7812
4.78241
4.78486
4.78853
4.7935
4.79962
4.80702
4.81579
4.8258
4.83698
4.8496
4.86331
4.87863
4.89519
4.91315
4.93254
4.95323
4.97553
4.9992
5.02444
5.05124
5.07972
5.10977
5.14152
5.17485
5.14604
5.11271
5.08118
5.05132
5.02301
4.99633
4.97128
4.94769
4.92554
4.90491
4.8857
4.86776
4.8513
4.83623
4.8224
4.80994
4.79877
4.78885
4.78022
4.77281
4.7667
4.76177
4.75808
4.75563
4.75445
4.75445
4.75563
4.75808
4.76177
4.7667
4.77281
4.78022
4.78885
4.79877
4.80994
4.8224
4.83623
4.8513
4.86776
4.8857
4.90491
4.92554
4.94769
4.97128
4.99633
5.02301
5.05132
5.08118
5.11271
5.14604
5.11873
5.08549
5.05415
5.02444
4.99635
4.96984
4.94486
4.92145
4.89936
4.87888
4.85966
4.84199
4.82563
4.81049
4.79679
4.78443
4.77332
4.76344
4.75483
4.74753
4.7414
4.73655
4.73283
4.73028
4.72921
4.72921
4.73028
4.73283
4.73655
4.7414
4.74753
4.75483
4.76344
4.77332
4.78443
4.79679
4.81049
4.82563
4.84199
4.85966
4.87888
4.89936
4.92145
4.94486
4.96984
4.99635
5.02444
5.05415
5.08549
5.11873
5.09291
5.05997
5.02883
4.99918
4.97117
4.94488
4.91999
4.89666
4.87477
4.85427
4.8353
4.81767
4.80135
4.78643
4.77277
4.76042
4.74929
4.7395
4.73092
4.72354
4.71757
4.71274
4.70906
4.70665
4.7055
4.7055
4.70665
4.70906
4.71274
4.71757
4.72354
4.73092
4.7395
4.74929
4.76042
4.77277
4.78643
4.80135
4.81767
4.8353
4.85427
4.87477
4.89666
4.91999
4.94488
4.97117
4.99918
5.02883
5.05997
5.09291
5.06874
5.03604
5.00494
4.97547
4.94765
4.92145
4.89664
4.87345
4.85157
4.83132
4.8123
4.79476
4.77856
4.76371
4.7501
4.73783
4.72677
4.717
4.70854
4.70107
4.69521
4.69036
4.68664
4.68433
4.68308
4.68308
4.68433
4.68664
4.69036
4.69521
4.70107
4.70854
4.717
4.72677
4.73783
4.7501
4.76371
4.77856
4.79476
4.8123
4.83132
4.85157
4.87345
4.89664
4.92145
4.94765
2.04125
1.99225
1.9447
1.91688
5.04619
5.01352
4.98256
4.95323
4.92557
4.89943
4.87474
4.85166
4.82996
4.8097
4.79087
4.77336
4.75715
4.74226
4.72885
4.71665
4.70553
4.69587
4.68742
4.68019
4.67415
4.66937
4.66578
4.66335
4.66211
4.66211
4.66335
4.66578
4.66937
4.67415
4.68019
4.68742
4.69587
4.70553
4.71665
4.72885
4.74226
4.75715
4.77336
4.79087
4.8097
2.18742
2.13953
2.08315
2.03048
1.97306
1.9336
1.89009
1.87133
1.90015
5.02494
4.9924
4.96167
4.93248
4.90468
4.87884
4.85427
4.83133
4.80973
4.7895
4.77078
4.75334
4.73726
4.72251
4.70902
4.69682
4.68589
4.67623
4.66783
4.66062
4.65463
4.64971
4.64622
4.64383
4.64267
4.64267
4.64383
4.64622
4.64971
4.65463
4.66062
4.66783
4.67623
4.68589
4.69682
4.70902
2.37482
2.31923
2.25018
2.18808
2.12595
2.07243
2.01982
1.95412
1.92364
1.87941
1.80583
1.82874
1.85648
1.90771
5.00522
4.9729
4.94222
4.91316
4.88557
4.85973
4.83533
4.81234
4.79087
4.77075
4.75204
4.73471
4.71866
4.70399
4.69059
4.67841
4.66748
4.65784
4.64953
4.64231
4.63636
4.6316
4.62799
4.62561
4.62433
4.62433
4.62561
4.62799
4.6316
4.63636
4.64231
2.63952
2.54648
2.46181
2.36517
2.30998
2.23531
2.17794
2.1182
2.05375
2.00952
1.95999
1.91332
1.86286
1.82765
1.76679
1.78893
1.81576
1.85241
1.89434
4.98698
4.95475
4.92416
4.89523
4.86777
4.8419
4.81768
4.79475
4.77328
4.75335
4.7347
4.71728
4.70143
4.68682
4.67339
4.66129
4.65052
4.64086
4.6324
4.62524
4.61944
4.61467
4.61109
4.60872
4.60747
4.60747
4.60872
4.61109
4.61467
4.61944
2.53882
2.45373
2.37474
2.28924
2.23274
2.15736
2.10676
2.03847
1.98836
1.93818
1.90346
1.85936
1.8177
1.77832
1.73022
1.75173
1.77785
1.82501
1.84637
1.88509
4.97017
4.93796
4.9075
4.87866
4.85138
4.82554
4.80137
4.77857
4.75715
4.73715
4.7186
4.70148
4.68555
4.67088
4.65764
4.64554
4.63475
4.62513
4.61676
4.60959
4.60381
4.59904
4.59535
4.59312
4.59194
4.59194
4.59312
4.59535
2.53328
2.44753
2.36799
2.29404
2.2251
2.14419
2.10051
2.00373
1.95179
1.94123
1.89431
1.85006
1.80829
1.76403
1.73144
1.69597
1.71703
1.74259
1.77275
1.80764
1.84752
1.89269
4.95469
4.9226
4.89222
4.86341
4.83624
4.81046
4.7864
4.76369
4.74232
4.72243
4.70392
4.68681
4.67094
4.65636
4.64313
4.63105
4.62028
4.61072
4.60242
4.59523
4.5894
4.58464
4.58117
4.57871
4.57768
4.57768
2.53347
2.43691
2.36332
2.28867
2.21915
2.15425
2.09359
2.03672
1.9685
1.8997
1.88606
1.84046
1.79963
1.75996
1.71863
1.68691
1.66395
1.6847
1.70989
1.7396
1.77394
1.81314
1.85423
1.89165
4.94054
4.90857
4.87823
4.84961
4.82245
4.79687
4.7727
4.75006
4.72882
4.70901
4.69057
4.6734
4.65762
4.64301
4.62973
4.61783
4.60712
4.5976
4.58933
4.58218
4.57625
4.5715
4.56805
4.56577
4.56457
2.4424
2.36104
2.27847
2.21518
2.14961
2.08832
2.03093
1.97713
1.90161
1.85488
1.8342
1.78522
1.752
1.71424
1.67567
1.61793
1.63407
1.65466
1.67967
1.70912
1.74313
1.7819
1.81647
1.85191
1.88925
4.92773
4.89582
4.86567
4.83695
4.80995
4.78445
4.76041
4.73765
4.71658
4.69681
4.6784
4.66126
4.64556
4.6311
4.61789
4.60594
4.59518
4.58574
4.57738
4.57035
4.5645
4.55976
4.55622
2.44419
2.36152
2.28483
2.21318
2.11321
2.0501
2.0269
1.94728
1.92136
1.8733
1.80863
1.78538
1.7451
1.6927
1.67099
1.63504
1.5901
1.60626
1.62687
1.65187
1.68127
1.71517
1.74928
1.78122
1.80731
1.84288
1.88749
4.91617
4.88441
4.85422
4.82565
4.79877
4.77328
4.7493
4.72671
4.70563
4.68585
4.66748
4.65041
4.63475
4.62035
4.60713
4.59521
4.58447
4.57505
4.56674
4.55969
4.55388
2.44943
2.36513
2.28702
2.21444
2.14687
2.08253
2.02487
1.93961
1.91785
1.86917
1.81385
1.75678
1.726
1.68712
1.66455
1.63008
1.59645
1.56413
1.58048
1.6013
1.62649
1.65605
1.67842
1.7175
1.74829
1.77398
1.80345
1.84135
1.88532
4.90614
4.8743
4.84431
4.8158
4.78888
4.76339
4.7393
4.71695
4.69593
4.67622
4.65791
4.64093
4.62521
4.61077
4.59766
4.5857
4.57502
4.56553
4.5574
4.55033
2.37226
2.2924
2.2183
2.14938
2.08512
2.0251
1.967
1.91628
1.86683
1.82033
1.76636
1.71572
1.69623
1.64918
1.61234
1.5914
1.55992
1.54001
1.55673
1.57796
1.60356
1.63352
1.66112
1.68863
1.71751
1.7443
1.76882
1.81129
1.84863
1.87381
4.89723
4.86553
4.83546
4.80711
4.78015
4.75473
4.7309
4.70845
4.68731
4.66778
4.64942
4.63248
4.61687
4.60246
4.58934
4.57748
4.56682
4.55734
2.38333
2.30139
2.22544
2.15489
2.08919
2.02788
1.97056
1.91687
1.86416
1.81914
1.7746
1.71078
1.67691
1.64764
1.62014
1.58663
1.55485
1.50527
1.51774
1.53505
1.55691
1.58318
1.59827
1.63502
1.66123
1.68874
1.71005
1.7464
1.77986
1.81343
1.84876
1.88599
4.88972
4.858
4.82802
4.79963
4.77285
4.74753
4.72364
4.7012
4.68023
4.66058
4.64217
4.6253
4.60972
4.59529
4.5821
4.57036
4.55974
2.31437
2.23623
2.16374
2.09632
2.03347
1.97478
1.91987
1.86839
1.82006
1.75206
1.73179
1.66925
1.6379
1.61132
1.57272
1.54672
1.5203
1.48416
1.49735
1.51551
1.53829
1.55704
1.57484
1.60436
1.63562
1.65757
1.68937
1.71827
1.74863
1.78056
1.81414
1.8495
1.88676
4.88335
4.85182
4.82186
4.79351
4.76673
4.74142
4.71757
4.69517
4.67415
4.65454
4.63631
4.61944
4.60381
4.5894
4.57631
2.33254
2.25108
2.17629
2.07775
2.0422
1.9819
1.92553
1.87275
1.82324
1.77673
1.73297
1.69172
1.65283
1.60142
1.58132
1.54509
1.51724
1.48766
1.46474
1.47909
1.4983
1.52234
1.53477
1.56235
1.58152
1.60858
1.63671
1.66297
1.69053
1.71946
1.74986
1.78182
1.81544
1.85085
1.88815
4.87837
4.84678
4.81696
4.78858
4.76172
4.73654
4.71272
4.69035
4.66938
4.64976
4.63146
4.61461
4.59903
4.5847
2.27045
2.19299
2.12115
2.05438
1.99218
1.92002
1.87984
1.82896
1.78121
1.73632
1.69407
1.65413
1.61664
1.56625
1.54221
1.51246
1.47916
1.43754
1.44713
1.46279
1.48371
1.49824
1.52292
1.5447
1.56649
1.58931
1.61323
1.63831
1.66461
1.69221
1.7212
1.75165
1.78366
1.81734
1.85281
1.89018
4.87451
4.84302
4.81305
4.78486
4.75808
4.73288
4.70899
4.68675
4.66579
4.64624
4.62791
4.61109
2.2949
2.21427
2.13965
2.07041
2.00602
1.94598
1.88992
1.83744
1.78539
1.74208
1.69864
1.65773
1.61915
1.58232
1.5483
1.51494
1.47746
1.45101
1.42034
1.43157
1.4492
1.46494
1.48598
1.50583
1.52574
1.54659
1.56842
1.5913
1.61527
1.6404
1.66676
1.69442
1.72347
1.75399
1.78608
1.81984
1.85539
1.89285
4.87209
4.84054
4.81064
4.78238
4.75568
4.73044
4.70656
4.68427
4.66335
4.64374
4.62561
2.23608
2.13282
2.09069
2.02373
1.96142
1.90331
1.84899
1.79815
1.75046
1.70564
1.66352
1.62381
1.58635
1.55098
1.50318
1.48585
1.45495
1.40024
1.40489
1.41852
1.43459
1.45146
1.45992
1.489
1.50807
1.52803
1.54893
1.57082
1.59376
1.61779
1.64299
1.66943
1.69717
1.7263
1.7569
1.78908
1.82294
1.85858
1.89615
4.87073
4.83939
4.80942
4.78106
4.75444
4.72918
4.70545
4.68307
4.66219
4.64247
4.62437
2.32822
2.1816
2.01443
1.92885
1.85212
1.78346
1.76173
1.71536
1.67179
1.6308
1.56562
1.5557
1.52125
1.48867
1.42919
1.42859
1.38451
1.3917
1.40694
1.42322
1.43917
1.45586
1.4628
1.49161
1.51074
1.53076
1.55173
1.57369
1.5967
1.62082
1.6461
1.67262
1.70045
1.72967
1.76038
1.79267
1.82664
1.86241
1.89997
4.87073
4.83939
4.80942
4.78106
4.75444
4.72918
4.70545
4.68307
4.66219
4.64247
4.62437
4.60752
2.27643
2.13685
2.0139
1.90477
1.80731
1.7003
1.64052
1.58704
1.54023
1.50162
1.47626
1.46165
1.43154
1.37821
1.36952
1.38178
1.39404
1.40755
1.42601
1.44202
1.45075
1.46611
1.49465
1.51385
1.53395
1.555
1.57704
1.60013
1.62434
1.64971
1.67633
1.70427
1.73361
1.76444
1.79685
1.83096
1.86687
1.90472
4.87209
4.84054
4.81064
4.78238
4.75568
4.73044
4.70656
4.68427
4.66335
4.64374
4.62561
4.6087
4.5931
2.22904
2.09582
1.97811
1.87336
1.7796
1.69514
1.61881
1.52582
1.47659
1.43283
1.39886
1.37898
1.35819
1.37122
1.38512
1.39724
1.41086
1.42919
1.44527
1.45439
1.46986
1.48586
1.5174
1.53759
1.55873
1.58086
1.60405
1.62836
1.65385
1.68058
1.70864
1.73811
1.76908
1.80163
1.83589
1.87197
1.91
4.87451
4.84302
4.81305
4.78486
4.75808
4.73288
4.70899
4.68675
4.66579
4.64624
4.62791
4.61109
4.59551
2.33058
2.18561
2.05812
1.94515
1.84438
1.75398
1.67242
1.59852
1.53125
1.44996
1.41007
1.34853
1.36205
1.37503
1.38754
1.4026
1.41734
1.43278
1.44336
1.46584
1.48353
1.49019
1.52141
1.54169
1.56293
1.58517
1.60847
1.6329
1.6585
1.67727
1.71357
1.74318
1.7724
1.80703
1.84146
1.87772
1.91595
4.87837
4.84678
4.81696
4.78858
4.76172
4.73654
4.71272
4.69035
4.66938
4.64976
4.63146
4.61461
4.59903
4.5847
2.28443
2.14575
2.02342
1.91478
1.81761
1.7303
1.62482
1.57973
1.51441
1.45464
1.37886
1.36484
1.37873
1.39227
1.4045
1.41845
1.43674
1.44774
1.46297
1.47871
1.49497
1.52587
1.54625
1.5676
1.58997
1.61339
1.63795
1.6637
1.69071
1.71906
1.74884
1.77742
1.81304
1.84767
1.87008
1.92258
4.88335
4.85182
4.82186
4.79351
4.76673
4.74142
4.71757
4.69517
4.67415
4.65454
4.63631
4.61944
4.60381
4.5894
2.40466
2.2421
2.10909
1.99147
1.86035
1.79291
1.70839
1.63188
1.56231
1.4988
1.44061
1.37265
1.38164
1.39642
1.41067
1.42558
1.44119
1.45752
1.46699
1.4831
1.50005
1.53079
1.5513
1.57277
1.59526
1.61883
1.64353
1.66943
1.6966
1.72513
1.75508
1.78657
1.81968
1.85452
1.8865
1.92991
4.88972
4.858
4.82802
4.79963
4.77285
4.74753
4.72364
4.7012
4.68023
4.66058
4.64217
4.6253
4.60972
4.59529
4.5821
2.34848
2.18146
2.07537
1.96202
1.86086
1.77005
1.68811
1.61382
1.54617
1.48431
1.42669
1.38617
1.39886
1.41531
1.4261
1.44049
1.45541
1.47965
1.49765
1.50368
1.53619
1.55682
1.57843
1.59663
1.61559
1.64964
1.67374
1.69569
1.7188
1.76193
1.79362
1.82696
1.86204
1.89899
1.93795
4.89723
4.86553
4.83546
4.80711
4.78015
4.75473
4.7309
4.70845
4.68731
4.66778
4.64942
4.63248
4.61687
4.60246
4.58934
4.57748
2.30706
2.16745
2.04427
1.93481
1.83692
1.74889
1.66932
1.58695
1.53118
1.47089
1.39649
1.40459
1.41664
1.43048
1.44484
1.46782
1.48514
1.49126
1.52221
1.54206
1.56284
1.58459
1.60738
1.63127
1.6563
1.68256
1.70812
1.72976
1.76939
1.80025
1.83489
1.87023
1.90746
1.94672
4.90614
4.8743
4.84431
4.8158
4.78888
4.76339
4.7393
4.71695
4.69593
4.67622
4.65791
4.64093
4.62521
4.61077
4.59766
4.5857
2.42671
2.26896
2.13451
2.01558
1.90967
1.81478
1.72929
1.6519
1.58153
1.51051
1.45491
1.41046
1.42433
1.43523
1.45697
1.47364
1.4799
1.50933
1.52843
1.54842
1.56935
1.59127
1.61423
1.63829
1.66352
1.68997
1.71773
1.74683
1.77747
1.79889
1.82969
1.86912
1.91665
1.95622
4.91617
4.88441
4.85422
4.82565
4.79877
4.77328
4.7493
4.72671
4.70563
4.68585
4.66748
4.65041
4.63475
4.62035
4.60713
4.59521
4.58447
2.38139
2.23389
2.10411
1.98907
1.88641
1.79427
1.71112
1.63449
1.56683
1.49925
1.4223
1.42904
1.44437
1.4631
1.46956
1.48499
1.51587
1.53512
1.55528
1.57637
1.59847
1.62162
1.64587
1.6713
1.69797
1.72595
1.75533
1.7862
1.81865
1.85278
1.88871
1.92655
1.96649
4.92773
4.89582
4.86567
4.83695
4.80995
4.78445
4.76041
4.73765
4.71658
4.69681
4.6784
4.66126
4.64556
4.6311
4.61789
4.60594
4.59518
4.58574
2.34387
2.20156
2.07604
1.96455
1.86487
1.77525
1.69427
1.61865
1.54669
1.49069
1.43778
1.45091
1.46541
1.47506
1.50435
1.5229
1.54231
1.56264
1.58392
1.6062
1.62955
1.65402
1.67966
1.70657
1.7348
1.76444
1.78472
1.82832
1.86276
1.89902
1.93723
1.97753
4.94054
4.90857
4.87823
4.84961
4.82245
4.79687
4.7727
4.75006
4.72882
4.70901
4.69057
4.6734
4.65762
4.64301
4.62973
4.61783
4.60712
4.5976
2.46616
2.30929
2.17171
2.05009
1.93839
1.8449
1.75762
1.66634
1.60683
1.539
1.45101
1.45728
1.47553
1.49382
1.51171
1.53043
1.55002
1.57053
1.592
1.61449
1.63805
1.66274
1.68862
1.71578
1.74427
1.7742
1.80531
1.83746
1.87347
1.91008
1.94867
1.98937
4.95469
4.9226
4.89222
4.86341
4.83624
4.81046
4.7864
4.76369
4.74232
4.72243
4.70392
4.68681
4.67094
4.65636
4.64313
4.63105
4.62028
4.61072
4.60242
2.42899
2.27738
2.14411
2.02605
1.9208
1.82638
1.72784
1.65879
1.59388
1.52313
1.46817
1.48055
1.4974
1.51956
1.53846
1.55824
1.57894
1.60062
1.62333
1.64711
1.67205
1.69819
1.72562
1.74397
1.78462
1.81638
1.84977
1.87585
1.91151
1.96091
2.00204
4.97017
4.93796
4.9075
4.87866
4.85138
4.82554
4.80137
4.77857
4.75715
4.73715
4.7186
4.70148
4.68555
4.67088
4.65764
4.64554
4.63475
4.62513
4.61676
4.60959
2.39469
2.24789
2.11856
1.99141
1.87675
1.80915
1.72272
1.64525
1.58183
1.51897
1.48906
1.50574
1.52292
1.54701
1.56699
1.58791
1.60981
1.63275
1.65678
1.68198
1.70839
1.7361
1.76519
1.79574
1.82783
1.86159
1.89711
1.93452
1.97396
2.01556
4.98698
4.95475
4.92416
4.89523
4.86777
4.8419
4.81768
4.79475
4.77328
4.75335
4.7347
4.71728
4.70143
4.68682
4.67339
4.66129
4.65052
4.64086
4.6324
4.62524
2.52563
2.363
2.22059
2.09487
1.9831
1.86529
1.77426
1.71185
1.62877
1.57062
1.50186
1.51321
1.53422
1.54923
1.57629
1.59743
1.61957
1.64276
1.66706
1.69253
1.71923
1.74725
1.77667
1.80756
1.82778
1.87416
1.90345
1.93882
1.98785
2.02794
5.00522
4.9729
4.94222
4.91316
4.88557
4.85973
4.83533
4.81234
4.79087
4.77075
4.75204
4.73471
4.71866
4.70399
4.69059
4.67841
4.66748
4.65784
4.64953
4.64231
4.63636
2.49136
2.32244
2.19527
2.07288
1.95556
1.84325
1.77828
1.67841
1.61957
1.55924
1.52447
1.54039
1.56548
1.5854
1.60753
1.62992
1.65338
1.67796
1.70372
1.73074
1.75909
1.78885
1.82011
1.85297
1.87339
1.9239
1.96222
2.00262
2.04526
5.02494
4.9924
4.96167
4.93248
4.90468
4.87884
4.85427
4.83133
4.80973
4.7895
4.77078
4.75334
4.73726
4.72251
4.70902
4.69682
4.68589
4.67623
4.66783
4.66062
4.65463
4.64971
2.45962
2.30645
2.17171
2.03797
1.91555
1.84603
1.76438
1.68634
1.6153
1.53911
1.55037
1.57055
1.58554
1.61822
1.64089
1.66463
1.6895
1.71558
1.74293
1.77163
1.80177
1.83342
1.86669
1.89622
1.93854
1.97736
2.0183
2.06151
5.04619
5.01352
4.98256
4.95323
4.92557
4.89943
4.87474
4.85166
4.82996
4.8097
4.79087
4.77336
4.75715
4.74226
4.72885
4.71665
4.70553
4.69587
4.68742
4.68019
4.67415
4.66937
2.60083
2.43023
2.28118
2.12073
2.02034
1.91108
1.83582
1.74015
1.67482
1.60421
1.56376
1.57944
1.60373
1.62952
1.65248
1.67493
1.70172
1.72813
1.75583
1.78491
1.81544
1.84751
1.88122
1.9167
1.95405
1.97849
2.03491
2.06188
5.06874
5.03604
5.00494
4.97547
4.94765
4.92145
4.89664
4.87345
4.85157
4.83132
4.8123
4.79476
4.77856
4.76371
4.7501
4.73783
4.72677
4.717
4.70854
4.70107
4.69521
4.69036
4.68664
2.56879
2.40288
2.25764
2.12381
1.97745
1.9137
1.82208
1.73924
1.66404
1.58025
1.59177
1.61169
1.64006
1.66472
1.68222
1.7095
1.74139
1.76947
1.79894
1.82989
1.8624
1.8966
1.93257
1.96619
2.01038
2.041
2.09317
5.09291
5.05997
5.02883
4.99918
4.97117
4.94488
4.91999
4.89666
4.87477
4.85427
4.8353
4.81767
4.80135
4.78643
4.77277
4.76042
4.74929
4.7395
4.73092
4.72354
4.71757
4.71274
4.70906
4.70665
2.49093
2.33116
2.23567
2.08039
1.9783
1.89908
1.80919
1.72784
1.65307
1.60725
1.62311
1.6472
1.67493
1.69778
1.72823
1.75014
1.78386
1.81376
1.84515
1.87814
1.91284
1.94935
1.98779
2.02833
2.06443
2.11258
5.11873
5.08549
5.05415
5.02444
4.99635
4.96984
4.94486
4.92145
4.89936
4.87888
4.85966
4.84199
4.82563
4.81049
4.79679
4.78443
4.77332
4.76344
4.75483
4.74753
4.7414
4.73655
4.73283
4.73028
4.72921
2.48106
2.31322
2.17857
2.09251
1.95536
1.86255
1.79707
1.71711
1.62569
1.63773
1.65784
1.68615
1.71631
1.74258
1.76679
1.79683
1.82938
1.86126
1.89475
1.92998
1.96706
2.00611
2.04399
2.08807
2.13848
5.14604
5.11271
5.08118
5.05132
5.02301
4.99633
4.97128
4.94769
4.92554
4.90491
4.8857
4.86776
4.8513
4.83623
4.8224
4.80994
4.79877
4.78885
4.78022
4.77281
4.7667
4.76177
4.75808
4.75563
4.75445
4.75445
2.45192
2.3313
2.15662
2.05156
1.96399
1.86088
1.78566
1.7066
1.65536
1.67174
1.69612
1.72878
1.75771
1.78568
1.8082
1.84586
1.87823
1.91226
1.94806
1.98574
2.02544
2.06592
2.11244
5.14604
5.17485
5.14152
5.10977
5.07972
5.05124
5.02444
4.9992
4.97553
4.95323
4.93254
4.91315
4.89519
4.87863
4.86331
4.8496
4.83698
4.8258
4.81579
4.80702
4.79962
4.7935
4.78853
4.78486
4.78241
4.7812
4.7812
4.78241
2.4321
2.30796
2.17771
2.05031
1.95474
1.86022
1.77484
1.67589
1.6887
1.7094
1.73817
1.77362
1.80167
1.83188
1.86321
1.89612
1.91474
1.96712
2.00545
2.04583
2.08881
5.14152
5.17485
5.20561
5.17193
5.13997
5.10979
5.08121
5.05419
5.02873
5.00491
4.98253
4.9617
4.94217
4.92415
4.90746
4.89225
4.87826
4.86566
4.85432
4.84423
4.83555
4.82793
4.8219
4.81682
4.81314
4.81066
4.80953
4.80953
4.81066
4.81314
4.81682
2.29063
2.15168
2.00457
1.93163
1.84863
1.76455
1.70861
1.72581
1.75093
1.78428
1.81928
1.84962
1.87401
1.91496
1.95016
1.9872
2.02621
2.06746
5.13997
5.17193
5.20561
5.23786
5.204
5.17185
5.14144
5.11264
5.08553
5.06004
5.03606
5.01344
4.99248
4.97291
4.95467
4.93796
4.92262
4.90853
4.89588
4.88442
4.87431
4.86559
4.85806
4.85177
4.84681
4.84297
4.84057
4.83932
4.83932
4.84057
4.84297
4.84681
4.85177
2.27336
2.14081
2.03075
1.92912
1.83758
1.7314
1.74523
1.76689
1.79661
1.83481
1.86828
1.89558
1.92801
1.96545
2.00836
2.04809
5.14144
5.17185
5.204
5.23786
5.27193
5.23792
5.20554
5.1749
5.14603
5.11866
5.09296
5.06885
5.04621
5.02504
5.0052
4.98688
4.97014
4.95467
4.94047
4.92775
4.91615
4.90612
4.89726
4.88972
4.88341
4.87834
4.87464
4.872
4.87086
4.87086
4.872
4.87464
4.87834
4.88341
4.88972
2.25576
2.12886
2.01723
1.90369
1.82704
1.7676
1.78594
1.81222
1.84679
1.88789
1.91894
1.94846
1.9778
2.02867
5.14603
5.1749
5.20554
5.23792
5.27193
