Label: Box
Position: -2.60768, 0.383038, 0.4326
Orientation (Quaternion): -0.885746, 0.231594, -0.396399, 0.0684572
5.27193
5.23792
5.20554
5.1749
5.14603
5.11866
5.09296
5.06885
5.04621
5.02504
5.0052
4.98688
4.97014
4.95467
4.94047
4.92775
4.91615
4.90612
4.89726
4.88972
4.88341
4.87834
4.87464
4.872
4.87086
4.87086
4.872
4.87464
2.14734
2.12018
2.08918
2.14577
2.19053
2.2389
2.27197
2.34919
2.39127
2.47016
2.53643
2.60706
2.67281
2.75378
2.84052
2.93365
5.11866
5.14603
5.1749
5.20554
5.23792
5.27193
5.23786
5.204
5.17185
5.14144
5.11264
5.08553
5.06004
5.03606
5.01344
4.99248
4.97291
4.95467
4.93796
4.92262
4.90853
4.89588
4.88442
4.87431
4.86559
4.85806
4.85177
4.84681
4.84297
4.84057
4.83932
4.83932
4.84057
2.17043
2.14646
2.12119
2.09545
2.09897
2.148
2.19293
2.23895
2.28571
2.35519
2.41493
2.47844
2.54605
2.60338
2.68106
2.77757
2.86595
2.94909
5.11264
5.14144
5.17185
5.204
5.23786
5.20561
5.17193
5.13997
5.10979
5.08121
5.05419
5.02873
5.00491
4.98253
4.9617
4.94217
4.92415
4.90746
4.89225
4.87826
4.86566
4.85432
4.84423
4.83555
4.82793
4.8219
4.81682
4.81314
4.81066
4.80953
4.80953
2.20602
2.16794
2.14628
2.12213
2.09715
2.07081
2.10028
2.15096
2.19362
2.23146
2.3055
2.36223
2.42382
2.48865
2.53886
2.61355
2.71024
2.79465
2.88524
5.08121
5.10979
5.13997
5.17193
5.20561
5.17485
5.14152
5.10977
5.07972
5.05124
5.02444
4.9992
4.97553
4.95323
4.93254
4.91315
4.89519
4.87863
4.86331
4.8496
4.83698
4.8258
4.81579
4.80702
4.79962
4.7935
4.78853
4.78486
4.78241
4.7812
2.24081
2.20338
2.17172
2.14715
2.12267
2.099
2.07444
2.05744
2.10745
2.15441
2.1949
2.24215
2.31376
2.37234
2.4181
2.50089
2.57155
2.64704
2.7278
2.798
2.90745
5.07972
5.10977
5.14152
5.17485
5.14604
5.11271
5.08118
5.05132
5.02301
4.99633
4.97128
4.94769
4.92554
4.90491
4.8857
4.86776
4.8513
4.83623
4.8224
4.80994
4.79877
4.78885
4.78022
4.77281
4.7667
4.76177
4.75808
4.75563
2.27684
2.23771
2.21424
2.18425
2.1556
2.12239
2.10046
2.07708
2.05125
2.0541
2.11573
2.15796
2.19526
2.26736
2.32375
2.3774
2.44734
2.51521
2.58763
2.66505
2.74798
2.83699
5.05132
5.08118
5.11271
5.14604
5.11873
5.08549
5.05415
5.02444
4.99635
4.96984
4.94486
4.92145
4.89936
4.87888
4.85966
4.84199
4.82563
4.81049
4.79679
4.78443
4.77332
4.76344
4.75483
4.74753
4.7414
4.73655
4.73283
2.31701
2.27431
2.24935
2.21783
2.18774
2.159
2.13154
2.10123
2.07938
2.05628
2.03374
2.07798
2.1211
2.16115
2.22349
2.26504
2.33553
2.38934
2.46213
2.53173
2.60608
2.68471
2.77092
2.86256
5.05415
5.08549
5.11873
5.09291
5.05997
5.02883
4.99918
4.97117
4.94488
4.91999
4.89666
4.87477
4.85427
4.8353
4.81767
4.80135
4.78643
4.77277
4.76042
4.74929
4.7395
4.73092
4.72354
4.71757
4.71274
2.35799
2.32155
2.2868
2.25364
2.222
2.19179
2.16294
2.13537
2.10904
2.08112
2.05942
2.03505
2.02604
2.068
2.12655
2.16335
2.22731
2.29008
2.34919
2.41207
2.47906
2.55056
2.627
2.70888
2.79676
5.02883
5.05997
5.09291
5.06874
5.03604
5.00494
4.97547
4.94765
4.92145
4.89664
4.87345
4.85157
4.83132
4.8123
4.79476
4.77856
4.76371
4.7501
4.73783
4.72677
4.717
4.70854
4.70107
4.69521
2.40172
2.36332
2.32672
2.29182
2.25852
2.22674
2.1964
2.16742
2.13974
2.11329
2.08621
2.06206
2.0406
2.01617
2.04948
2.09474
2.13161
2.19335
2.24709
2.28316
2.36481
2.42939
2.49826
2.57182
2.65055
2.73497
2.8257
5.03604
5.06874
5.04619
5.01352
4.98256
4.95323
4.92557
4.89943
4.87474
4.85166
4.82996
4.8097
4.79087
4.77336
4.75715
4.74226
4.72885
4.71665
4.70553
4.69587
4.68742
4.68019
2.43882
2.4079
2.36931
2.33253
2.29746
2.26399
2.23206
2.20157
2.17245
2.14464
2.11807
2.09267
2.06579
2.04404
2.02147
2.00632
2.059
2.08547
2.13564
2.19428
2.25949
2.32016
2.38248
2.44892
2.51982
2.59564
2.67687
2.75631
2.85792
5.04619
5.02494
4.9924
4.96167
4.93248
4.90468
4.87884
4.85427
4.83133
4.80973
4.7895
4.77078
4.75334
4.73726
4.72251
4.70902
4.69682
4.68589
4.67623
4.66783
2.49827
2.44563
2.41476
2.37597
2.33898
2.30372
2.27008
2.23797
2.20732
2.17804
2.15008
2.12337
2.09784
2.07345
2.04684
2.02707
2.00247
2.02507
2.06716
2.10122
2.16789
2.22126
2.27793
2.33818
2.40235
2.47078
2.54391
2.61369
2.70614
2.7964
5.02494
5.00522
4.9729
4.94222
4.91316
4.88557
4.85973
4.83533
4.81234
4.79087
4.77075
4.75204
4.73471
4.71866
4.70399
4.69059
4.67841
4.66748
4.65784
2.5516
2.50636
2.46331
2.42233
2.3833
2.3461
2.31062
2.27677
2.24447
2.21364
2.18419
2.15607
2.1292
2.10353
2.07899
2.05555
2.03077
2.01021
1.99171
2.03646
2.07863
2.11995
2.17745
2.23369
2.29629
2.35009
2.42449
2.48623
2.57065
2.65161
2.73857
2.83217
4.98698
4.95475
4.92416
4.89523
4.86777
4.8419
4.81768
4.79475
4.77328
4.75335
4.7347
4.71728
4.70143
4.68682
4.67339
4.66129
4.65052
2.60867
2.56075
2.5152
2.47186
2.43061
2.39131
2.35386
2.31816
2.28409
2.25159
2.22056
2.19092
2.16262
2.13558
2.10974
2.08505
2.06146
2.03891
2.01565
1.99172
1.98728
2.04937
2.08953
2.14177
2.20012
2.23535
2.30094
2.37174
2.44825
2.52206
2.60024
2.68413
2.77436
4.97017
4.93796
4.9075
4.87866
4.85138
4.82554
4.80137
4.77857
4.75715
4.73715
4.7186
4.70148
4.68555
4.67088
4.65764
4.64554
2.66978
2.61897
2.5707
2.52481
2.48116
2.43961
2.40003
2.36231
2.32635
2.29205
2.25932
2.22807
2.19823
2.16973
2.14251
2.11649
2.09163
2.06787
2.04517
2.01385
2.00109
1.98082
2.01785
2.06387
2.1126
2.15499
2.20413
2.26842
2.33777
2.40554
2.47619
2.55179
2.63285
2.71995
4.95469
4.9226
4.89222
4.86341
4.83624
4.81046
4.7864
4.76369
4.74232
4.72243
4.70392
4.68681
4.67094
4.65636
4.64313
2.72783
2.68135
2.63013
2.58146
2.53521
2.49121
2.44933
2.40945
2.37145
2.33521
2.30065
2.26767
2.23619
2.20613
2.17742
2.14999
2.12378
2.09874
2.07481
2.05193
2.03008
2.0062
1.98349
1.97602
2.02287
2.07005
2.13023
2.17587
2.23789
2.30027
2.3644
2.43286
2.50607
2.5845
2.66871
4.94054
4.90857
4.87823
4.84961
4.82245
4.79687
4.7727
4.75006
4.72882
4.70901
4.69057
4.6734
4.65762
4.64301
4.62973
4.61783
2.69382
2.63552
2.59306
2.54641
2.50204
2.45981
2.4196
2.38128
2.34475
2.3099
2.27666
2.24492
2.21462
2.18568
2.15804
2.13162
2.10638
2.08226
2.05921
2.03718
2.01613
1.99398
1.97295
2.00306
2.04354
2.098
2.14977
2.20476
2.26323
2.32549
2.39191
2.46289
2.53888
2.6204
4.92773
4.89582
4.86567
4.83695
4.80995
4.78445
4.76041
4.73765
4.71658
4.69681
4.6784
4.66126
4.64556
4.6311
4.61789
4.60594
2.70221
2.65147
2.6055
2.55842
2.51366
2.46555
2.43048
2.39182
2.35497
2.31983
2.28629
2.25429
2.22373
2.19454
2.16666
2.14003
2.11457
2.09025
2.067
2.04478
2.02356
2.00327
1.97752
1.96825
2.01408
2.06739
2.11779
2.17129
2.22814
2.28866
2.35318
2.42208
2.4958
2.57483
4.91617
4.88441
4.85422
4.82565
4.79877
4.77328
4.7493
4.72671
4.70563
4.68585
4.66748
4.65041
4.63475
4.62035
4.60713
4.59521
2.72152
2.66884
2.6167
2.57128
2.52608
2.48307
2.44211
2.40276
2.3659
2.33043
2.29659
2.26429
2.23346
2.20401
2.17588
2.149
2.12332
2.09877
2.07532
2.0529
2.03148
2.01102
1.98881
1.96767
1.99198
2.03833
2.08744
2.13955
2.1949
2.25379
2.31653
2.38349
2.4551
2.5318
4.90614
4.8743
4.84431
4.8158
4.78888
4.76339
4.7393
4.71695
4.69593
4.67622
4.65791
4.64093
4.62521
4.61077
4.59766
4.5857
4.57502
2.67633
2.63057
2.58499
2.53322
2.49589
2.45452
2.41511
2.37755
2.34173
2.30757
2.27496
2.24382
2.21409
2.18569
2.15856
2.13263
2.10785
2.08417
2.06155
2.03992
2.01926
1.99067
1.97043
1.96347
2.01074
2.05864
2.10453
2.16339
2.22075
2.28183
2.34699
2.41662
2.49117
4.89723
4.86553
4.83546
4.80711
4.78015
4.75473
4.7309
4.70845
4.68731
4.66778
4.64942
4.63248
4.61687
4.60246
4.58934
4.57748
4.56682
4.55734
2.64814
2.59959
2.55343
2.50952
2.46771
2.42789
2.38994
2.35375
2.31923
2.28629
2.25483
2.2248
2.19611
2.16871
2.14252
2.11749
2.09358
2.07072
2.04888
2.02801
2.00437
1.98645
1.96516
1.98454
2.03129
2.06581
2.13352
2.18945
2.24898
2.31245
2.38024
2.45277
4.88972
4.858
4.82802
4.79963
4.77285
4.74753
4.72364
4.7012
4.68023
4.66058
4.64217
4.6253
4.60972
4.59529
4.5821
4.57036
4.55974
4.55032
2.6642
2.60842
2.5684
2.52399
2.48172
2.44146
2.40308
2.3665
2.3316
2.2983
2.26651
2.23616
2.20716
2.17946
2.153
2.12771
2.10354
2.08044
2.05837
2.03305
2.01713
1.99788
1.97486
1.96134
2.00537
2.0538
2.10519
2.15978
2.21786
2.27976
2.34582
2.41647
4.88335
4.85182
4.82186
4.79351
4.76673
4.74142
4.71757
4.69517
4.67415
4.65454
4.63631
4.61944
4.60381
4.5894
4.57631
4.56452
4.55383
4.54452
4.53629
2.63151
2.58426
2.53933
2.49655
2.45582
2.417
2.38
2.34469
2.31102
2.27886
2.24817
2.21885
2.19084
2.16408
2.13851
2.11407
2.09072
2.06367
2.04707
2.02669
2.00723
1.98864
1.96603
1.96411
2.02809
2.06726
2.13166
2.18838
2.2488
2.31326
2.38205
4.87837
4.84678
4.81696
4.78858
4.76172
4.73654
4.71272
4.69035
4.66938
4.64976
4.63146
4.61461
4.59903
4.5847
4.57155
4.55984
4.54919
4.53979
4.53163
2.6489
2.60105
2.55555
2.51224
2.471
2.43171
2.39426
2.35854
2.32446
2.29192
2.26086
2.2312
2.20285
2.17578
2.14991
2.12519
2.09634
2.07898
2.0574
2.03679
2.01709
1.99828
1.9786
1.96172
2.0037
2.05139
2.105
2.16026
2.21904
2.28192
2.34289
4.87451
4.84302
4.81305
4.78486
4.75808
4.73288
4.70899
4.68675
4.66579
4.64624
4.62791
4.61109
4.59551
4.5812
4.56808
4.55632
4.5456
4.53626
4.52811
4.52111
2.61878
2.56609
2.5288
2.48704
2.44724
2.40931
2.37314
2.33863
2.30569
2.27425
2.24422
2.21553
2.18812
2.16193
2.1312
2.11299
2.09013
2.06829
2.04742
2.02748
2.00844
1.99026
1.96764
1.96479
2.02867
2.06215
2.13398
2.19089
2.25278
2.30802
4.87209
4.84054
4.81064
4.78238
4.75568
4.73044
4.70656
4.68427
4.66335
4.64374
4.62561
4.6087
4.5931
4.57879
4.56561
4.55392
4.5434
4.53399
4.52582
4.51876
2.63749
2.58753
2.54628
2.50394
2.46361
2.42262
2.38853
2.35357
2.3202
2.28834
2.25792
2.22887
2.2011
2.17042
2.14923
2.12501
2.10186
2.07973
2.05859
2.0384
2.01859
1.99974
1.98087
1.96452
2.00472
2.05156
2.10302
2.16495
2.21607
4.87209
4.87073
4.83939
4.80942
4.78106
4.75444
4.72918
4.70545
4.68307
4.66219
4.64247
4.62437
4.60752
4.59186
4.57765
4.56458
4.55279
4.54218
4.53279
4.52458
4.51766
4.51184
2.60979
2.56469
2.52175
2.48085
2.43681
2.40473
2.36928
2.33546
2.30317
2.27234
2.24289
2.21052
2.18788
2.16219
2.13764
2.11396
2.09095
2.06906
2.04987
2.02846
2.01165
1.99182
1.97619
1.97209
2.02996
2.08516
4.80942
4.83939
4.87073
4.87073
4.83939
4.80942
4.78106
4.75444
4.72918
4.70545
4.68307
4.66219
4.64247
4.62437
4.60752
4.59186
4.57765
4.56458
4.55279
4.54218
4.53279
4.52458
4.51766
4.51184
2.62983
2.58405
2.54049
2.49899
2.4521
2.42176
2.3858
2.3515
2.31875
2.28749
2.25762
2.22909
2.20053
2.17313
2.1472
2.12268
2.1012
2.08018
2.0594
2.04175
2.02089
2.00507
1.98666
1.97048
2.01157
4.78106
4.80942
4.83939
4.87073
4.87209
4.84054
4.81064
4.78238
4.75568
4.73044
4.70656
4.68427
4.66335
4.64374
4.62561
4.6087
4.5931
4.57879
4.56561
4.55392
4.5434
4.53399
4.52582
4.51876
4.51288
2.65092
2.60443
2.56018
2.51805
2.46859
2.43965
2.40316
2.36834
2.33511
2.30338
2.26823
2.23779
2.20898
2.1817
2.15591
2.13153
2.10851
2.08678
2.06631
2.04805
2.02896
2.01268
1.9989
1.977
4.75568
4.78238
4.81064
4.84054
4.87209
4.87451
4.84302
4.81305
4.78486
4.75808
4.73288
4.70899
4.68675
4.66579
4.64624
4.62791
4.61109
4.59551
4.5812
4.56808
4.55632
4.5456
4.53626
4.52811
4.52111
4.51526
4.51064
2.62583
2.58086
2.53806
2.49298
2.45827
2.42136
2.38601
2.34225
2.30843
2.2764
2.2599
2.23182
2.205
2.17937
2.15487
2.13145
2.10908
2.07562
2.06728
2.03861
2.02981
4.70899
4.73288
4.75808
4.78486
4.81305
4.84302
4.87451
4.87837
4.84678
4.81696
4.78858
4.76172
4.73654
4.71272
4.69035
4.66938
4.64976
4.63146
4.61461
4.59903
4.5847
4.57155
4.55984
4.54919
4.53979
4.53163
4.52461
4.51881
4.51417
4.51064
2.60258
2.54544
2.51761
2.47812
2.44046
2.40453
2.37024
2.33752
2.30627
2.27536
2.24789
2.22065
2.19461
2.16973
2.14595
2.12322
2.1015
4.64976
4.66938
4.69035
4.71272
4.73654
4.76172
4.78858
4.81696
4.84678
4.87837
4.88335
4.85182
4.82186
4.79351
4.76673
4.74142
4.71757
4.69517
4.67415
4.65454
4.63631
4.61944
4.60381
4.5894
4.57631
4.56452
4.55383
4.54452
4.53629
4.52923
4.52344
4.51881
4.51525
2.62389
2.58109
2.53892
2.49876
2.46046
2.42394
2.38908
2.35581
2.32405
2.2937
2.26472
2.23703
2.21057
2.18527
2.16112
4.61944
4.63631
4.65454
4.67415
4.69517
4.71757
4.74142
4.76673
4.79351
4.82186
4.85182
4.88335
4.88972
4.858
4.82802
4.79963
4.77285
4.74753
4.72364
4.7012
4.68023
4.66058
4.64217
4.6253
4.60972
4.59529
4.5821
4.57036
4.55974
4.55032
4.54212
4.53508
4.52929
4.52461
4.52112
2.64924
2.60417
2.56127
2.52039
2.48142
2.44426
2.4088
2.37496
2.34265
2.31179
2.28231
2.25415
2.22724
4.59529
4.60972
4.6253
4.64217
4.66058
4.68023
4.7012
4.72364
4.74753
4.77285
4.79963
4.82802
4.858
4.88972
4.89723
4.86553
4.83546
4.80711
4.78015
4.75473
4.7309
4.70845
4.68731
4.66778
4.64942
4.63248
4.61687
4.60246
4.58934
4.57748
4.56682
4.55734
4.54905
4.54197
4.53631
4.53154
4.52813
4.52579
2.62871
2.58037
2.54304
2.50336
2.46552
2.42528
2.39499
2.3621
2.3307
4.56682
4.57748
4.58934
4.60246
4.61687
4.63248
4.64942
4.66778
4.68731
4.70845
4.7309
4.75473
4.78015
4.80711
4.83546
4.86553
4.89723
4.90614
4.8743
4.84431
4.8158
4.78888
4.76339
4.7393
4.71695
4.69593
4.67622
4.65791
4.64093
4.62521
4.61077
4.59766
4.5857
4.57502
4.56553
4.5574
4.55033
4.54443
4.53978
4.53619
4.53395
4.5328
2.60744
2.56674
2.52631
2.48778
2.45101
2.4156
4.5574
4.56553
4.57502
4.5857
4.59766
4.61077
4.62521
4.64093
4.65791
4.67622
4.69593
4.71695
4.7393
4.76339
4.78888
4.8158
4.84431
4.8743
4.90614
4.91617
4.88441
4.85422
4.82565
4.79877
4.77328
4.7493
4.72671
4.70563
4.68585
4.66748
4.65041
4.63475
4.62035
4.60713
4.59521
4.58447
4.57505
4.56674
4.55969
4.55388
4.54908
4.54568
4.54334
4.54219
2.63671
2.59155
2.55034
4.54908
4.55388
4.55969
4.56674
4.57505
4.58447
4.59521
4.60713
4.62035
4.63475
4.65041
4.66748
4.68585
4.70563
4.72671
4.7493
4.77328
4.79877
4.82565
4.85422
4.88441
4.91617
4.92773
4.89582
4.86567
4.83695
4.80995
4.78445
4.76041
4.73765
4.71658
4.69681
4.6784
4.66126
4.64556
4.6311
4.61789
4.60594
4.59518
4.58574
4.57738
4.57035
4.5645
4.55976
4.55622
4.55391
4.55281
4.55281
4.55391
4.55622
4.55976
4.5645
4.57035
4.57738
4.58574
4.59518
4.60594
4.61789
4.6311
4.64556
4.66126
4.6784
4.69681
4.71658
4.73765
4.76041
4.78445
4.80995
4.83695
4.86567
4.89582
4.92773
4.94054
4.90857
4.87823
4.84961
4.82245
4.79687
4.7727
4.75006
4.72882
4.70901
4.69057
4.6734
4.65762
4.64301
4.62973
4.61783
4.60712
4.5976
4.58933
4.58218
4.57625
4.5715
4.56805
4.56577
4.56457
4.56457
4.56577
4.56805
4.5715
4.57625
4.58218
4.58933
4.5976
4.60712
4.61783
4.62973
4.64301
4.65762
4.6734
4.69057
4.70901
4.72882
4.75006
4.7727
4.79687
4.82245
4.84961
4.87823
4.90857
4.94054
4.95469
4.9226
4.89222
4.86341
4.83624
4.81046
4.7864
4.76369
4.74232
4.72243
4.70392
4.68681
4.67094
4.65636
4.64313
4.63105
4.62028
4.61072
4.60242
4.59523
4.5894
4.58464
4.58117
4.57871
4.57768
4.57768
4.57871
4.58117
4.58464
4.5894
4.59523
4.60242
4.61072
4.62028
4.63105
4.64313
4.65636
4.67094
4.68681
4.70392
4.72243
4.74232
4.76369
4.7864
4.81046
4.83624
4.86341
4.89222
4.9226
4.95469
4.97017
4.93796
4.9075
4.87866
4.85138
4.82554
4.80137
4.77857
4.75715
4.73715
4.7186
4.70148
4.68555
4.67088
4.65764
4.64554
4.63475
4.62513
4.61676
4.60959
4.60381
4.59904
4.59535
4.59312
4.59194
4.59194
4.59312
4.59535
4.59904
4.60381
4.60959
4.61676
4.62513
4.63475
4.64554
4.65764
4.67088
4.68555
4.70148
4.7186
4.73715
4.75715
4.77857
4.80137
4.82554
4.85138
4.87866
4.9075
4.93796
4.97017
4.98698
4.95475
4.92416
4.89523
4.86777
4.8419
4.81768
4.79475
4.77328
4.75335
4.7347
4.71728
4.70143
4.68682
4.67339
4.66129
4.65052
4.64086
4.6324
4.62524
4.61944
4.61467
4.61109
4.60872
4.60747
4.60747
4.60872
4.61109
4.61467
4.61944
4.62524
4.6324
4.64086
4.65052
4.66129
4.67339
4.68682
4.70143
4.71728
4.7347
4.75335
4.77328
4.79475
4.81768
4.8419
4.86777
4.89523
4.92416
4.95475
4.98698
5.00522
4.9729
4.94222
4.91316
4.88557
4.85973
4.83533
4.81234
4.79087
4.77075
4.75204
4.73471
4.71866
4.70399
4.69059
4.67841
4.66748
4.65784
4.64953
4.64231
4.63636
4.6316
4.62799
4.62561
4.62433
4.62433
4.62561
4.62799
4.6316
4.63636
4.64231
4.64953
4.65784
4.66748
4.67841
4.69059
4.70399
4.71866
4.73471
4.75204
4.77075
4.79087
4.81234
4.83533
4.85973
4.88557
4.91316
4.94222
4.9729
5.00522
5.02494
4.9924
4.96167
4.93248
4.90468
4.87884
4.85427
4.83133
4.80973
4.7895
4.77078
4.75334
4.73726
4.72251
4.70902
4.69682
4.68589
4.67623
4.66783
4.66062
4.65463
4.64971
4.64622
4.64383
4.64267
4.64267
4.64383
4.64622
4.64971
4.65463
4.66062
4.66783
4.67623
4.68589
4.69682
4.70902
4.72251
4.73726
4.75334
4.77078
4.7895
4.80973
4.83133
4.85427
4.87884
4.90468
4.93248
4.96167
4.9924
5.02494
5.04619
5.01352
4.98256
4.95323
4.92557
4.89943
4.87474
4.85166
4.82996
4.8097
4.79087
4.77336
4.75715
4.74226
4.72885
4.71665
4.70553
4.69587
4.68742
4.68019
4.67415
4.66937
4.66578
4.66335
4.66211
4.66211
4.66335
4.66578
4.66937
4.67415
4.68019
4.68742
4.69587
4.70553
4.71665
4.72885
4.74226
4.75715
4.77336
4.79087
4.8097
4.82996
4.85166
4.87474
4.89943
4.92557
4.95323
4.98256
5.01352
5.04619
5.06874
5.03604
5.00494
4.97547
4.94765
4.92145
4.89664
4.87345
4.85157
4.83132
4.8123
4.79476
4.77856
4.76371
4.7501
4.73783
4.72677
4.717
4.70854
4.70107
4.69521
4.69036
4.68664
4.68433
4.68308
4.68308
4.68433
4.68664
4.69036
4.69521
4.70107
4.70854
4.717
4.72677
4.73783
4.7501
4.76371
4.77856
4.79476
4.8123
4.83132
4.85157
4.87345
4.89664
4.92145
4.94765
4.97547
5.00494
5.03604
5.06874
5.09291
5.05997
5.02883
4.99918
4.97117
4.94488
4.91999
4.89666
4.87477
4.85427
4.8353
4.81767
4.80135
4.78643
4.77277
4.76042
4.74929
4.7395
4.73092
4.72354
4.71757
4.71274
4.70906
4.70665
4.7055
4.7055
4.70665
4.70906
4.71274
4.71757
4.72354
4.73092
4.7395
4.74929
4.76042
4.77277
4.78643
4.80135
4.81767
4.8353
4.85427
4.87477
4.89666
4.91999
4.94488
4.97117
4.99918
5.02883
5.05997
5.09291
5.11873
5.08549
5.05415
5.02444
4.99635
4.96984
4.94486
4.92145
4.89936
4.87888
4.85966
4.84199
4.82563
4.81049
4.79679
4.78443
4.77332
4.76344
4.75483
4.74753
4.7414
4.73655
4.73283
4.73028
4.72921
4.72921
4.73028
4.73283
4.73655
4.7414
4.74753
4.75483
4.76344
4.77332
4.78443
4.79679
4.81049
4.82563
4.84199
4.85966
4.87888
4.89936
4.92145
4.94486
4.96984
4.99635
5.02444
5.05415
5.08549
5.11873
5.14604
5.11271
5.08118
5.05132
5.02301
4.99633
4.97128
4.94769
4.92554
4.90491
4.8857
4.86776
4.8513
4.83623
4.8224
4.80994
4.79877
4.78885
4.78022
4.77281
4.7667
4.76177
4.75808
4.75563
4.75445
4.75445
4.75563
4.75808
4.76177
4.7667
4.77281
4.78022
4.78885
4.79877
4.80994
4.8224
4.83623
4.8513
4.86776
4.8857
4.90491
4.92554
4.94769
4.97128
4.99633
5.02301
5.05132
5.08118
5.11271
5.14604
5.17485
5.14152
5.10977
5.07972
5.05124
5.02444
4.9992
4.97553
4.95323
4.93254
4.91315
4.89519
4.87863
4.86331
4.8496
4.83698
4.8258
4.81579
4.80702
4.79962
4.7935
4.78853
4.78486
4.78241
4.7812
4.7812
4.78241
4.78486
4.78853
4.7935
4.79962
4.80702
4.81579
4.8258
4.83698
4.8496
4.86331
4.87863
4.89519
4.91315
4.93254
4.95323
4.97553
4.9992
5.02444
5.05124
5.07972
5.10977
5.14152
5.17485
5.20561
5.17193
5.13997
5.10979
5.08121
5.05419
5.02873
5.00491
4.98253
4.9617
4.94217
4.92415
4.90746
4.89225
4.87826
4.86566
4.85432
4.84423
4.83555
4.82793
4.8219
4.81682
4.81314
4.81066
4.80953
4.80953
4.81066
4.81314
4.81682
4.8219
4.82793
4.83555
4.84423
4.85432
4.86566
4.87826
4.89225
4.90746
4.92415
4.94217
4.9617
4.98253
5.00491
5.02873
5.05419
5.08121
5.10979
5.13997
5.17193
5.20561
5.23786
5.204
5.17185
5.14144
5.11264
5.08553
5.06004
5.03606
5.01344
4.99248
4.97291
4.95467
4.93796
4.92262
4.90853
4.89588
4.88442
4.87431
4.86559
4.85806
4.85177
4.84681
4.84297
4.84057
4.83932
4.83932
4.84057
4.84297
4.84681
4.85177
4.85806
4.86559
4.87431
4.88442
4.89588
4.90853
4.92262
4.93796
4.95467
4.97291
4.99248
5.01344
5.03606
5.06004
5.08553
5.11264
5.14144
5.17185
5.204
5.23786
5.27193
5.23792
5.20554
5.1749
5.14603
5.11866
5.09296
5.06885
5.04621
5.02504
5.0052
4.98688
4.97014
4.95467
4.94047
4.92775
4.91615
4.90612
4.89726
4.88972
4.88341
4.87834
4.87464
4.872
4.87086
4.87086
4.872
4.87464
4.87834
4.88341
4.88972
4.89726
4.90612
4.91615
4.92775
4.94047
4.95467
4.97014
4.98688
5.0052
5.02504
5.04621
5.06885
5.09296
5.11866
5.14603
5.1749
5.20554
5.23792
5.27193
