Label: Box
Position: -2.59597, 0.301126, -0.731925
Orientation (Quaternion): 0.693504, 0.192202, 0.577086, -0.386111
5.27193
5.23792
5.20554
5.1749
5.14603
5.11866
5.09296
5.06885
5.04621
2.83454
2.81184
2.79001
2.76411
2.73622
2.70959
4.92775
4.91615
4.90612
4.89726
4.88972
4.88341
4.87834
4.87464
4.872
4.87086
4.87086
4.872
4.87464
4.87834
4.88341
4.88972
4.89726
4.90612
4.91615
4.92775
4.94047
4.95467
4.97014
4.98688
5.0052
5.02504
5.04621
5.06885
5.09296
5.11866
5.14603
5.1749
5.20554
5.23792
5.27193
5.23786
5.204
5.17185
5.14144
5.11264
5.08553
2.84293
2.81365
2.78319
2.74001
2.71812
2.69707
2.67627
2.64986
2.62464
4.89588
4.88442
4.87431
4.86559
4.85806
4.85177
4.84681
4.84297
4.84057
4.83932
4.83932
4.84057
4.84297
4.84681
4.85177
4.85806
4.86559
4.87431
4.88442
4.89588
4.90853
4.92262
4.93796
4.95467
4.97291
4.99248
5.01344
5.03606
5.06004
5.08553
5.11264
5.14144
5.17185
5.204
5.23786
5.20561
5.17193
2.91931
2.87976
2.84153
2.80592
2.75024
2.72281
2.69597
2.66622
2.63161
2.61124
2.59162
2.56947
2.54553
2.52282
4.85432
4.84423
4.83555
4.82793
4.8219
4.81682
4.81314
4.81066
4.80953
4.80953
4.81066
4.81314
4.81682
4.8219
4.82793
4.83555
4.84423
4.85432
4.86566
4.87826
4.89225
4.90746
4.92415
4.94217
4.9617
4.98253
5.00491
5.02873
5.05419
5.08121
5.10979
5.13997
5.17193
5.20561
2.8892
2.86679
2.8274
2.78978
2.75385
2.71951
2.66392
2.63817
2.61297
2.58831
2.55411
2.53183
2.51279
2.49445
2.47171
2.44997
4.8258
4.81579
4.80702
4.79962
4.7935
4.78853
4.78486
4.78241
4.7812
4.7812
4.78241
4.78486
4.78853
4.7935
4.79962
4.80702
4.81579
4.8258
4.83698
4.8496
4.86331
4.87863
4.89519
4.91315
4.93254
4.95323
4.97553
4.9992
5.02444
5.05124
5.07972
5.10977
5.14152
5.17485
2.81877
2.77944
2.74189
2.70602
2.6635
2.63902
2.60773
2.55913
2.53544
2.51224
2.48952
2.45824
2.43971
2.42185
2.40269
2.38197
4.79877
4.78885
4.78022
4.77281
4.7667
4.76177
4.75808
4.75563
4.75445
4.75445
4.75563
4.75808
4.76177
4.7667
4.77281
4.78022
4.78885
4.79877
4.80994
4.8224
4.83623
4.8513
4.86776
4.8857
4.90491
4.92554
4.94769
4.97128
4.99633
5.02301
5.05132
5.08118
5.11271
5.14604
2.73561
2.69804
2.66216
2.62789
2.59514
2.56385
2.53396
2.50539
2.46286
2.44101
2.4196
2.39862
2.37186
2.35444
2.33763
2.31825
2.30023
4.76344
4.75483
4.74753
4.7414
4.73655
4.73283
4.73028
4.72921
4.72921
4.73028
4.73283
4.73655
4.7414
4.74753
4.75483
4.76344
4.77332
4.78443
4.79679
4.81049
4.82563
4.84199
4.85966
4.87888
4.89936
4.92145
4.94486
4.96984
4.99635
5.02444
5.05415
5.08549
5.11873
2.65799
2.62202
2.58767
2.55486
2.52352
2.49356
2.46494
2.43757
2.41144
2.37418
2.35399
2.33419
2.31477
2.29174
2.2753
2.25845
2.24041
4.7395
4.73092
4.72354
4.71757
4.71274
4.70906
4.70665
4.7055
4.7055
4.70665
4.70906
4.71274
4.71757
4.72354
4.73092
4.7395
4.74929
4.76042
4.77277
4.78643
4.80135
4.81767
4.8353
4.85427
4.87477
4.89666
4.91999
4.94488
4.97117
4.99918
5.02883
5.05997
5.09291
2.58539
2.5509
2.51797
2.48649
2.45644
2.4277
2.40024
2.374
2.34892
2.31136
2.29229
2.27359
2.25932
2.23724
2.21726
2.20169
2.18496
4.717
4.70854
4.70107
4.69521
4.69036
4.68664
4.68433
4.68308
4.68308
4.68433
4.68664
4.69036
4.69521
4.70107
4.70854
4.717
4.72677
4.73783
4.7501
4.76371
4.77856
4.79476
4.8123
4.83132
4.85157
4.87345
4.89664
4.92145
4.94765
4.97547
5.00494
5.03604
5.06874
2.51739
2.48426
2.45261
2.42238
2.3935
2.36588
2.33949
2.31428
2.27061
2.25222
2.23419
2.22418
2.20413
2.18214
2.16541
2.14786
2.13274
4.69587
4.68742
4.68019
4.67415
4.66937
4.66578
4.66335
4.66211
4.66211
4.66335
4.66578
4.66937
4.67415
4.68019
4.68742
4.69587
4.70553
4.71665
4.72885
4.74226
4.75715
4.77336
4.79087
4.8097
4.82996
4.85166
4.87474
4.89943
4.92557
4.95323
4.98256
5.01352
5.04619
2.45357
2.4217
2.39125
2.36216
2.33436
2.30779
2.28239
2.25813
2.23495
2.2128
2.17939
2.17143
2.14625
2.13013
2.11618
2.09873
2.08307
2.06842
4.66783
4.66062
4.65463
4.64971
4.64622
4.64383
4.64267
4.64267
4.64383
4.64622
4.64971
4.65463
4.66062
4.66783
4.67623
4.68589
4.69682
4.70902
4.72251
4.73726
4.75334
4.77078
4.7895
4.80973
4.83133
4.85427
4.87884
4.90468
4.93248
4.96167
4.9924
5.02494
2.3936
2.36289
2.33354
2.30551
2.27871
2.2531
2.22862
2.20525
2.1829
2.16156
2.14117
2.1217
2.10312
2.08539
2.06598
2.05237
2.03673
2.02244
4.64953
4.64231
4.63636
4.6316
4.62799
4.62561
4.62433
4.62433
4.62561
4.62799
4.6316
4.63636
4.64231
4.64953
4.65784
4.66748
4.67841
4.69059
4.70399
4.71866
4.73471
4.75204
4.77075
4.79087
4.81234
4.83533
4.85973
4.88557
4.91316
4.94222
4.9729
5.00522
2.33716
2.30752
2.2792
2.25214
2.22628
2.20156
2.17794
2.15537
2.13381
2.11205
2.08387
2.06455
2.05157
2.03745
2.01831
2.0064
1.9925
1.97897
4.6324
4.62524
4.61944
4.61467
4.61109
4.60872
4.60747
4.60747
4.60872
4.61109
4.61467
4.61944
4.62524
4.6324
4.64086
4.65052
4.66129
4.67339
4.68682
4.70143
4.71728
4.7347
4.75335
4.77328
4.79475
4.81768
4.8419
4.86777
4.89523
4.92416
4.95475
4.98698
2.28398
2.25533
2.22796
2.20181
2.17681
2.15292
2.11737
2.09943
2.08152
2.0638
2.04636
2.02929
2.01265
1.99648
1.96948
1.96788
1.97347
1.98099
1.98892
4.60959
4.60381
4.59904
4.59535
4.59312
4.59194
4.59194
4.59312
4.59535
4.59904
4.60381
4.60959
4.61676
4.62513
4.63475
4.64554
4.65764
4.67088
4.68555
4.70148
4.7186
4.73715
4.75715
4.77857
4.80137
4.82554
4.85138
4.87866
4.9075
4.93796
4.97017
2.2338
2.2026
2.16707
2.14642
2.12549
2.10458
2.08392
2.06367
2.0436
2.02434
2.00595
1.97812
1.97495
1.9723
1.98615
1.99171
1.99755
2.00344
2.01047
4.59523
4.5894
4.58464
4.58117
4.57871
4.57768
4.57768
4.57871
4.58117
4.58464
4.5894
4.59523
4.60242
4.61072
4.62028
4.63105
4.64313
4.65636
4.67094
4.68681
4.70392
4.72243
4.74232
4.76369
4.7864
4.81046
4.83624
4.86341
4.89222
4.9226
4.95469
2.18225
2.15856
2.13387
2.10935
2.08591
2.06351
2.04209
2.02165
1.99204
1.98726
1.98302
1.99635
1.99981
1.99603
2.00958
2.01129
2.02111
2.02771
2.03366
4.58218
4.57625
4.5715
4.56805
4.56577
4.56457
4.56457
4.56577
4.56805
4.5715
4.57625
4.58218
4.58933
4.5976
4.60712
4.61783
4.62973
4.64301
4.65762
4.6734
4.69057
4.70901
4.72882
4.75006
4.7727
4.79687
4.82245
4.84961
4.87823
4.90857
4.94054
2.14157
2.11552
2.09062
2.06682
2.04409
2.01141
2.00496
1.99908
2.01103
2.01351
2.01601
2.02002
2.02407
2.02866
2.0338
2.03475
2.04573
2.05254
2.05754
2.06713
4.5645
4.55976
4.55622
4.55391
4.55281
4.55281
4.55391
4.55622
4.55976
4.5645
4.57035
4.57738
4.58574
4.59518
4.60594
4.61789
4.6311
4.64556
4.66126
4.6784
4.69681
4.71658
4.73765
4.76041
4.78445
4.80995
4.83695
4.86567
4.89582
4.92773
2.09915
2.07385
2.03646
2.02826
2.02066
2.03053
2.0316
2.03317
2.03527
2.0379
2.04106
2.04476
2.04899
2.05378
2.05912
2.06501
2.06783
2.07852
2.08614
2.09436
4.55388
4.54908
4.54568
4.54334
4.54219
4.54219
4.54334
4.54568
4.54908
4.55388
4.55969
4.56674
4.57505
4.58447
4.59521
4.60713
4.62035
4.63475
4.65041
4.66748
4.68585
4.70563
4.72671
4.7493
4.77328
4.79877
4.82565
4.85422
4.88441
4.91617
2.05745
2.04803
2.05493
2.05455
2.0547
2.05537
2.05658
2.05831
2.06058
2.06338
2.06672
2.07061
2.07503
2.08003
2.08558
2.0917
2.09282
2.09822
2.10756
2.12204
4.54443
4.53978
4.53619
4.53395
4.5328
4.5328
4.53395
4.53619
4.53978
4.54443
4.55033
4.5574
4.56553
4.57502
4.5857
4.59766
4.61077
4.62521
4.64093
4.65791
4.67622
4.69593
4.71695
4.7393
4.76339
4.78888
4.8158
4.84431
4.8743
4.90614
2.08248
2.08118
2.08041
2.08017
2.08047
2.0813
2.08267
2.07949
2.08702
2.09
2.09354
2.09763
2.10227
2.10748
2.11326
2.1112
2.11595
2.13409
2.13377
2.14448
2.1608
4.53154
4.52813
4.52579
4.52459
4.52459
4.52579
4.52813
4.53154
4.53631
4.54197
4.54905
4.55734
4.56682
4.57748
4.58934
4.60246
4.61687
4.63248
4.64942
4.66778
4.68731
4.70845
4.7309
4.75473
4.78015
4.80711
4.83546
4.86553
4.89723
2.1088
2.10763
2.10701
2.10692
2.10738
2.10168
2.10992
2.11201
2.11464
2.11783
2.12157
2.12587
2.13074
2.13618
2.1422
2.13888
2.15601
2.15043
2.17225
2.18131
2.19101
4.52461
4.52112
4.51874
4.51767
4.51767
4.51874
4.52112
4.52461
4.52929
4.53508
4.54212
4.55032
4.55974
4.57036
4.5821
4.59529
4.60972
4.6253
4.64217
4.66058
4.68023
4.7012
4.72364
4.74753
4.77285
4.79963
4.82802
4.858
4.88972
2.13627
2.13525
2.13478
2.13486
2.13549
2.12757
2.1384
2.14068
2.14352
2.14691
2.15088
2.15541
2.16051
2.1662
2.17248
2.17935
2.18684
2.19494
2.20367
2.20067
2.21346
4.51881
4.51525
4.51288
4.51184
4.51184
4.51288
4.51525
4.51881
4.52344
4.52923
4.53629
4.54452
4.55383
4.56452
4.57631
4.5894
4.60381
4.61944
4.63631
4.65454
4.67415
4.69517
4.71757
4.74142
4.76673
4.79351
4.82186
4.85182
4.88335
2.16495
2.1641
2.1638
2.15862
2.16486
2.16623
2.16816
2.17065
2.17371
2.17733
2.18153
2.1863
2.19166
2.19762
2.20417
2.21133
2.21912
2.22753
2.23657
2.24628
2.24362
2.26809
4.51064
4.50831
4.50722
4.50722
4.50831
4.51064
4.51417
4.51881
4.52461
4.53163
4.53979
4.54919
4.55984
4.57155
4.5847
4.59903
4.61461
4.63146
4.64976
4.66938
4.69035
4.71272
4.73654
4.76172
4.78858
4.81696
4.84678
4.87837
2.19491
2.1941
2.19411
2.18595
2.19339
2.19714
2.19928
2.20199
2.20528
2.20915
2.21359
2.21863
2.22426
2.2305
2.23734
2.24482
2.25291
2.26166
2.27105
2.28111
2.29186
2.3033
4.50715
4.50483
4.50359
4.50359
4.50483
4.50715
4.51064
4.51526
4.52111
4.52811
4.53626
4.5456
4.55632
4.56808
4.5812
4.59551
4.61109
4.62791
4.64624
4.66579
4.68675
4.70899
4.73288
4.75808
4.78486
4.81305
4.84302
4.87451
2.22621
2.22269
2.22579
2.22644
2.21557
2.22945
2.23183
2.23478
2.23831
2.24244
2.24715
2.25247
2.25839
2.26493
2.27209
2.27989
2.28833
2.29178
2.30718
2.31763
2.32876
2.34061
4.50483
4.50252
4.50135
4.50135
4.50252
4.50483
4.50832
4.51288
4.51876
4.52582
4.53399
4.5434
4.55392
4.56561
4.57879
4.5931
4.6087
4.62561
4.64374
4.66335
4.68427
4.70656
4.73044
4.75568
4.78238
4.81064
4.84054
4.87209
2.25892
2.25863
2.25891
2.25978
2.26123
2.26326
2.26588
2.26909
2.27289
2.27729
2.28229
2.28791
2.29414
2.301
2.3085
2.31664
2.32545
2.33492
2.34507
2.35591
2.36748
2.37976
2.39723
4.50135
4.50029
4.50029
4.50135
4.50359
4.50722
4.51184
4.51766
4.52458
4.53279
4.54218
4.55279
4.56458
4.57765
4.59186
4.60752
4.62437
4.64247
4.66219
4.68307
4.70545
4.72918
4.75444
4.78106
4.80942
4.83939
4.87073
2.29312
2.28675
2.29356
2.29466
2.29635
2.29864
2.30152
2.305
2.30909
2.31379
2.3191
2.32503
2.33161
2.33881
2.34666
2.35519
2.36438
2.37425
2.38482
2.39611
2.40812
2.42088
2.4344
4.50135
4.50029
4.50029
4.50135
4.50359
4.50722
4.51184
4.51766
4.52458
4.53279
4.54218
4.55279
4.56458
4.57765
4.59186
4.60752
4.62437
4.64247
4.66219
4.68307
4.70545
4.72918
4.75444
4.78106
4.80942
4.83939
4.87073
2.32358
2.32905
2.32307
2.33116
2.33312
2.33568
2.33885
2.34262
2.34702
2.35203
2.35768
2.36395
2.37088
2.37846
2.3867
2.39562
2.40523
2.41553
2.42655
2.4383
2.4508
2.46406
2.47811
4.50252
4.50135
4.50135
4.50252
4.50483
4.50832
4.51288
4.51876
4.52582
4.53399
4.5434
4.55392
4.56561
4.57879
4.5931
4.6087
4.62561
4.64374
4.66335
4.68427
4.70656
4.73044
4.75568
4.78238
4.81064
4.84054
4.87209
2.36633
2.36674
2.36776
2.36728
2.37162
2.37448
2.37795
2.38205
2.38677
2.39213
2.38685
2.40478
2.41209
2.42006
2.42537
2.43807
2.44812
2.45889
2.47038
2.47264
2.49565
2.50945
2.52406
2.53982
4.50359
4.50359
4.50483
4.50715
4.51064
4.51526
4.52111
4.52811
4.53626
4.5456
4.55632
4.56808
4.5812
4.59551
4.61109
4.62791
4.64624
4.66579
4.68675
4.70899
4.73288
4.75808
4.78486
4.81305
4.84302
4.87451
2.40552
2.40621
2.4075
2.40943
2.41198
2.41515
2.41895
2.42339
2.42847
2.4342
2.44058
2.44763
2.44528
2.46375
2.46506
2.47975
2.49006
2.50445
2.51647
2.52925
2.53588
2.5572
2.56935
2.58783
4.50722
4.50722
4.50831
4.51064
4.51417
4.51881
4.52461
4.53163
4.53979
4.54919
4.55984
4.57155
4.5847
4.59903
4.61461
4.63146
4.64976
4.66938
4.69035
4.71272
4.73654
4.76172
4.78858
4.81696
4.84678
4.87837
2.44658
2.44756
2.44917
2.45141
2.45429
2.4578
2.46196
2.46676
2.47223
2.47835
2.48514
2.49262
2.49998
2.50965
2.51923
2.52953
2.5319
2.55237
2.56494
2.57257
2.59247
2.60377
2.62332
2.63863
4.51184
4.51184
4.51288
4.51525
4.51881
4.52344
4.52923
4.53629
4.54452
4.55383
4.56452
4.57631
4.5894
4.60381
4.61944
4.63631
4.65454
4.67415
4.69517
4.71757
4.74142
4.76673
4.79351
4.82186
4.85182
4.88335
2.48962
2.49092
2.49286
2.49544
2.49867
2.50256
2.5071
2.51231
2.51818
2.52473
2.53197
2.53988
2.54855
2.55791
2.55343
2.57884
2.59043
2.60281
2.61598
2.62995
2.63202
2.66043
2.67699
4.51874
4.51767
4.51767
4.51874
4.52112
4.52461
4.52929
4.53508
4.54212
4.55032
4.55974
4.57036
4.5821
4.59529
4.60972
4.6253
4.64217
4.66058
4.68023
4.7012
4.72364
4.74753
4.77285
4.79963
4.82802
4.858
4.88972
2.53475
2.5364
2.5387
2.54166
2.54528
2.54956
2.5491
2.56015
2.56647
2.56907
2.58121
2.57987
2.5988
2.59461
2.61934
2.63075
2.64294
2.64001
2.66189
2.68461
4.53631
4.53154
4.52813
4.52579
4.52459
4.52459
4.52579
4.52813
4.53154
4.53631
4.54197
4.54905
4.55734
4.56682
4.57748
4.58934
4.60246
4.61687
4.63248
4.64942
4.66778
4.68731
4.70845
4.7309
4.75473
4.78015
4.80711
4.83546
4.86553
4.89723
2.58213
2.58415
2.58684
2.5902
2.59424
2.59676
2.60436
2.61047
2.61727
2.62478
2.63302
2.64199
2.6517
2.65123
2.67343
2.67555
2.69822
4.56553
4.5574
4.55033
4.54443
4.53978
4.53619
4.53395
4.5328
4.5328
4.53395
4.53619
4.53978
4.54443
4.55033
4.5574
4.56553
4.57502
4.5857
4.59766
4.61077
4.62521
4.64093
4.65791
4.67622
4.69593
4.71695
4.7393
4.76339
4.78888
4.8158
4.84431
4.8743
4.90614
2.63188
2.63431
2.63743
2.64123
2.64533
2.63969
2.65679
2.66341
2.65457
2.67879
2.68759
2.69714
2.69433
2.7176
4.60713
4.59521
4.58447
4.57505
4.56674
4.55969
4.55388
4.54908
4.54568
4.54334
4.54219
4.54219
4.54334
4.54568
4.54908
4.55388
4.55969
4.56674
4.57505
4.58447
4.59521
4.60713
4.62035
4.63475
4.65041
4.66748
4.68585
4.70563
4.72671
4.7493
4.77328
4.79877
4.82565
4.85422
4.88441
4.91617
2.68418
2.68705
2.69063
2.69491
2.69347
2.70557
2.71202
2.71917
2.72706
2.73571
2.74512
4.66126
4.64556
4.6311
4.61789
4.60594
4.59518
4.58574
4.57738
4.57035
4.5645
4.55976
4.55622
4.55391
4.55281
4.55281
4.55391
4.55622
4.55976
4.5645
4.57035
4.57738
4.58574
4.59518
4.60594
4.61789
4.6311
4.64556
4.66126
4.6784
4.69681
4.71658
4.73765
4.76041
4.78445
4.80995
4.83695
4.86567
4.89582
4.92773
4.94054
2.74255
2.74663
2.74856
2.74694
2.76321
2.7702
2.77795
2.77471
4.70901
4.69057
4.6734
4.65762
4.64301
4.62973
4.61783
4.60712
4.5976
4.58933
4.58218
4.57625
4.5715
4.56805
4.56577
4.56457
4.56457
4.56577
4.56805
4.5715
4.57625
4.58218
4.58933
4.5976
4.60712
4.61783
4.62973
4.64301
4.65762
4.6734
4.69057
4.70901
4.72882
4.75006
4.7727
4.79687
4.82245
4.84961
4.87823
4.90857
4.94054
4.95469
4.9226
2.80537
2.80745
2.81349
2.82397
4.7864
4.76369
4.74232
4.72243
4.70392
4.68681
4.67094
4.65636
4.64313
4.63105
4.62028
4.61072
4.60242
4.59523
4.5894
4.58464
4.58117
4.57871
4.57768
4.57768
4.57871
4.58117
4.58464
4.5894
4.59523
4.60242
4.61072
4.62028
4.63105
4.64313
4.65636
4.67094
4.68681
4.70392
4.72243
4.74232
4.76369
4.7864
4.81046
4.83624
4.86341
4.89222
4.9226
4.95469
4.97017
4.93796
4.9075
4.87866
4.85138
4.82554
4.80137
4.77857
4.75715
4.73715
4.7186
4.70148
4.68555
4.67088
4.65764
4.64554
4.63475
4.62513
4.61676
4.60959
4.60381
4.59904
4.59535
4.59312
4.59194
4.59194
4.59312
4.59535
4.59904
4.60381
4.60959
4.61676
4.62513
4.63475
4.64554
4.65764
4.67088
4.68555
4.70148
4.7186
4.73715
4.75715
4.77857
4.80137
4.82554
4.85138
4.87866
4.9075
4.93796
4.97017
4.98698
4.95475
4.92416
4.89523
4.86777
4.8419
4.81768
4.79475
4.77328
4.75335
4.7347
4.71728
4.70143
4.68682
4.67339
4.66129
4.65052
4.64086
4.6324
4.62524
4.61944
4.61467
4.61109
4.60872
4.60747
4.60747
4.60872
4.61109
4.61467
4.61944
4.62524
4.6324
4.64086
4.65052
4.66129
4.67339
4.68682
4.70143
4.71728
4.7347
4.75335
4.77328
4.79475
4.81768
4.8419
4.86777
4.89523
4.92416
4.95475
4.98698
5.00522
4.9729
4.94222
4.91316
4.88557
4.85973
4.83533
4.81234
4.79087
4.77075
4.75204
4.73471
4.71866
4.70399
4.69059
4.67841
4.66748
4.65784
4.64953
4.64231
4.63636
4.6316
4.62799
4.62561
4.62433
4.62433
4.62561
4.62799
4.6316
4.63636
4.64231
4.64953
4.65784
4.66748
4.67841
4.69059
4.70399
4.71866
4.73471
4.75204
4.77075
4.79087
4.81234
4.83533
4.85973
4.88557
4.91316
4.94222
4.9729
5.00522
5.02494
4.9924
4.96167
4.93248
4.90468
4.87884
4.85427
4.83133
4.80973
4.7895
4.77078
4.75334
4.73726
4.72251
4.70902
4.69682
4.68589
4.67623
4.66783
4.66062
4.65463
4.64971
4.64622
4.64383
4.64267
4.64267
4.64383
4.64622
4.64971
4.65463
4.66062
4.66783
4.67623
4.68589
4.69682
4.70902
4.72251
4.73726
4.75334
4.77078
4.7895
4.80973
4.83133
4.85427
4.87884
4.90468
4.93248
4.96167
4.9924
5.02494
5.04619
5.01352
4.98256
4.95323
4.92557
4.89943
4.87474
4.85166
4.82996
4.8097
4.79087
4.77336
4.75715
4.74226
4.72885
4.71665
4.70553
4.69587
4.68742
4.68019
4.67415
4.66937
4.66578
4.66335
4.66211
4.66211
4.66335
4.66578
4.66937
4.67415
4.68019
4.68742
4.69587
4.70553
4.71665
4.72885
4.74226
4.75715
4.77336
4.79087
4.8097
4.82996
4.85166
4.87474
4.89943
4.92557
4.95323
4.98256
5.01352
5.04619
5.06874
5.03604
5.00494
4.97547
4.94765
4.92145
4.89664
4.87345
4.85157
4.83132
4.8123
4.79476
4.77856
4.76371
4.7501
4.73783
4.72677
4.717
4.70854
4.70107
4.69521
4.69036
4.68664
4.68433
4.68308
4.68308
4.68433
4.68664
4.69036
4.69521
4.70107
4.70854
4.717
4.72677
4.73783
4.7501
4.76371
4.77856
4.79476
4.8123
4.83132
4.85157
4.87345
4.89664
4.92145
4.94765
4.97547
5.00494
5.03604
5.06874
5.09291
5.05997
5.02883
4.99918
4.97117
4.94488
4.91999
4.89666
4.87477
4.85427
4.8353
4.81767
4.80135
4.78643
4.77277
4.76042
4.74929
4.7395
4.73092
4.72354
4.71757
4.71274
4.70906
4.70665
4.7055
4.7055
4.70665
4.70906
4.71274
4.71757
4.72354
4.73092
4.7395
4.74929
4.76042
4.77277
4.78643
4.80135
4.81767
4.8353
4.85427
4.87477
4.89666
4.91999
4.94488
4.97117
4.99918
5.02883
5.05997
5.09291
5.11873
5.08549
5.05415
5.02444
4.99635
4.96984
4.94486
4.92145
4.89936
4.87888
4.85966
4.84199
4.82563
4.81049
4.79679
4.78443
4.77332
4.76344
4.75483
4.74753
4.7414
4.73655
4.73283
4.73028
4.72921
4.72921
4.73028
4.73283
4.73655
4.7414
4.74753
4.75483
4.76344
4.77332
4.78443
4.79679
4.81049
4.82563
4.84199
4.85966
4.87888
4.89936
4.92145
4.94486
4.96984
4.99635
5.02444
5.05415
5.08549
5.11873
5.14604
5.11271
5.08118
5.05132
5.02301
4.99633
4.97128
4.94769
4.92554
4.90491
4.8857
4.86776
4.8513
4.83623
4.8224
4.80994
4.79877
4.78885
4.78022
4.77281
4.7667
4.76177
4.75808
4.75563
4.75445
4.75445
4.75563
4.75808
4.76177
4.7667
4.77281
4.78022
4.78885
4.79877
4.80994
4.8224
4.83623
4.8513
4.86776
4.8857
4.90491
4.92554
4.94769
4.97128
4.99633
5.02301
5.05132
5.08118
5.11271
5.14604
5.17485
5.14152
5.10977
5.07972
5.05124
5.02444
4.9992
4.97553
4.95323
4.93254
4.91315
4.89519
4.87863
4.86331
4.8496
4.83698
4.8258
4.81579
4.80702
4.79962
4.7935
4.78853
4.78486
4.78241
4.7812
4.7812
4.78241
4.78486
4.78853
4.7935
4.79962
4.80702
4.81579
4.8258
4.83698
4.8496
4.86331
4.87863
4.89519
4.91315
4.93254
4.95323
4.97553
4.9992
5.02444
5.05124
5.07972
5.10977
5.14152
5.17485
5.20561
5.17193
5.13997
5.10979
5.08121
5.05419
5.02873
5.00491
4.98253
4.9617
4.94217
4.92415
4.90746
4.89225
4.87826
4.86566
4.85432
4.84423
4.83555
4.82793
4.8219
4.81682
4.81314
4.81066
4.80953
4.80953
4.81066
4.81314
4.81682
4.8219
4.82793
4.83555
4.84423
4.85432
4.86566
4.87826
4.89225
4.90746
4.92415
4.94217
4.9617
4.98253
5.00491
5.02873
5.05419
5.08121
5.10979
5.13997
5.17193
5.20561
5.23786
5.204
5.17185
5.14144
5.11264
5.08553
5.06004
5.03606
5.01344
4.99248
4.97291
4.95467
4.93796
4.92262
4.90853
4.89588
4.88442
4.87431
4.86559
4.85806
4.85177
4.84681
4.84297
4.84057
4.83932
4.83932
4.84057
4.84297
4.84681
4.85177
4.85806
4.86559
4.87431
4.88442
4.89588
4.90853
4.92262
4.93796
4.95467
4.97291
4.99248
5.01344
5.03606
5.06004
5.08553
5.11264
5.14144
5.17185
5.204
5.23786
5.27193
5.23792
5.20554
5.1749
5.14603
5.11866
5.09296
5.06885
5.04621
5.02504
5.0052
4.98688
4.97014
4.95467
4.94047
4.92775
4.91615
4.90612
4.89726
4.88972
4.88341
4.87834
4.87464
4.872
4.87086
4.87086
4.872
4.87464
4.87834
4.88341
4.88972
4.89726
4.90612
4.91615
4.92775
4.94047
4.95467
4.97014
4.98688
5.0052
5.02504
5.04621
5.06885
5.09296
5.11866
5.14603
5.1749
5.20554
5.23792
5.27193
