Label: Box
Position: -2.46602, -0.298807, 0.00100711
Orientation (Quaternion): 0.0654926, -0.587175, -0.0878285, -0.802011
5.27193
5.23792
5.20554
5.1749
5.14603
5.11866
5.09296
5.06885
5.04621
5.02504
5.0052
4.98688
4.97014
4.95467
4.94047
4.92775
4.91615
4.90612
4.89726
4.88972
4.88341
4.87834
4.87464
4.872
4.87086
4.87086
4.872
4.87464
4.87834
4.88341
4.88972
4.89726
4.90612
4.91615
4.92775
4.94047
4.95467
4.97014
4.98688
5.0052
5.02504
5.04621
5.06885
5.09296
5.11866
5.14603
5.1749
5.20554
5.23792
5.27193
5.23786
5.204
5.17185
5.14144
5.11264
5.08553
5.06004
5.03606
5.01344
4.99248
4.97291
4.95467
4.93796
4.92262
4.90853
4.89588
4.88442
4.87431
4.86559
4.85806
4.85177
4.84681
4.84297
4.84057
4.83932
4.83932
4.84057
4.84297
4.84681
4.85177
4.85806
4.86559
4.87431
4.88442
4.89588
4.90853
4.92262
4.93796
4.95467
4.97291
4.99248
5.01344
5.03606
5.06004
5.08553
5.11264
5.14144
5.17185
5.204
5.23786
5.20561
5.17193
5.13997
5.10979
5.08121
5.05419
5.02873
5.00491
4.98253
4.9617
4.94217
4.92415
4.90746
4.89225
4.87826
4.86566
4.85432
4.84423
4.83555
4.82793
4.8219
4.81682
4.81314
4.81066
4.80953
4.80953
4.81066
4.81314
4.81682
4.8219
4.82793
4.83555
4.84423
4.85432
4.86566
4.87826
4.89225
4.90746
4.92415
4.94217
4.9617
4.98253
5.00491
5.02873
5.05419
5.08121
5.10979
5.13997
5.17193
5.20561
5.17485
5.14152
5.10977
5.07972
5.05124
5.02444
4.9992
4.97553
4.95323
4.93254
4.91315
4.89519
4.87863
4.86331
4.8496
4.83698
4.8258
4.81579
4.80702
4.79962
4.7935
4.78853
4.78486
4.78241
4.7812
4.7812
4.78241
4.78486
4.78853
4.7935
4.79962
4.80702
4.81579
4.8258
4.83698
4.8496
4.86331
4.87863
4.89519
4.91315
4.93254
4.95323
4.97553
4.9992
5.02444
5.05124
5.07972
5.10977
5.14152
5.17485
5.14604
5.11271
5.08118
5.05132
5.02301
4.99633
4.97128
4.94769
4.92554
4.90491
4.8857
4.86776
4.8513
4.83623
4.8224
4.80994
4.79877
4.78885
4.78022
4.77281
4.7667
4.76177
4.75808
4.75563
4.75445
4.75445
4.75563
4.75808
4.76177
4.7667
4.77281
4.78022
4.78885
4.79877
4.80994
4.8224
4.83623
4.8513
4.86776
4.8857
4.90491
4.92554
4.94769
4.97128
4.99633
5.02301
5.05132
5.08118
5.11271
5.14604
5.11873
5.08549
5.05415
5.02444
4.99635
4.96984
4.94486
4.92145
4.89936
4.87888
4.85966
4.84199
4.82563
4.81049
4.79679
4.78443
4.77332
4.76344
4.75483
4.74753
4.7414
4.73655
4.73283
4.73028
4.72921
4.72921
4.73028
4.73283
4.73655
4.7414
4.74753
4.75483
4.76344
4.77332
4.78443
4.79679
4.81049
4.82563
4.84199
4.85966
4.87888
4.89936
4.92145
4.94486
4.96984
4.99635
5.02444
5.05415
5.08549
5.11873
5.09291
5.05997
5.02883
4.99918
4.97117
4.94488
4.91999
4.89666
4.87477
4.85427
4.8353
4.81767
4.80135
4.78643
4.77277
4.76042
4.74929
4.7395
4.73092
4.72354
4.71757
4.71274
4.70906
4.70665
4.7055
4.7055
4.70665
4.70906
4.71274
4.71757
4.72354
4.73092
4.7395
4.74929
4.76042
4.77277
4.78643
4.80135
4.81767
4.8353
4.85427
4.87477
4.89666
4.91999
4.94488
4.97117
4.99918
5.02883
5.05997
5.09291
5.06874
5.03604
5.00494
4.97547
4.94765
4.92145
4.89664
4.87345
4.85157
4.83132
4.8123
4.79476
4.77856
4.76371
4.7501
4.73783
4.72677
4.717
4.70854
4.70107
4.69521
4.69036
4.68664
4.68433
4.68308
4.68308
4.68433
4.68664
4.69036
4.69521
4.70107
4.70854
4.717
4.72677
4.73783
4.7501
4.76371
4.77856
4.79476
4.8123
4.83132
4.85157
4.87345
4.89664
4.92145
4.94765
4.97547
5.00494
5.03604
5.06874
5.04619
5.01352
4.98256
4.95323
4.92557
4.89943
4.87474
4.85166
4.82996
4.8097
4.79087
4.77336
4.75715
4.74226
4.72885
4.71665
4.70553
4.69587
4.68742
4.68019
4.67415
4.66937
4.66578
4.66335
4.66211
4.66211
4.66335
4.66578
4.66937
4.67415
4.68019
4.68742
4.69587
4.70553
4.71665
4.72885
4.74226
4.75715
4.77336
4.79087
4.8097
4.82996
4.85166
4.87474
4.89943
4.92557
4.95323
4.98256
5.01352
5.04619
5.02494
4.9924
4.96167
4.93248
4.90468
4.87884
4.85427
4.83133
4.80973
4.7895
4.77078
4.75334
4.73726
4.72251
4.70902
4.69682
4.68589
4.67623
4.66783
4.66062
4.65463
4.64971
4.64622
4.64383
4.64267
4.64267
4.64383
4.64622
4.64971
4.65463
4.66062
4.66783
4.67623
4.68589
4.69682
4.70902
4.72251
4.73726
4.75334
4.77078
4.7895
4.80973
4.83133
4.85427
4.87884
4.90468
4.93248
4.96167
4.9924
5.02494
5.00522
4.9729
4.94222
4.91316
4.88557
4.85973
4.83533
4.81234
4.79087
4.77075
4.75204
4.73471
4.71866
4.70399
4.69059
4.67841
4.66748
4.65784
4.64953
4.64231
4.63636
4.6316
4.62799
4.62561
4.62433
4.62433
4.62561
4.62799
4.6316
4.63636
4.64231
4.64953
4.65784
4.66748
4.67841
4.69059
4.70399
4.71866
4.73471
4.75204
4.77075
4.79087
4.81234
4.83533
4.85973
4.88557
4.91316
4.94222
4.9729
5.00522
4.98698
4.95475
4.92416
4.89523
4.86777
4.8419
4.81768
4.79475
4.77328
4.75335
4.7347
4.71728
4.70143
4.68682
4.67339
4.66129
4.65052
4.64086
4.6324
4.62524
4.61944
4.61467
4.61109
4.60872
4.60747
4.60747
4.60872
4.61109
4.61467
4.61944
4.62524
4.6324
4.64086
4.65052
4.66129
4.67339
4.68682
4.70143
4.71728
4.7347
4.75335
4.77328
4.79475
4.81768
4.8419
4.86777
4.89523
4.92416
4.95475
4.98698
4.97017
4.93796
4.9075
4.87866
4.85138
4.82554
4.80137
4.77857
4.75715
4.73715
4.7186
4.70148
4.68555
4.67088
4.65764
4.64554
4.63475
4.62513
4.61676
4.60959
4.60381
4.59904
4.59535
4.59312
4.59194
4.59194
4.59312
4.59535
4.59904
4.60381
4.60959
4.61676
4.62513
4.63475
4.64554
4.65764
4.67088
4.68555
4.70148
4.7186
4.73715
4.75715
4.77857
4.80137
4.82554
4.85138
4.87866
4.9075
4.93796
4.97017
4.95469
4.9226
4.89222
4.86341
4.83624
4.81046
4.7864
4.76369
4.74232
4.72243
4.70392
4.68681
4.67094
4.65636
4.64313
4.63105
4.62028
4.61072
4.60242
4.59523
4.5894
4.58464
4.58117
4.57871
4.57768
4.57768
4.57871
4.58117
4.58464
4.5894
4.59523
4.60242
4.61072
4.62028
4.63105
4.64313
4.65636
4.67094
4.68681
4.70392
4.72243
4.74232
4.76369
4.7864
4.81046
4.83624
4.86341
4.89222
4.9226
4.95469
4.94054
4.90857
4.87823
4.84961
4.82245
4.79687
4.7727
4.75006
4.72882
4.70901
4.69057
4.6734
4.65762
4.64301
4.62973
4.61783
4.60712
4.5976
4.58933
4.58218
4.57625
4.5715
4.56805
4.56577
4.56457
4.56457
4.56577
4.56805
4.5715
4.57625
4.58218
4.58933
4.5976
4.60712
4.61783
4.62973
4.64301
4.65762
4.6734
4.69057
4.70901
4.72882
4.75006
4.7727
4.79687
4.82245
4.84961
4.87823
4.90857
4.94054
4.92773
4.89582
4.86567
4.83695
4.80995
4.78445
4.76041
4.73765
4.71658
4.69681
4.6784
4.66126
4.64556
2.0102
2.01297
2.01935
2.02473
2.03108
2.03688
2.0422
4.5645
4.55976
4.55622
4.55391
4.55281
4.55281
4.55391
4.55622
4.55976
4.5645
4.57035
4.57738
4.58574
4.59518
4.60594
4.61789
4.6311
4.64556
4.66126
4.6784
4.69681
4.71658
4.73765
4.76041
4.78445
4.80995
4.83695
4.86567
4.89582
4.92773
4.91617
4.88441
4.85422
4.82565
4.79877
4.77328
4.7493
4.72671
4.70563
4.68585
4.66748
4.65041
4.63475
1.99204
1.99344
1.99921
2.00503
2.0183
2.02479
2.03045
2.04045
2.04605
2.05816
2.06793
2.07833
2.08938
2.10108
2.11347
2.12655
2.14035
2.15488
2.17018
2.18625
2.20314
2.22093
2.23947
2.25896
2.27939
2.30078
2.32319
4.68585
4.70563
4.72671
4.7493
4.77328
4.79877
4.82565
4.85422
4.88441
4.91617
4.90614
4.8743
4.84431
4.8158
4.78888
4.76339
4.7393
4.71695
4.69593
4.67622
4.65791
4.64093
4.62521
1.99332
1.98985
1.99382
1.99974
2.00668
2.0134
2.01962
2.02583
2.03697
2.04493
2.05566
2.06593
2.07685
2.08841
2.10066
2.11359
2.12723
2.1416
2.15673
2.17263
2.18934
2.20688
2.22527
2.24456
2.26478
2.28595
2.30812
2.33133
2.35562
4.71695
4.7393
4.76339
4.78888
4.8158
4.84431
4.8743
4.90614
4.89723
4.86553
4.83546
4.80711
4.78015
4.75473
4.7309
4.70845
4.68731
4.66778
4.64942
4.63248
2.36293
1.98057
1.97912
1.98411
1.98801
1.99569
2.00231
2.00891
2.01508
2.02223
2.03451
2.04405
2.0542
2.06499
2.07643
2.08854
2.10133
2.11483
2.12905
2.14402
2.15976
2.17629
2.19365
2.21186
2.23096
2.25097
2.27193
2.29388
2.31685
4.68731
2.36608
4.7309
4.75473
4.78015
4.80711
4.83546
4.86553
4.89723
4.88972
4.858
4.82802
4.79963
4.77285
4.74753
4.72364
4.7012
4.68023
4.66058
4.64217
4.6253
2.34711
1.96956
1.96897
1.97389
1.97625
1.98272
1.99007
1.99893
2.00481
2.01114
2.01963
2.03308
2.04312
2.0538
2.06512
2.0771
2.08976
2.10312
2.1172
2.13202
2.1476
2.16398
2.18117
2.19921
2.21812
2.23794
2.2587
2.28044
2.3032
2.32703
4.7012
4.72364
4.74753
4.77285
4.79963
4.82802
4.858
4.88972
4.88335
4.85182
4.82186
4.79351
4.76673
4.74142
4.71757
4.69517
4.67415
4.65454
4.63631
4.61944
2.33621
1.9596
1.95815
1.96426
1.96962
1.9714
1.9783
1.98658
1.99322
2.00125
2.01094
2.01807
2.03268
2.04325
2.05445
2.06632
2.07886
2.09209
2.10603
2.12071
2.13615
2.15238
2.16941
2.18728
2.20602
2.22567
2.24624
2.26779
2.29035
2.31396
4.69517
4.71757
4.74142
4.76673
4.79351
4.82186
4.85182
4.88335
4.87837
4.84678
4.81696
4.78858
4.76172
4.73654
4.71272
4.69035
4.66938
4.64976
4.63146
2.7491
2.30692
1.95044
1.95043
1.94975
1.95504
1.96499
1.97269
1.97481
1.9871
1.99446
2.00173
2.00992
2.02286
2.02829
2.04443
2.05618
2.0686
2.08172
2.09554
2.11009
2.12539
2.14147
2.15836
2.17608
2.19466
2.21413
2.23454
2.2559
2.27827
2.30169
4.69035
4.71272
4.73654
4.76172
4.78858
4.81696
4.84678
4.87837
4.87451
4.84302
4.81305
4.78486
4.75808
4.73288
4.70899
4.68675
4.66579
4.64624
4.62791
2.7344
2.30678
1.94199
1.94198
1.94669
1.94589
1.95606
1.96255
1.97082
1.97229
1.98145
1.99176
2.00123
2.00996
2.01823
2.02543
2.04667
2.05899
2.07199
2.08569
2.10012
2.1153
2.13125
2.148
2.16557
2.18401
2.20332
2.22356
2.24476
2.26695
2.29018
4.68675
2.33993
4.73288
4.75808
4.78486
4.81305
4.84302
4.87451
4.87209
4.84054
4.81064
4.78238
4.75568
4.73044
4.70656
4.68427
4.66335
4.64374
4.62561
2.69584
2.30686
2.01777
1.93408
1.93309
1.94389
1.94743
1.9543
1.95574
1.96994
1.9708
1.98047
1.99537
2.00181
2.01531
2.02623
2.03778
2.04922
2.06289
2.07649
2.0908
2.10586
2.12169
2.13831
2.15575
2.17404
2.19322
2.21331
2.23434
2.25637
2.27943
4.68427
4.70656
4.73044
4.75568
4.78238
4.81064
4.84054
4.87209
4.87073
4.83939
4.80942
4.78106
4.75444
4.72918
4.70545
4.68307
4.66219
4.64247
4.62437
2.63428
2.30766
2.01588
1.9254
1.92661
1.93641
1.93624
1.94822
1.94806
1.95485
1.97003
1.97844
1.98742
1.99701
2.00352
2.01345
2.02949
2.0416
2.05268
2.06791
2.08212
2.09707
2.11278
2.12928
2.1466
2.16476
2.1838
2.20375
2.22464
2.24651
2.26941
4.68307
4.70545
4.72918
4.75444
4.78106
4.80942
4.83939
4.87073
4.87073
4.83939
4.80942
4.78106
4.75444
4.72918
4.70545
4.68307
4.66219
4.64247
4.62437
2.6422
2.30957
2.01553
1.91568
1.9244
1.9258
1.93059
1.94116
1.94174
1.95502
1.95587
1.96394
1.97252
1.98163
1.99041
2.00643
2.01702
2.02744
2.04654
2.05718
2.07405
2.0889
2.10451
2.1209
2.1381
2.15615
2.17506
2.19488
2.21563
2.23737
2.26012
4.68307
2.30884
4.72918
4.75444
4.78106
4.80942
4.83939
4.87073
4.87209
4.84054
4.81064
4.78238
4.75568
4.73044
4.70656
4.68427
4.66335
4.64374
4.62561
2.65227
2.31901
2.01625
1.90626
1.91802
1.92303
1.92856
1.93424
1.94123
1.94557
1.95608
1.9591
1.9667
1.9749
1.9927
2.00337
2.01061
2.0219
2.03314
2.05257
2.0628
2.08135
2.09686
2.11315
2.13025
2.14818
2.16698
2.18668
2.20731
2.22891
2.25153
4.68427
4.70656
4.73044
4.75568
4.78238
4.81064
4.84054
4.87209
4.87451
4.84302
4.81305
4.78486
4.75808
4.73288
4.70899
4.68675
4.66579
4.64624
4.62791
2.71808
2.31456
2.01823
1.90296
1.91215
1.91711
1.9226
1.92861
1.93516
1.94226
1.94991
1.95658
1.96314
1.9763
1.97818
1.99689
2.00812
2.02001
2.02818
2.04383
2.05974
2.06963
2.08983
2.10603
2.12303
2.14086
2.15955
2.17914
2.19966
2.22114
2.24363
2.26716
4.70899
4.73288
4.75808
4.78486
4.81305
4.84302
4.87451
4.87837
4.84678
4.81696
4.78858
4.76172
4.73654
4.71272
4.69035
4.66938
4.64976
4.63146
2.72464
2.32132
2.02152
1.90067
1.90678
1.9117
1.91715
1.92312
1.92962
1.93667
1.94427
1.95243
1.96117
1.96798
1.9748
1.99097
2.00214
2.01396
2.02059
2.03596
2.05347
2.06806
2.07776
2.09952
2.11643
2.13417
2.15277
2.17225
2.19266
2.21404
2.23641
2.25983
4.71272
4.73654
4.76172
4.78858
4.81696
4.84678
4.87837
4.88335
4.85182
4.82186
4.79351
4.76673
4.74142
4.71757
4.69517
4.67415
4.65454
4.63631
2.66014
2.33206
2.0251
1.89691
1.9019
1.90679
1.9122
1.91813
1.92459
1.9316
1.93915
1.94727
1.95596
1.96523
1.97359
1.98559
1.98732
2.00846
2.02088
2.02348
2.03723
2.0623
2.07757
2.08725
2.11044
2.1281
2.14661
2.166
2.18632
2.20759
2.22987
2.25317
4.71757
4.74142
4.76673
4.79351
4.82186
4.85182
4.88335
4.88972
4.858
4.82802
4.79963
4.77285
4.74753
4.72364
4.7012
4.68023
4.66058
4.64217
2.75831
2.33952
2.02806
1.89251
1.89752
1.90237
1.90774
1.91364
1.92006
1.92703
1.93455
1.94262
1.95127
1.9605
1.97032
1.97991
1.98608
2.00352
2.01589
2.02893
2.04267
2.0517
2.07232
2.08829
2.09821
2.12264
2.14107
2.16038
2.18062
2.2018
2.22398
2.24719
4.72364
4.74753
4.77285
4.79963
4.82802
4.858
4.88972
4.89723
4.86553
4.83546
4.80711
4.78015
4.75473
4.7309
4.70845
4.68731
4.66778
4.64942
2.77134
2.34934
2.0299
1.8886
1.89362
1.89844
1.90378
1.90964
1.91604
1.92297
1.93045
1.93848
1.94709
1.95628
1.96607
1.97646
1.98747
1.99913
2.01144
2.02443
2.03812
2.05252
2.06701
2.08357
2.10026
2.11069
2.13614
2.15539
2.17554
2.19665
2.21875
2.24187
2.26607
4.75473
4.78015
4.80711
4.83546
4.86553
4.89723
4.90614
4.8743
4.84431
4.8158
4.78888
4.76339
4.7393
4.71695
4.69593
4.67622
4.65791
2.69085
2.34962
2.03948
1.88579
1.89019
1.89499
1.90031
1.90614
1.9125
1.91941
1.92685
1.93486
1.94343
1.95259
1.96233
1.97269
1.98366
1.99457
2.00754
2.02049
2.03413
2.04848
2.06357
2.07942
2.09606
2.11352
2.12479
2.151
2.17109
2.19213
2.21416
2.23721
4.7393
4.76339
4.78888
4.8158
4.84431
4.8743
4.90614
4.91617
4.88441
4.85422
4.82565
4.79877
4.77328
4.7493
4.72671
4.70563
4.68585
4.66748
2.71787
2.37377
2.05337
1.88267
1.88724
1.89202
1.89731
1.90312
1.90946
1.91634
1.92376
1.93173
1.94028
1.9494
1.95912
1.96944
1.98038
1.99195
2.00419
2.01709
2.03069
2.045
2.06005
2.07585
2.09244
2.10985
2.1281
2.14058
2.16726
2.18824
2.2102
2.23319
4.7493
4.77328
4.79877
4.82565
4.85422
4.88441
4.91617
4.92773
4.89582
4.86567
4.83695
4.80995
4.78445
4.76041
4.73765
4.71658
4.69681
4.6784
2.82639
2.38881
2.069
1.87535
1.88476
1.88952
1.89479
1.90059
1.9069
1.91376
1.92115
1.92911
1.93763
1.94673
1.95641
1.96671
1.97762
1.98917
2.00137
2.01424
2.0278
2.04208
2.05709
2.07285
2.0894
2.10677
2.12304
2.14406
2.15813
2.18497
2.20688
2.22982
4.76041
4.78445
4.80995
4.83695
4.86567
4.89582
4.92773
4.94054
4.90857
4.87823
4.84961
4.82245
4.79687
4.7727
4.75006
4.72882
4.70901
4.69057
2.85013
2.40072
2.08175
1.8781
1.88001
1.8875
1.89275
1.89853
1.90483
1.91166
1.91905
1.92698
1.93548
1.94455
1.95422
1.96449
1.97538
1.9869
1.99908
2.01192
2.02546
2.0397
2.05468
2.07042
2.08694
2.10427
2.12244
2.14149
2.16143
2.17751
2.20419
2.22708
4.7727
4.79687
4.82245
4.84961
4.87823
4.90857
4.94054
4.95469
4.9226
4.89222
4.86341
4.83624
4.81046
4.7864
4.76369
4.74232
4.72243
4.70392
4.68681
2.40838
2.09603
1.87663
1.88121
1.88575
1.8861
1.89695
1.90323
1.91006
1.91742
1.92534
1.93382
1.94289
1.95253
1.96279
1.97366
1.98516
1.99732
2.01014
2.02366
2.03788
2.05284
2.06855
2.08505
2.10235
2.12049
2.1355
2.15134
2.17069
2.19879
2.22498
4.7864
4.81046
4.83624
4.86341
4.89222
4.9226
4.95469
4.97017
4.93796
4.9075
4.87866
4.85138
4.82554
4.80137
4.77857
4.75715
4.73715
4.7186
4.70148
2.41314
2.11188
1.87566
1.88012
1.88485
1.89008
1.8932
1.89437
1.90893
1.91629
1.92419
1.93267
1.94172
1.95136
1.9616
1.97245
1.98394
1.99609
2.0089
2.0224
2.03661
2.05155
2.06724
2.08372
2.10101
2.11913
2.13813
2.15802
2.17886
2.20067
2.2235
4.80137
4.82554
2.29856
4.87866
4.9075
4.93796
4.97017
4.98698
4.95475
4.92416
4.89523
4.86777
4.8419
4.81768
4.79475
4.77328
4.75335
4.7347
4.71728
2.38451
2.11671
1.87523
1.8795
1.88422
1.88945
1.8952
1.90127
1.90562
1.91055
1.92354
1.92219
1.93874
1.95067
1.96091
1.97176
1.98325
1.99538
2.00818
2.02167
2.03587
2.0508
2.06649
2.07548
2.10024
2.11835
2.13733
2.15475
2.17804
2.19984
2.22266
4.81768
4.8419
4.86777
4.89523
4.92416
4.95475
4.98698
5.00522
4.9729
4.94222
4.91316
4.88557
4.85973
4.83533
4.81234
4.79087
4.77075
4.75204
4.73471
2.41989
2.14846
1.87536
1.87934
1.88406
1.88929
1.89385
1.90131
1.90812
1.90777
1.91358
1.92768
1.94087
1.9505
1.96073
1.97158
1.98307
1.9952
2.008
2.02149
2.03568
2.05061
2.0663
2.08276
2.10004
2.11098
2.13713
2.15701
2.17783
2.19963
2.22244
2.24632
2.2713
4.88557
4.91316
4.94222
4.9729
5.00522
5.02494
4.9924
4.96167
4.93248
4.90468
4.87884
4.85427
4.83133
4.80973
4.7895
4.77078
4.75334
2.46838
2.1694
1.87606
1.87964
1.88436
1.88765
1.89535
1.90162
1.90843
1.91578
1.92368
1.93215
1.93332
1.95083
1.96107
1.97192
1.9834
1.99554
2.00835
2.02184
2.03604
2.05097
2.06666
2.08313
2.10041
2.11852
2.13751
2.15587
2.17823
2.20003
2.22285
2.24881
4.87884
4.90468
4.93248
4.96167
4.9924
5.02494
5.04619
5.01352
4.98256
4.95323
4.92557
4.89943
4.87474
4.85166
4.82996
4.8097
4.79087
4.77336
2.51237
2.19216
1.87735
1.87969
1.88513
1.88616
1.89024
1.8949
1.90922
1.91657
1.92449
1.93297
1.94202
1.95166
1.96191
1.97277
1.98426
1.99641
2.00922
2.02273
2.03694
2.05188
2.06758
2.08407
2.10136
2.11808
2.13849
2.15839
2.17923
2.20105
2.22389
2.24779
4.89943
4.92557
4.95323
4.98256
5.01352
5.04619
5.06874
5.03604
5.00494
4.97547
4.94765
4.92145
4.89664
4.87345
4.85157
4.83132
4.8123
4.79476
2.58744
2.21687
1.87795
1.87881
1.88208
1.88591
1.89738
1.89528
1.90084
1.91787
1.92579
1.93428
1.94334
1.953
1.96326
1.97413
1.98564
1.99684
2.00857
2.02415
2.03838
2.04723
2.06906
2.08557
2.10288
2.12103
2.14005
2.15998
2.18085
2.20269
2.22555
2.24948
4.92145
4.94765
4.97547
5.00494
5.03604
5.06874
5.09291
5.05997
5.02883
4.99918
4.97117
4.94488
4.91999
4.89666
4.87477
4.85427
4.8353
4.81767
2.6239
2.24298
1.95941
1.88332
1.88276
1.88691
1.89163
1.89693
1.90272
1.91964
1.92758
1.93608
1.94517
1.95484
1.96512
1.97601
1.98754
1.99636
2.01258
2.0202
2.03648
2.05536
2.07111
2.08764
2.10498
2.12316
2.14221
2.16217
2.18307
2.20495
2.22785
2.25182
2.2769
4.97117
4.99918
5.02883
5.05997
5.09291
5.11873
5.08549
5.05415
5.02444
4.99635
4.96984
4.94486
4.92145
4.89936
4.87888
4.85966
4.84199
2.63779
2.2718
1.98123
1.88547
1.89024
1.88918
1.89424
1.89929
1.9145
1.9219
1.92986
1.93839
1.94749
1.95719
1.96749
1.9782
1.98181
1.99613
2.01347
2.02863
2.04291
2.05793
2.07371
2.09028
2.10765
2.12587
2.14497
2.16497
2.18591
2.20784
2.23078
2.2548
4.96984
4.99635
5.02444
5.05415
5.08549
5.11873
5.14604
5.11271
5.08118
5.05132
5.02301
4.99633
4.97128
4.94769
4.92554
4.90491
4.8857
4.86776
2.63842
2.28745
2.00106
1.88366
1.88792
1.89275
1.89774
1.91034
1.91722
1.92465
1.93264
1.94119
1.95032
1.96005
1.96379
1.98133
1.99292
2.00516
2.01807
2.03168
2.04601
2.06107
2.07689
2.09349
2.11092
2.12918
2.14832
2.16837
2.18937
4.92554
4.94769
4.97128
4.99633
5.02301
5.05132
5.08118
5.11271
5.14604
5.17485
5.14152
5.10977
5.07972
5.05124
5.02444
4.9992
4.97553
4.95323
4.93254
4.91315
4.89519
4.87863
2.33787
2.03175
1.88783
1.89245
1.89881
1.90716
1.91353
1.92044
1.9279
1.93213
1.93949
1.95366
1.96342
1.97379
1.98477
1.9964
2.00868
2.02164
2.03529
2.04966
4.8258
4.83698
4.8496
4.86331
4.87863
4.89519
4.91315
4.93254
4.95323
4.97553
4.9992
5.02444
5.05124
5.07972
5.10977
5.14152
5.17485
5.20561
5.17193
5.13997
5.10979
5.08121
5.05419
5.02873
5.00491
4.98253
4.9617
4.94217
4.92415
4.90746
4.89225
2.05906
1.89309
1.89915
1.90494
1.91005
1.9158
1.92336
1.93165
1.9403
1.95018
4.80953
4.80953
4.81066
4.81314
4.81682
4.8219
4.82793
4.83555
4.84423
4.85432
4.86566
4.87826
4.89225
4.90746
4.92415
4.94217
4.9617
4.98253
5.00491
5.02873
5.05419
5.08121
5.10979
5.13997
5.17193
5.20561
5.23786
5.204
5.17185
5.14144
5.11264
5.08553
5.06004
5.03606
5.01344
4.99248
4.97291
4.95467
4.93796
4.92262
4.90853
4.89588
4.88442
4.87431
4.86559
4.85806
4.85177
4.84681
4.84297
4.84057
4.83932
4.83932
4.84057
4.84297
4.84681
4.85177
4.85806
4.86559
4.87431
4.88442
4.89588
4.90853
4.92262
4.93796
4.95467
4.97291
4.99248
5.01344
5.03606
5.06004
5.08553
5.11264
5.14144
5.17185
5.204
5.23786
5.27193
5.23792
5.20554
5.1749
5.14603
5.11866
5.09296
5.06885
5.04621
5.02504
5.0052
4.98688
4.97014
4.95467
4.94047
4.92775
4.91615
4.90612
4.89726
4.88972
4.88341
4.87834
4.87464
4.872
4.87086
4.87086
4.872
4.87464
4.87834
4.88341
4.88972
4.89726
4.90612
4.91615
4.92775
4.94047
4.95467
4.97014
4.98688
5.0052
5.02504
5.04621
5.06885
5.09296
5.11866
5.14603
5.1749
5.20554
5.23792
5.27193
