Label: Box
Position: -3.06986, -0.240333, 0.613819
Orientation (Quaternion): 0.109017, -0.682056, -0.0855906, -0.718045
5.27193
5.23792
5.20554
5.1749
5.14603
5.11866
5.09296
5.06885
5.04621
5.02504
5.0052
4.98688
4.97014
4.95467
4.94047
4.92775
4.91615
4.90612
4.89726
4.88972
4.88341
4.87834
4.87464
4.872
4.87086
4.87086
4.872
4.87464
4.87834
4.88341
4.88972
4.89726
4.90612
4.91615
4.92775
4.94047
4.95467
4.97014
4.98688
5.0052
5.02504
5.04621
5.06885
5.09296
5.11866
5.14603
5.1749
5.20554
5.23792
5.27193
5.23786
5.204
5.17185
5.14144
5.11264
5.08553
5.06004
5.03606
5.01344
4.99248
4.97291
4.95467
4.93796
4.92262
4.90853
4.89588
4.88442
4.87431
4.86559
4.85806
4.85177
4.84681
4.84297
4.84057
4.83932
4.83932
4.84057
4.84297
4.84681
4.85177
4.85806
4.86559
4.87431
4.88442
4.89588
4.90853
4.92262
4.93796
4.95467
4.97291
4.99248
5.01344
5.03606
5.06004
5.08553
5.11264
5.14144
5.17185
5.204
5.23786
5.20561
5.17193
5.13997
5.10979
5.08121
5.05419
5.02873
5.00491
4.98253
4.9617
4.94217
4.92415
4.90746
4.89225
4.87826
4.86566
4.85432
4.84423
4.83555
4.82793
4.8219
4.81682
4.81314
4.81066
4.80953
4.80953
4.81066
4.81314
4.81682
4.8219
4.82793
4.83555
4.84423
4.85432
4.86566
4.87826
4.89225
4.90746
4.92415
4.94217
4.9617
4.98253
5.00491
5.02873
5.05419
5.08121
5.10979
5.13997
5.17193
5.20561
5.17485
5.14152
5.10977
5.07972
5.05124
5.02444
4.9992
4.97553
4.95323
4.93254
4.91315
4.89519
4.87863
4.86331
4.8496
4.83698
4.8258
4.81579
4.80702
4.79962
4.7935
4.78853
4.78486
4.78241
4.7812
4.7812
4.78241
4.78486
4.78853
4.7935
4.79962
4.80702
4.81579
4.8258
4.83698
4.8496
4.86331
4.87863
4.89519
4.91315
4.93254
4.95323
4.97553
4.9992
5.02444
5.05124
5.07972
5.10977
5.14152
5.17485
5.14604
5.11271
5.08118
5.05132
5.02301
4.99633
4.97128
4.94769
4.92554
4.90491
4.8857
4.86776
4.8513
4.83623
4.8224
4.80994
4.79877
4.78885
4.78022
4.77281
4.7667
4.76177
4.75808
4.75563
4.75445
4.75445
4.75563
4.75808
4.76177
4.7667
4.77281
4.78022
4.78885
4.79877
4.80994
4.8224
4.83623
4.8513
4.86776
4.8857
4.90491
4.92554
4.94769
4.97128
4.99633
5.02301
5.05132
5.08118
5.11271
5.14604
5.11873
5.08549
5.05415
5.02444
4.99635
4.96984
4.94486
4.92145
4.89936
4.87888
4.85966
4.84199
4.82563
4.81049
4.79679
4.78443
4.77332
4.76344
4.75483
4.74753
4.7414
4.73655
4.73283
4.73028
4.72921
4.72921
4.73028
4.73283
4.73655
4.7414
4.74753
4.75483
4.76344
4.77332
4.78443
4.79679
4.81049
4.82563
4.84199
4.85966
4.87888
4.89936
4.92145
4.94486
4.96984
4.99635
5.02444
5.05415
5.08549
5.11873
5.09291
5.05997
5.02883
4.99918
4.97117
4.94488
4.91999
4.89666
4.87477
4.85427
4.8353
4.81767
4.80135
4.78643
4.77277
4.76042
4.74929
4.7395
4.73092
4.72354
4.71757
4.71274
4.70906
4.70665
4.7055
4.7055
4.70665
4.70906
4.71274
4.71757
4.72354
4.73092
4.7395
4.74929
4.76042
4.77277
4.78643
4.80135
4.81767
4.8353
4.85427
4.87477
4.89666
4.91999
4.94488
4.97117
4.99918
5.02883
5.05997
5.09291
5.06874
5.03604
5.00494
4.97547
4.94765
4.92145
4.89664
4.87345
4.85157
4.83132
4.8123
4.79476
4.77856
4.76371
4.7501
4.73783
4.72677
4.717
4.70854
4.70107
4.69521
4.69036
4.68664
4.68433
4.68308
4.68308
4.68433
4.68664
4.69036
4.69521
4.70107
4.70854
4.717
4.72677
4.73783
4.7501
4.76371
4.77856
4.79476
4.8123
4.83132
4.85157
4.87345
4.89664
4.92145
4.94765
4.97547
5.00494
5.03604
5.06874
5.04619
5.01352
4.98256
4.95323
4.92557
4.89943
4.87474
4.85166
4.82996
4.8097
4.79087
4.77336
4.75715
4.74226
4.72885
4.71665
4.70553
4.69587
4.68742
4.68019
4.67415
4.66937
4.66578
4.66335
4.66211
4.66211
4.66335
4.66578
4.66937
4.67415
4.68019
4.68742
4.69587
4.70553
4.71665
4.72885
4.74226
4.75715
4.77336
4.79087
4.8097
4.82996
4.85166
4.87474
4.89943
4.92557
4.95323
4.98256
5.01352
5.04619
5.02494
4.9924
4.96167
4.93248
4.90468
4.87884
4.85427
4.83133
4.80973
4.7895
4.77078
4.75334
4.73726
4.72251
4.70902
4.69682
4.68589
4.67623
4.66783
4.66062
4.65463
4.64971
4.64622
4.64383
4.64267
4.64267
4.64383
4.64622
4.64971
4.65463
4.66062
4.66783
4.67623
4.68589
4.69682
4.70902
4.72251
4.73726
4.75334
4.77078
4.7895
4.80973
4.83133
4.85427
4.87884
4.90468
4.93248
4.96167
4.9924
5.02494
5.00522
4.9729
4.94222
4.91316
4.88557
4.85973
4.83533
4.81234
4.79087
4.77075
4.75204
4.73471
4.71866
4.70399
4.69059
4.67841
4.66748
4.65784
4.64953
4.64231
4.63636
4.6316
4.62799
4.62561
4.62433
4.62433
4.62561
4.62799
4.6316
4.63636
4.64231
4.64953
4.65784
4.66748
4.67841
4.69059
4.70399
4.71866
4.73471
4.75204
4.77075
4.79087
4.81234
4.83533
4.85973
4.88557
4.91316
4.94222
4.9729
5.00522
4.98698
4.95475
4.92416
4.89523
4.86777
4.8419
4.81768
4.79475
4.77328
4.75335
4.7347
4.71728
4.70143
4.68682
4.67339
4.66129
4.65052
4.64086
4.6324
4.62524
4.61944
4.61467
4.61109
4.60872
4.60747
4.60747
4.60872
4.61109
4.61467
4.61944
4.62524
4.6324
4.64086
4.65052
4.66129
4.67339
4.68682
4.70143
4.71728
4.7347
4.75335
4.77328
4.79475
4.81768
4.8419
4.86777
4.89523
4.92416
4.95475
4.98698
4.97017
4.93796
4.9075
4.87866
4.85138
4.82554
4.80137
4.77857
4.75715
4.73715
4.7186
4.70148
4.68555
4.67088
4.65764
4.64554
4.63475
4.62513
4.61676
4.60959
4.60381
4.59904
4.59535
4.59312
4.59194
4.59194
4.59312
4.59535
4.59904
4.60381
4.60959
4.61676
4.62513
4.63475
4.64554
4.65764
4.67088
4.68555
4.70148
4.7186
4.73715
4.75715
4.77857
4.80137
4.82554
4.85138
4.87866
4.9075
4.93796
4.97017
4.95469
4.9226
4.89222
4.86341
4.83624
4.81046
4.7864
4.76369
4.74232
4.72243
4.70392
4.68681
4.67094
4.65636
4.64313
4.63105
4.62028
4.61072
4.60242
4.59523
4.5894
4.58464
4.58117
4.57871
4.57768
4.57768
4.57871
4.58117
4.58464
4.5894
4.59523
4.60242
4.61072
4.62028
4.63105
4.64313
4.65636
4.67094
4.68681
4.70392
4.72243
4.74232
4.76369
4.7864
4.81046
4.83624
4.86341
4.89222
4.9226
4.95469
4.94054
4.90857
4.87823
4.84961
4.82245
4.79687
4.7727
4.75006
4.72882
4.70901
4.69057
4.6734
4.65762
4.64301
4.62973
4.61783
4.60712
4.5976
4.58933
4.58218
4.57625
4.5715
4.56805
4.56577
4.56457
4.56457
4.56577
4.56805
4.5715
4.57625
4.58218
4.58933
4.5976
4.60712
4.61783
4.62973
4.64301
4.65762
4.6734
4.69057
4.70901
4.72882
4.75006
4.7727
4.79687
4.82245
4.84961
4.87823
4.90857
4.94054
4.92773
4.89582
4.86567
4.83695
4.80995
4.78445
4.76041
4.73765
4.71658
4.69681
4.6784
4.66126
4.64556
4.6311
4.61789
4.60594
4.59518
4.58574
4.57738
4.57035
4.5645
4.55976
4.55622
4.55391
4.55281
4.55281
4.55391
4.55622
4.55976
4.5645
4.57035
4.57738
4.58574
4.59518
4.60594
4.61789
4.6311
4.64556
4.66126
4.6784
4.69681
4.71658
4.73765
4.76041
4.78445
4.80995
4.83695
4.86567
4.89582
4.92773
4.91617
4.88441
4.85422
4.82565
4.79877
4.77328
4.7493
4.72671
4.70563
4.68585
4.66748
4.65041
4.63475
4.62035
4.60713
4.59521
4.58447
4.57505
4.56674
4.55969
4.55388
4.54908
4.54568
4.54334
4.54219
4.54219
4.54334
3.28869
2.72526
2.73047
2.73665
2.74357
2.75122
2.75964
2.76881
2.77877
2.78951
2.80106
2.81344
2.82665
2.84072
2.85589
2.87205
2.88829
2.90727
4.79877
4.82565
4.85422
4.88441
4.91617
4.90614
4.8743
4.84431
4.8158
4.78888
4.76339
4.7393
4.71695
4.69593
4.67622
4.65791
4.64093
4.62521
4.61077
4.59766
4.5857
4.57502
4.56553
4.5574
4.55033
4.54443
4.53978
4.53619
4.53395
4.5328
4.5328
4.53395
4.53619
2.70657
2.71176
2.71788
2.72472
2.73231
2.74065
2.74974
2.75961
2.77026
2.78172
2.79398
2.80708
2.82104
2.83586
2.85158
2.86821
2.88579
2.90433
2.92387
2.94443
2.96605
2.98877
4.89723
4.86553
4.83546
4.80711
4.78015
4.75473
4.7309
4.70845
4.68731
4.66778
4.64942
4.63248
4.61687
4.60246
4.58934
4.57748
4.56682
4.55734
4.54905
4.54197
4.53631
4.53154
4.52813
4.52579
4.52459
4.52459
4.52579
4.52813
2.68882
2.69399
2.70005
2.70684
2.71436
2.72262
2.73164
2.74142
2.75199
2.76335
2.77551
2.78851
2.80235
2.81706
2.83265
2.84915
2.86659
2.88499
2.90438
2.92478
2.94624
2.96878
4.88972
4.858
4.82802
4.79963
4.77285
4.74753
4.72364
4.7012
4.68023
4.66058
4.64217
4.6253
4.60972
4.59529
4.5821
4.57036
4.55974
4.55032
4.54212
4.53508
4.52929
4.52461
4.52112
4.51874
4.51767
4.51767
4.51874
3.20269
2.67198
2.67713
2.68315
2.68987
2.69733
2.70552
2.71447
2.72417
2.73465
2.74592
2.758
2.7709
2.78463
2.79923
2.8147
2.83108
2.84839
2.86665
2.8859
2.90615
2.92745
2.94983
4.88335
4.85182
4.82186
4.79351
4.76673
4.74142
4.71757
4.69517
4.67415
4.65454
4.63631
4.61944
4.60381
4.5894
4.57631
4.56452
4.55383
4.54452
4.53629
4.52923
4.52344
4.51881
4.51525
4.51288
4.51184
4.51184
4.51288
3.17404
2.65602
2.66118
2.66713
2.67381
2.6812
2.68933
2.69821
2.70784
2.71824
2.72943
2.74141
2.75422
2.76785
2.78234
2.79771
2.81397
2.83116
2.84929
2.8684
2.88851
2.90966
2.93188
4.87837
4.84678
4.81696
4.78858
4.76172
4.73654
4.71272
4.69035
4.66938
4.64976
4.63146
4.61461
4.59903
4.5847
4.57155
4.55984
4.54919
4.53979
4.53163
4.52461
4.51881
4.51417
4.51064
4.50831
4.50722
4.50722
4.50831
3.09908
2.64093
2.64608
2.65199
2.65862
2.66596
2.67402
2.68283
2.6924
2.70272
2.71383
2.72573
2.73844
2.75199
2.76638
2.78164
2.79779
2.81486
2.83287
2.85185
2.87183
2.89284
2.91491
4.87451
4.84302
4.81305
4.78486
4.75808
4.73288
4.70899
4.68675
4.66579
4.64624
4.62791
4.61109
4.59551
4.5812
4.56808
4.55632
4.5456
4.53626
4.52811
4.52111
4.51526
4.51064
4.50715
4.50483
4.50359
4.50359
4.50483
3.12471
2.62668
2.63184
2.6377
2.64427
2.65156
2.65957
2.66832
2.67782
2.68807
2.69911
2.71093
2.72356
2.73701
2.75131
2.76647
2.78252
2.79948
2.81738
2.83624
2.85609
2.87697
2.8989
4.87209
4.84054
4.81064
4.78238
4.75568
4.73044
4.70656
4.68427
4.66335
4.64374
4.62561
4.6087
4.5931
4.57879
4.56561
4.55392
4.5434
4.53399
4.52582
4.51876
4.51288
4.50832
4.50483
4.50252
4.50135
4.50135
4.50252
3.02724
2.61326
2.61842
2.62424
2.63076
2.638
2.64596
2.65465
2.66408
2.67428
2.68524
2.69699
2.70954
2.72291
2.73712
2.75219
2.76814
2.78499
2.80278
2.82153
2.84126
2.86202
2.88382
4.87073
4.83939
4.80942
4.78106
4.75444
4.72918
4.70545
4.68307
4.66219
4.64247
4.62437
4.60752
4.59186
4.57765
4.56458
4.55279
4.54218
4.53279
4.52458
4.51766
4.51184
4.50722
4.50359
4.50135
4.50029
4.50029
4.50135
3.05331
2.60065
2.6058
2.61158
2.61806
2.62525
2.63316
2.6418
2.65117
2.6613
2.6722
2.68388
2.69635
2.70965
2.72378
2.73876
2.75462
2.77138
2.78907
2.80771
2.82733
2.84796
2.86965
4.87073
4.83939
4.80942
4.78106
4.75444
4.72918
4.70545
4.68307
4.66219
4.64247
4.62437
4.60752
4.59186
4.57765
4.56458
4.55279
4.54218
4.53279
4.52458
4.51766
4.51184
4.50722
4.50359
4.50135
4.50029
4.50029
4.50135
3.05402
2.58884
2.59397
2.59971
2.60616
2.6133
2.62116
2.62975
2.63907
2.64914
2.65998
2.67159
2.684
2.69722
2.71127
2.72617
2.74194
2.75861
2.77621
2.79475
2.81426
2.83479
2.85636
4.87209
4.84054
4.81064
4.78238
4.75568
4.73044
4.70656
4.68427
4.66335
4.64374
4.62561
4.6087
4.5931
4.57879
4.56561
4.55392
4.5434
4.53399
4.52582
4.51876
4.51288
4.50832
4.50483
4.50252
4.50135
4.50135
4.50252
2.97337
2.57782
2.58291
2.58862
2.59502
2.60213
2.60994
2.61848
2.62776
2.63777
2.64855
2.6601
2.67245
2.6856
2.69957
2.7144
2.73009
2.74668
2.76419
2.78263
2.80205
2.82248
2.84394
4.87451
4.84302
4.81305
4.78486
4.75808
4.73288
4.70899
4.68675
4.66579
4.64624
4.62791
4.61109
4.59551
4.5812
4.56808
4.55632
4.5456
4.53626
4.52811
4.52111
4.51526
4.51064
4.50715
4.50483
4.50359
4.50359
4.50483
3.01069
2.56759
2.5726
2.57828
2.58465
2.59172
2.59949
2.60799
2.61721
2.62718
2.6379
2.6494
2.66168
2.67477
2.68868
2.70344
2.71906
2.73556
2.75299
2.77135
2.79068
2.81101
2.83236
4.87837
4.84678
4.81696
4.78858
4.76172
4.73654
4.71272
4.69035
4.66938
4.64976
4.63146
4.61461
4.59903
4.5847
4.57155
4.55984
4.54919
4.53979
4.53163
4.52461
4.51881
4.51417
4.51064
4.50831
4.50722
4.50722
4.50831
2.9901
2.55807
2.56304
2.56869
2.57502
2.58206
2.58979
2.59825
2.60743
2.61735
2.62802
2.63947
2.65169
2.66472
2.67857
2.69326
2.70881
2.72525
2.74259
2.76087
2.78012
2.80036
2.82163
4.88335
4.85182
4.82186
4.79351
4.76673
4.74142
4.71757
4.69517
4.67415
4.65454
4.63631
4.61944
4.60381
4.5894
4.57631
4.56452
4.55383
4.54452
4.53629
4.52923
4.52344
4.51881
4.51525
4.51288
4.51184
4.51184
4.51288
2.97019
2.54926
2.5542
2.55982
2.56613
2.57313
2.58083
2.58925
2.59839
2.60827
2.6189
2.63029
2.64247
2.65544
2.66923
2.68386
2.69935
2.71572
2.73299
2.7512
2.77037
2.79052
2.81171
4.88972
4.858
4.82802
4.79963
4.77285
4.74753
4.72364
4.7012
4.68023
4.66058
4.64217
4.6253
4.60972
4.59529
4.5821
4.57036
4.55974
4.55032
4.54212
4.53508
4.52929
4.52461
4.52112
4.51874
4.51767
4.51767
4.51874
2.89415
2.54116
2.54608
2.55167
2.55795
2.56492
2.57259
2.58098
2.59008
2.59992
2.61051
2.62186
2.63398
2.64691
2.66065
2.67522
2.69065
2.70696
2.72417
2.74231
2.7614
2.78149
2.80259
4.89723
4.86553
4.83546
4.80711
4.78015
4.75473
4.7309
4.70845
4.68731
4.66778
4.64942
4.63248
4.61687
4.60246
4.58934
4.57748
4.56682
4.55734
4.54905
4.54197
4.53631
4.53154
4.52813
4.52579
4.52459
4.52459
4.52579
2.90906
2.53376
2.53866
2.54424
2.55049
2.55743
2.56507
2.57342
2.58249
2.59221
2.60284
2.61415
2.62624
2.63912
2.65281
2.66733
2.68271
2.69896
2.71611
2.73419
2.75322
2.77323
2.79427
4.90614
4.8743
4.84431
4.8158
4.78888
4.76339
4.7393
4.71695
4.69593
4.67622
4.65791
4.64093
4.62521
4.61077
4.59766
4.5857
4.57502
4.56553
4.5574
4.55033
4.54443
4.53978
4.53619
4.53395
4.5328
4.5328
4.53395
2.89586
2.52706
2.53194
2.53749
2.54372
2.54946
2.55547
2.56204
2.57232
2.58509
2.5959
2.60717
2.61922
2.63206
2.6457
2.66018
2.67551
2.69171
2.70881
2.72683
2.7458
2.76575
2.78672
4.91617
4.88441
4.85422
4.82565
4.79877
4.77328
4.7493
4.72671
4.70563
4.68585
4.66748
4.65041
4.63475
4.62035
4.60713
4.59521
4.58447
4.57505
4.56674
4.55969
4.55388
4.54908
4.54568
4.54334
4.54219
4.54219
3.51561
2.83172
2.52104
2.5259
2.5297
2.53764
2.53885
2.54514
2.55563
2.5642
2.57918
2.58966
2.6009
2.61292
2.62572
2.63932
2.65376
2.66904
2.6852
2.70225
2.72022
2.73914
2.75904
2.77995
4.92773
4.89582
4.86567
4.83695
4.80995
4.78445
4.76041
4.73765
4.71658
4.69681
4.6784
4.66126
4.64556
4.6311
4.61789
4.60594
4.59518
4.58574
4.57738
4.57035
4.5645
4.55976
4.55622
4.55391
4.55281
4.55281
3.49109
2.85475
2.50599
2.52054
2.52354
2.53063
2.53801
2.54513
2.55497
2.56396
2.57136
2.58413
2.59534
2.60732
2.62009
2.63366
2.64806
2.66331
2.67942
2.69643
2.71435
2.73323
2.75307
2.77393
4.94054
4.90857
4.87823
4.84961
4.82245
4.79687
4.7727
4.75006
4.72882
4.70901
4.69057
4.6734
4.65762
4.64301
4.62973
4.61783
4.60712
4.5976
4.58933
4.58218
4.57625
4.5715
4.56805
4.56577
4.56457
4.56457
3.46408
2.83874
2.50487
2.51584
2.51211
2.52753
2.53439
2.54194
2.54531
2.55916
2.56567
2.57928
2.59047
2.60242
2.61516
2.6287
2.64307
2.65828
2.67436
2.69133
2.70922
2.72805
2.74786
2.76867
4.95469
4.9226
4.89222
4.86341
4.83624
4.81046
4.7864
4.76369
4.74232
4.72243
4.70392
4.68681
4.67094
4.65636
4.64313
4.63105
4.62028
4.61072
4.60242
4.59523
4.5894
4.58464
4.58117
4.57871
4.57768
4.57768
3.40251
2.78145
2.5036
2.51183
2.51162
2.52348
2.53031
2.53786
2.54286
2.5485
2.56076
2.57513
2.58629
2.59822
2.61093
2.62445
2.63879
2.65397
2.67002
2.68696
2.70481
2.72361
2.74338
2.76415
4.97017
4.93796
4.9075
4.87866
4.85138
4.82554
4.80137
4.77857
4.75715
4.73715
4.7186
4.70148
4.68555
4.67088
4.65764
4.64554
4.63475
4.62513
4.61676
4.60959
4.60381
4.59904
4.59535
4.59312
4.59194
4.59194
3.42298
2.81546
2.50219
2.50626
2.51031
2.51354
2.52692
2.53444
2.54108
2.54646
2.55662
2.57165
2.58279
2.5947
2.6074
2.62089
2.63521
2.65037
2.66639
2.6833
2.70113
2.7199
2.73963
2.76038
4.98698
4.95475
4.92416
4.89523
4.86777
4.8419
4.81768
4.79475
4.77328
4.75335
4.7347
4.71728
4.70143
4.68682
4.67339
4.66129
4.65052
4.64086
4.6324
4.62524
4.61944
4.61467
4.61109
4.60872
4.60747
4.60747
3.40212
2.8197
2.50062
2.50472
2.51122
2.51207
2.52418
2.53169
2.5399
2.54882
2.55323
2.56885
2.57954
2.59187
2.60455
2.61803
2.63233
2.64747
2.66347
2.68036
2.69816
2.7169
2.73662
2.75733
5.00522
4.9729
4.94222
4.91316
4.88557
4.85973
4.83533
4.81234
4.79087
4.77075
4.75204
4.73471
4.71866
4.70399
4.69059
4.67841
4.66748
4.65784
4.64953
4.64231
4.63636
4.6316
4.62799
4.62561
4.62433
4.62433
3.33057
2.79372
2.49818
2.50782
2.51447
2.51797
2.5235
2.5303
2.53811
2.54681
2.55634
2.5667
2.57783
2.58972
2.60238
2.61585
2.63013
2.64526
2.66125
2.67812
2.6959
2.71463
2.73433
2.75502
5.02494
4.9924
4.96167
4.93248
4.90468
4.87884
4.85427
4.83133
4.80973
4.7895
4.77078
4.75334
4.73726
4.72251
4.70902
4.69682
4.68589
4.67623
4.66783
4.66062
4.65463
4.64971
4.64622
4.64383
4.64267
4.64267
4.64383
4.64622
4.64971
4.65463
4.66062
4.66783
4.67623
4.68589
4.69682
4.70902
4.72251
4.73726
4.75334
4.77078
3.6194
3.59254
3.57241
3.55958
3.52912
3.5085
3.55492
4.96167
4.9924
5.02494
5.04619
5.01352
4.98256
4.95323
4.92557
4.89943
4.87474
4.85166
4.82996
4.8097
4.79087
4.77336
4.75715
4.74226
4.72885
4.71665
4.70553
4.69587
4.68742
4.68019
4.67415
4.66937
4.66578
4.66335
4.66211
4.66211
4.66335
4.66578
4.66937
4.67415
4.68019
4.68742
4.69587
4.70553
4.71665
4.72885
4.74226
4.75715
4.77336
4.79087
4.8097
4.82996
4.85166
4.87474
4.89943
4.92557
4.95323
4.98256
5.01352
5.04619
5.06874
5.03604
5.00494
4.97547
4.94765
4.92145
4.89664
4.87345
4.85157
4.83132
4.8123
4.79476
4.77856
4.76371
4.7501
4.73783
4.72677
4.717
4.70854
4.70107
4.69521
4.69036
4.68664
4.68433
4.68308
4.68308
4.68433
4.68664
4.69036
4.69521
4.70107
4.70854
4.717
4.72677
4.73783
4.7501
4.76371
4.77856
4.79476
4.8123
4.83132
4.85157
4.87345
4.89664
4.92145
4.94765
4.97547
5.00494
5.03604
5.06874
5.09291
5.05997
5.02883
4.99918
4.97117
4.94488
4.91999
4.89666
4.87477
4.85427
4.8353
4.81767
4.80135
4.78643
4.77277
4.76042
4.74929
4.7395
4.73092
4.72354
4.71757
4.71274
4.70906
4.70665
4.7055
4.7055
4.70665
4.70906
4.71274
4.71757
4.72354
4.73092
4.7395
4.74929
4.76042
4.77277
4.78643
4.80135
4.81767
4.8353
4.85427
4.87477
4.89666
4.91999
4.94488
4.97117
4.99918
5.02883
5.05997
5.09291
5.11873
5.08549
5.05415
5.02444
4.99635
4.96984
4.94486
4.92145
4.89936
4.87888
4.85966
4.84199
4.82563
4.81049
4.79679
4.78443
4.77332
4.76344
4.75483
4.74753
4.7414
4.73655
4.73283
4.73028
4.72921
4.72921
4.73028
4.73283
4.73655
4.7414
4.74753
4.75483
4.76344
4.77332
4.78443
4.79679
4.81049
4.82563
4.84199
4.85966
4.87888
4.89936
4.92145
4.94486
4.96984
4.99635
5.02444
5.05415
5.08549
5.11873
5.14604
5.11271
5.08118
5.05132
5.02301
4.99633
4.97128
4.94769
4.92554
4.90491
4.8857
4.86776
4.8513
4.83623
4.8224
4.80994
4.79877
4.78885
4.78022
4.77281
4.7667
4.76177
4.75808
4.75563
4.75445
4.75445
4.75563
4.75808
4.76177
4.7667
4.77281
4.78022
4.78885
4.79877
4.80994
4.8224
4.83623
4.8513
4.86776
4.8857
4.90491
4.92554
4.94769
4.97128
4.99633
5.02301
5.05132
5.08118
5.11271
5.14604
5.17485
5.14152
5.10977
5.07972
5.05124
5.02444
4.9992
4.97553
4.95323
4.93254
4.91315
4.89519
4.87863
4.86331
4.8496
4.83698
4.8258
4.81579
4.80702
4.79962
4.7935
4.78853
4.78486
4.78241
4.7812
4.7812
4.78241
4.78486
4.78853
4.7935
4.79962
4.80702
4.81579
4.8258
4.83698
4.8496
4.86331
4.87863
4.89519
4.91315
4.93254
4.95323
4.97553
4.9992
5.02444
5.05124
5.07972
5.10977
5.14152
5.17485
5.20561
5.17193
5.13997
5.10979
5.08121
5.05419
5.02873
5.00491
4.98253
4.9617
4.94217
4.92415
4.90746
4.89225
4.87826
4.86566
4.85432
4.84423
4.83555
4.82793
4.8219
4.81682
4.81314
4.81066
4.80953
4.80953
4.81066
4.81314
4.81682
4.8219
4.82793
4.83555
4.84423
4.85432
4.86566
4.87826
4.89225
4.90746
4.92415
4.94217
4.9617
4.98253
5.00491
5.02873
5.05419
5.08121
5.10979
5.13997
5.17193
5.20561
5.23786
5.204
5.17185
5.14144
5.11264
5.08553
5.06004
5.03606
5.01344
4.99248
4.97291
4.95467
4.93796
4.92262
4.90853
4.89588
4.88442
4.87431
4.86559
4.85806
4.85177
4.84681
4.84297
4.84057
4.83932
4.83932
4.84057
4.84297
4.84681
4.85177
4.85806
4.86559
4.87431
4.88442
4.89588
4.90853
4.92262
4.93796
4.95467
4.97291
4.99248
5.01344
5.03606
5.06004
5.08553
5.11264
5.14144
5.17185
5.204
5.23786
5.27193
5.23792
5.20554
5.1749
5.14603
5.11866
5.09296
5.06885
5.04621
5.02504
5.0052
4.98688
4.97014
4.95467
4.94047
4.92775
4.91615
4.90612
4.89726
4.88972
4.88341
4.87834
4.87464
4.872
4.87086
4.87086
4.872
4.87464
4.87834
4.88341
4.88972
4.89726
4.90612
4.91615
4.92775
4.94047
4.95467
4.97014
4.98688
5.0052
5.02504
5.04621
5.06885
5.09296
5.11866
5.14603
5.1749
5.20554
5.23792
5.27193
