Label: Box
Position: -3.96362, 0.616565, 0.983093
Orientation (Quaternion): 0.360886, -0.00847159, -0.928463, 0.0874388
5.27193
5.23792
5.20554
5.1749
5.14603
5.11866
5.09296
5.06885
5.04621
5.02504
5.0052
4.98688
4.97014
4.95467
4.94047
4.92775
4.91615
4.90612
4.89726
4.88972
4.88341
4.87834
4.87464
4.872
4.87086
4.87086
4.872
4.87464
4.87834
4.88341
4.88972
4.89726
4.90612
4.91615
4.92775
4.94047
4.95467
4.97014
4.98688
5.0052
5.02504
5.04621
5.06885
5.09296
5.11866
5.14603
5.1749
5.20554
5.23792
5.27193
5.23786
5.204
5.17185
5.14144
5.11264
5.08553
5.06004
5.03606
5.01344
4.99248
4.97291
4.95467
4.93796
4.92262
4.90853
4.89588
4.88442
4.87431
4.86559
4.85806
4.85177
4.84681
4.84297
4.84057
4.83932
4.83932
4.84057
4.84297
4.84681
4.85177
4.85806
4.86559
4.87431
4.88442
4.89588
4.90853
4.92262
4.93796
4.95467
4.97291
4.99248
5.01344
5.03606
5.06004
5.08553
5.11264
5.14144
5.17185
5.204
5.23786
5.20561
5.17193
5.13997
5.10979
5.08121
5.05419
5.02873
5.00491
4.98253
4.9617
4.94217
4.92415
4.90746
4.89225
4.87826
4.86566
4.85432
4.84423
4.83555
4.82793
4.8219
4.81682
4.81314
4.81066
4.80953
4.80953
4.81066
4.81314
4.81682
4.8219
4.82793
4.83555
4.84423
4.85432
4.86566
4.87826
4.89225
4.90746
4.92415
4.94217
4.9617
4.98253
5.00491
5.02873
5.05419
5.08121
5.10979
5.13997
5.17193
5.20561
5.17485
5.14152
5.10977
5.07972
5.05124
5.02444
4.9992
4.97553
4.95323
4.93254
4.91315
4.89519
4.87863
4.86331
4.8496
4.83698
4.8258
4.81579
4.80702
4.79962
4.7935
4.78853
4.78486
4.78241
4.7812
4.7812
4.78241
4.78486
4.78853
4.7935
4.79962
4.80702
4.81579
4.8258
4.83698
4.8496
4.86331
4.87863
4.89519
4.91315
4.93254
4.95323
4.97553
4.9992
5.02444
5.05124
5.07972
5.10977
5.14152
5.17485
5.14604
5.11271
5.08118
5.05132
5.02301
4.99633
4.97128
4.94769
4.92554
4.90491
4.8857
4.86776
4.8513
4.83623
4.8224
4.80994
4.79877
4.78885
4.78022
4.77281
4.7667
4.76177
4.75808
4.75563
4.75445
4.75445
4.75563
4.75808
4.76177
4.7667
4.77281
4.78022
4.78885
4.79877
4.80994
4.8224
4.83623
4.8513
4.86776
4.8857
3.616
3.58954
3.74061
4.97128
4.99633
5.02301
5.05132
5.08118
5.11271
5.14604
5.11873
5.08549
5.05415
5.02444
4.99635
4.96984
4.94486
4.92145
4.89936
4.87888
4.85966
4.84199
4.82563
4.81049
4.79679
4.78443
4.77332
4.76344
4.75483
4.74753
4.7414
4.73655
4.73283
4.73028
4.72921
4.72921
4.73028
4.73283
4.73655
4.7414
4.74753
4.75483
4.76344
4.77332
4.78443
4.79679
4.81049
3.70616
3.67114
3.63771
3.60579
3.57378
3.68021
3.82078
3.985
4.99635
5.02444
5.05415
5.08549
5.11873
5.09291
5.05997
5.02883
4.99918
4.97117
4.94488
4.91999
4.89666
4.87477
4.85427
4.8353
4.81767
4.80135
4.78643
4.77277
4.76042
4.74929
4.7395
4.73092
4.72354
4.71757
4.71274
4.70906
4.70665
4.7055
4.7055
4.70665
4.70906
4.71274
4.71757
4.72354
4.73092
4.7395
4.74929
4.76042
3.77067
3.73254
3.69611
3.66131
3.62809
3.59638
3.56613
3.63082
3.76104
3.91495
4.08956
4.27172
4.46765
5.05997
5.09291
5.06874
5.03604
5.00494
4.97547
4.94765
4.92145
4.89664
4.87345
4.85157
4.83132
4.8123
4.79476
4.77856
4.76371
4.7501
4.73783
4.72677
4.717
4.70854
4.70107
4.69521
4.69036
4.68664
4.68433
4.68308
4.68308
4.68433
4.68664
4.69036
4.69521
4.70107
4.70854
4.717
3.84225
3.80072
3.76104
3.72313
3.68691
3.65232
3.61929
3.58777
3.55769
3.58042
3.71564
3.86503
4.01712
4.20351
4.39779
5.03604
5.06874
5.04619
5.01352
4.98256
4.95323
4.92557
4.89943
4.87474
4.85166
4.82996
4.8097
4.79087
4.77336
4.75715
4.74226
4.72885
4.71665
4.70553
4.69587
4.68742
4.68019
4.67415
4.66937
4.66578
4.66335
4.66211
4.66211
4.66335
4.66578
4.66937
4.67415
3.97005
3.92152
3.8763
3.83307
3.79177
3.7523
3.71458
3.67855
3.64414
3.61129
3.57994
3.55003
3.52388
3.66003
3.81008
3.96735
4.13928
4.32531
5.01352
5.04619
5.02494
4.9924
4.96167
4.93248
4.90468
4.87884
4.85427
4.83133
4.80973
4.7895
4.77078
4.75334
4.73726
4.72251
4.70902
4.69682
4.68589
4.67623
4.66783
4.66062
4.65463
4.64971
4.64622
4.64383
4.64267
4.64267
4.64383
4.64622
4.06085
4.00887
3.95995
3.91285
3.86783
3.82481
3.7837
3.74442
3.70688
3.67103
3.63418
3.60409
3.57289
3.54312
3.51431
3.59429
3.7582
3.91144
4.07879
4.26224
4.44601
5.02494
5.00522
4.9729
4.94222
4.91316
4.88557
4.85973
4.83533
4.81234
4.79087
4.77075
4.75204
4.73471
4.71866
4.70399
4.69059
4.67841
4.66748
4.65784
4.64953
4.64231
4.63636
4.6316
4.62799
4.62561
4.62433
4.62433
4.62561
4.62799
4.04201
3.99272
3.9489
3.90512
3.8603
3.81746
3.77652
3.7374
3.70003
3.66432
3.63023
3.59391
3.56661
3.53697
3.50872
3.5718
3.69254
3.85871
4.02181
4.20042
4.39682
5.00522
4.98698
4.95475
4.92416
4.89523
4.86777
4.8419
4.81768
4.79475
4.77328
4.75335
4.7347
4.71728
4.70143
4.68682
4.67339
4.66129
4.65052
4.64086
4.6324
4.62524
4.61944
4.61467
4.61109
4.60872
4.60747
4.60747
4.60872
4.61109
4.04514
3.99397
3.94506
3.89019
3.85368
3.811
3.77022
3.73125
3.69401
3.65844
3.62447
3.59204
3.55744
3.53158
3.50343
3.52874
3.65374
3.80429
3.96814
4.14225
4.33351
4.98698
4.97017
4.93796
4.9075
4.87866
4.85138
4.82554
4.80137
4.77857
4.75715
4.73715
4.7186
4.70148
4.68555
4.67088
4.65764
4.64554
4.63475
4.62513
4.61676
4.60959
4.60381
4.59904
4.59535
4.59312
4.59194
4.59194
4.59312
4.59535
4.03512
3.98221
3.93907
3.89248
3.84797
3.80544
3.76478
3.72593
3.67962
3.65335
3.61951
3.58718
3.55634
3.52692
3.49887
3.47641
3.61472
3.74793
3.90636
4.08752
4.27399
4.97017
4.95469
4.9226
4.89222
4.86341
4.83624
4.81046
4.7864
4.76369
4.74232
4.72243
4.70392
4.68681
4.67094
4.65636
4.64313
4.63105
4.62028
4.61072
4.60242
4.59523
4.5894
4.58464
4.58117
4.57871
4.57768
4.57768
4.57871
4.58117
4.58464
3.97581
3.93402
3.88756
3.84317
3.80074
3.76021
3.72147
3.68445
3.6491
3.61533
3.5831
3.55154
3.523
3.49503
3.46818
3.57628
3.70056
3.86998
4.03602
4.21808
4.41852
4.94054
4.90857
4.87823
4.84961
4.82245
4.79687
4.7727
4.75006
4.72882
4.70901
4.69057
4.6734
4.65762
4.64301
4.62973
4.61783
4.60712
4.5976
4.58933
4.58218
4.57625
4.5715
4.56805
4.56577
4.56457
4.56457
4.56577
4.56805
4.5715
3.9697
3.92992
3.87968
3.83635
3.79695
3.75649
3.71733
3.68091
3.64563
3.61194
3.57977
3.54908
3.51981
3.49191
3.46532
3.53893
3.67636
3.82515
3.98759
4.16553
4.34745
4.92773
4.89582
4.86567
4.83695
4.80995
4.78445
4.76041
4.73765
4.71658
4.69681
4.6784
4.66126
4.64556
4.6311
4.61789
4.60594
4.59518
4.58574
4.57738
4.57035
4.5645
4.55976
4.55622
4.55391
4.55281
4.55281
4.55391
4.55622
4.55976
3.97102
3.92677
3.8805
3.83628
3.79402
3.75046
3.71504
3.67817
3.64295
3.60932
3.57722
3.54658
3.51736
3.48951
3.46297
3.4921
3.61306
3.783
3.94206
4.11617
4.3037
4.91617
4.88441
4.85422
4.82565
4.79877
4.77328
4.7493
4.72671
4.70563
4.68585
4.66748
4.65041
4.63475
4.62035
4.60713
4.59521
4.58447
4.57505
4.56674
4.55969
4.55388
4.54908
4.54568
4.54334
4.54219
4.54219
4.54334
4.54568
4.54908
3.97172
3.91324
3.87833
3.83417
3.79195
3.7496
3.71308
3.6711
3.64108
3.60749
3.57542
3.54482
3.51564
3.48782
3.46132
3.45423
3.58394
3.74337
3.89025
4.06984
4.25289
4.90614
4.8743
4.84431
4.8158
4.78888
4.76339
4.7393
4.71695
4.69593
4.67622
4.65791
4.64093
4.62521
4.61077
4.59766
4.5857
4.57502
4.56553
4.5574
4.55033
4.54443
4.53978
4.53619
4.53395
4.5328
4.5328
4.53395
4.53619
4.53978
3.97228
3.91687
3.86603
3.83295
3.79077
3.75046
3.71194
3.67514
3.63999
3.60642
3.57438
3.5438
3.51464
3.48684
3.46035
3.42663
3.55443
3.69914
3.85914
4.02639
4.20868
4.89723
4.86553
4.83546
4.80711
4.78015
4.75473
4.7309
4.70845
4.68731
4.66778
4.64942
4.63248
4.61687
4.60246
4.58934
4.57748
4.56682
4.55734
4.54905
4.54197
4.53631
4.53154
4.52813
4.52579
4.52459
4.52459
4.52579
4.52813
4.53154
4.53631
3.9196
3.87292
3.83262
3.79045
3.75015
3.71163
3.67484
3.6397
3.60614
3.5741
3.54353
3.51437
3.4755
3.4601
3.43487
3.52598
3.67119
3.81921
3.98485
4.16572
4.88972
4.858
4.82802
4.79963
4.77285
4.74753
4.72364
4.7012
4.68023
4.66058
4.64217
4.6253
4.60972
4.59529
4.5821
4.57036
4.55974
4.55032
4.54212
4.53508
4.52929
4.52461
4.52112
4.51874
4.51767
4.51767
4.51874
4.52112
4.52461
4.52929
3.92181
3.87732
3.83318
3.79099
3.75068
3.71215
3.67535
3.64019
3.60662
3.57457
3.54399
3.50598
3.48012
3.45537
3.43167
3.49928
3.63698
3.78575
3.94755
4.12436
4.88335
4.85182
4.82186
4.79351
4.76673
4.74142
4.71757
4.69517
4.67415
4.65454
4.63631
4.61944
4.60381
4.5894
4.57631
4.56452
4.55383
4.54452
4.53629
4.52923
4.52344
4.51881
4.51525
4.51288
4.51184
4.51184
4.51288
4.51525
4.51881
4.52344
3.92503
3.8788
3.83462
3.7924
3.75205
3.7135
3.67666
3.64148
3.60788
3.5758
3.5452
3.50674
3.48278
3.46167
3.43644
3.47179
3.60759
3.75323
3.91193
4.08574
4.87837
4.84678
4.81696
4.78858
4.76172
4.73654
4.71272
4.69035
4.66938
4.64976
4.63146
4.61461
4.59903
4.5847
4.57155
4.55984
4.54919
4.53979
4.53163
4.52461
4.51881
4.51417
4.51064
4.50831
4.50722
4.50722
4.50831
4.51064
4.51417
4.51881
3.92749
3.8812
3.83696
3.79468
3.75428
3.71568
3.67879
3.64356
3.60992
3.5778
3.54715
3.51021
3.48575
3.4635
3.43778
3.44727
3.57916
3.72176
3.87865
4.05223
4.87451
4.84302
4.81305
4.78486
4.75808
4.73288
4.70899
4.68675
4.66579
4.64624
4.62791
4.61109
4.59551
4.5812
4.56808
4.55632
4.5456
4.53626
4.52811
4.52111
4.51526
4.51064
4.50715
4.50483
4.50359
4.50359
4.50483
4.50715
4.51064
4.51526
3.93088
3.88451
3.84019
3.79784
3.75736
3.71868
3.68173
3.64644
3.61273
3.58054
3.54984
3.52056
3.49269
3.82312
4.19866
4.75808
4.78486
4.81305
4.84302
4.87451
4.87209
4.84054
4.81064
4.78238
4.75568
4.73044
4.70656
4.68427
4.66335
4.64374
4.62561
4.6087
4.5931
4.57879
4.56561
4.55392
4.5434
4.53399
4.52582
4.51876
4.51288
4.50832
4.50483
4.50252
4.50135
4.50135
4.50252
4.50483
4.50832
4.51288
4.51876
3.88874
3.84432
3.80186
3.76129
3.72252
3.68549
3.65003
3.62089
4.18628
4.64374
4.66335
4.68427
4.70656
4.73044
4.75568
4.78238
4.81064
4.84054
4.87209
4.87073
4.83939
4.80942
4.78106
4.75444
4.72918
4.70545
4.68307
4.66219
4.64247
4.62437
4.60752
4.59186
4.57765
4.56458
4.55279
4.54218
4.53279
4.52458
4.51766
4.51184
4.50722
4.50359
4.50135
4.50029
4.50029
4.50135
4.50359
4.50722
4.51184
4.51766
3.89256
3.8492
3.80743
4.51049
4.56458
4.57765
4.59186
4.60752
4.62437
4.64247
4.66219
4.68307
4.70545
4.72918
4.75444
4.78106
4.80942
4.83939
4.87073
4.87073
4.83939
4.80942
4.78106
4.75444
4.72918
4.70545
4.68307
4.66219
4.64247
4.62437
4.60752
4.59186
4.57765
4.56458
4.55279
4.54218
4.53279
4.52458
4.51766
4.51184
4.50722
4.50359
4.50135
4.50029
4.50029
4.50135
4.50359
4.50722
4.51184
4.51766
4.52458
4.53279
4.54218
4.55279
4.56458
4.57765
4.59186
4.60752
4.62437
4.64247
4.66219
4.68307
4.70545
4.72918
4.75444
4.78106
4.80942
4.83939
4.87073
4.87209
4.84054
4.81064
4.78238
4.75568
4.73044
4.70656
4.68427
4.66335
4.64374
4.62561
4.6087
4.5931
4.57879
4.56561
4.55392
4.5434
4.53399
4.52582
4.51876
4.51288
4.50832
4.50483
4.50252
4.50135
4.50135
4.50252
4.50483
4.50832
4.51288
4.51876
4.52582
4.53399
4.5434
4.55392
4.56561
4.57879
4.5931
4.6087
4.62561
4.64374
4.66335
4.68427
4.70656
4.73044
4.75568
4.78238
4.81064
4.84054
4.87209
4.87451
4.84302
4.81305
4.78486
4.75808
4.73288
4.70899
4.68675
4.66579
4.64624
4.62791
4.61109
4.59551
4.5812
4.56808
4.55632
4.5456
4.53626
4.52811
4.52111
4.51526
4.51064
4.50715
4.50483
4.50359
4.50359
4.50483
4.50715
4.51064
4.51526
4.52111
4.52811
4.53626
4.5456
4.55632
4.56808
4.5812
4.59551
4.61109
4.62791
4.64624
4.66579
4.68675
4.70899
4.73288
4.75808
4.78486
4.81305
4.84302
4.87451
4.87837
4.84678
4.81696
4.78858
4.76172
4.73654
4.71272
4.69035
4.66938
4.64976
4.63146
4.61461
4.59903
4.5847
4.57155
4.55984
4.54919
4.53979
4.53163
4.52461
4.51881
4.51417
4.51064
4.50831
4.50722
4.50722
4.50831
4.51064
4.51417
4.51881
4.52461
4.53163
4.53979
4.54919
4.55984
4.57155
4.5847
4.59903
4.61461
4.63146
4.64976
4.66938
4.69035
4.71272
4.73654
4.76172
4.78858
4.81696
4.84678
4.87837
4.88335
4.85182
4.82186
4.79351
4.76673
4.74142
4.71757
4.69517
4.67415
4.65454
4.63631
4.61944
4.60381
4.5894
4.57631
4.56452
4.55383
4.54452
4.53629
4.52923
4.52344
4.51881
4.51525
4.51288
4.51184
4.51184
4.51288
4.51525
4.51881
4.52344
4.52923
4.53629
4.54452
4.55383
4.56452
4.57631
4.5894
4.60381
4.61944
4.63631
4.65454
4.67415
4.69517
4.71757
4.74142
4.76673
4.79351
4.82186
4.85182
4.88335
4.88972
4.858
4.82802
4.79963
4.77285
4.74753
4.72364
4.7012
4.68023
4.66058
4.64217
4.6253
4.60972
4.59529
4.5821
4.57036
4.55974
4.55032
4.54212
4.53508
4.52929
4.52461
4.52112
4.51874
4.51767
4.51767
4.51874
4.52112
4.52461
4.52929
4.53508
4.54212
4.55032
4.55974
4.57036
4.5821
4.59529
4.60972
4.6253
4.64217
4.66058
4.68023
4.7012
4.72364
4.74753
4.77285
4.79963
4.82802
4.858
4.88972
4.89723
4.86553
4.83546
4.80711
4.78015
4.75473
4.7309
4.70845
4.68731
4.66778
4.64942
4.63248
4.61687
4.60246
4.58934
4.57748
4.56682
4.55734
4.54905
4.54197
4.53631
4.53154
4.52813
4.52579
4.52459
4.52459
4.52579
4.52813
4.53154
4.53631
4.54197
4.54905
4.55734
4.56682
4.57748
4.58934
4.60246
4.61687
4.63248
4.64942
4.66778
4.68731
4.70845
4.7309
4.75473
4.78015
4.80711
4.83546
4.86553
4.89723
4.90614
4.8743
4.84431
4.8158
4.78888
4.76339
4.7393
4.71695
4.69593
4.67622
4.65791
4.64093
4.62521
4.61077
4.59766
4.5857
4.57502
4.56553
4.5574
4.55033
4.54443
4.53978
4.53619
4.53395
4.5328
4.5328
4.53395
4.53619
4.53978
4.54443
4.55033
4.5574
4.56553
4.57502
4.5857
4.59766
4.61077
4.62521
4.64093
4.65791
4.67622
4.69593
4.71695
4.7393
4.76339
4.78888
4.8158
4.84431
4.8743
4.90614
4.91617
4.88441
4.85422
4.82565
4.79877
4.77328
4.7493
4.72671
4.70563
4.68585
4.66748
4.65041
4.63475
4.62035
4.60713
4.59521
4.58447
4.57505
4.56674
4.55969
4.55388
4.54908
4.54568
4.54334
4.54219
4.54219
4.54334
4.54568
4.54908
4.55388
4.55969
4.56674
4.57505
4.58447
4.59521
4.60713
4.62035
4.63475
4.65041
4.66748
4.68585
4.70563
4.72671
4.7493
4.77328
4.79877
4.82565
4.85422
4.88441
4.91617
4.92773
4.89582
4.86567
4.83695
4.80995
4.78445
4.76041
4.73765
4.71658
4.69681
4.6784
4.66126
4.64556
4.6311
4.61789
4.60594
4.59518
4.58574
4.57738
4.57035
4.5645
4.55976
4.55622
4.55391
4.55281
4.55281
4.55391
4.55622
4.55976
4.5645
4.57035
4.57738
4.58574
4.59518
4.60594
4.61789
4.6311
4.64556
4.66126
4.6784
4.69681
4.71658
4.73765
4.76041
4.78445
4.80995
4.83695
4.86567
4.89582
4.92773
4.94054
4.90857
4.87823
4.84961
4.82245
4.79687
4.7727
4.75006
4.72882
4.70901
4.69057
4.6734
4.65762
4.64301
4.62973
4.61783
4.60712
4.5976
4.58933
4.58218
4.57625
4.5715
4.56805
4.56577
4.56457
4.56457
4.56577
4.56805
4.5715
4.57625
4.58218
4.58933
4.5976
4.60712
4.61783
4.62973
4.64301
4.65762
4.6734
4.69057
4.70901
4.72882
4.75006
4.7727
4.79687
4.82245
4.84961
4.87823
4.90857
4.94054
4.95469
4.9226
4.89222
4.86341
4.83624
4.81046
4.7864
4.76369
4.74232
4.72243
4.70392
4.68681
4.67094
4.65636
4.64313
4.63105
4.62028
4.61072
4.60242
4.59523
4.5894
4.58464
4.58117
4.57871
4.57768
4.57768
4.57871
4.58117
4.58464
4.5894
4.59523
4.60242
4.61072
4.62028
4.63105
4.64313
4.65636
4.67094
4.68681
4.70392
4.72243
4.74232
4.76369
4.7864
4.81046
4.83624
4.86341
4.89222
4.9226
4.95469
4.97017
4.93796
4.9075
4.87866
4.85138
4.82554
4.80137
4.77857
4.75715
4.73715
4.7186
4.70148
4.68555
4.67088
4.65764
4.64554
4.63475
4.62513
4.61676
4.60959
4.60381
4.59904
4.59535
4.59312
4.59194
4.59194
4.59312
4.59535
4.59904
4.60381
4.60959
4.61676
4.62513
4.63475
4.64554
4.65764
4.67088
4.68555
4.70148
4.7186
4.73715
4.75715
4.77857
4.80137
4.82554
4.85138
4.87866
4.9075
4.93796
4.97017
4.98698
4.95475
4.92416
4.89523
4.86777
4.8419
4.81768
4.79475
4.77328
4.75335
4.7347
4.71728
4.70143
4.68682
4.67339
4.66129
4.65052
4.64086
4.6324
4.62524
4.61944
4.61467
4.61109
4.60872
4.60747
4.60747
4.60872
4.61109
4.61467
4.61944
4.62524
4.6324
4.64086
4.65052
4.66129
4.67339
4.68682
4.70143
4.71728
4.7347
4.75335
4.77328
4.79475
4.81768
4.8419
4.86777
4.89523
4.92416
4.95475
4.98698
5.00522
4.9729
4.94222
4.91316
4.88557
4.85973
4.83533
4.81234
4.79087
4.77075
4.75204
4.73471
4.71866
4.70399
4.69059
4.67841
4.66748
4.65784
4.64953
4.64231
4.63636
4.6316
4.62799
4.62561
4.62433
4.62433
4.62561
4.62799
4.6316
4.63636
4.64231
4.64953
4.65784
4.66748
4.67841
4.69059
4.70399
4.71866
4.73471
4.75204
4.77075
4.79087
4.81234
4.83533
4.85973
4.88557
4.91316
4.94222
4.9729
5.00522
5.02494
4.9924
4.96167
4.93248
4.90468
4.87884
4.85427
4.83133
4.80973
4.7895
4.77078
4.75334
4.73726
4.72251
4.70902
4.69682
4.68589
4.67623
4.66783
4.66062
4.65463
4.64971
4.64622
4.64383
4.64267
4.64267
4.64383
4.64622
4.64971
4.65463
4.66062
4.66783
4.67623
4.68589
4.69682
4.70902
4.72251
4.73726
4.75334
4.77078
4.7895
4.80973
4.83133
4.85427
4.87884
4.90468
4.93248
4.96167
4.9924
5.02494
5.04619
5.01352
4.98256
4.95323
4.92557
4.89943
4.87474
4.85166
4.82996
4.8097
4.79087
4.77336
4.75715
4.74226
4.72885
4.71665
4.70553
4.69587
4.68742
4.68019
4.67415
4.66937
4.66578
4.66335
4.66211
4.66211
4.66335
4.66578
4.66937
4.67415
4.68019
4.68742
4.69587
4.70553
4.71665
4.72885
4.74226
4.75715
4.77336
4.79087
4.8097
4.82996
4.85166
4.87474
4.89943
4.92557
4.95323
4.98256
5.01352
5.04619
5.06874
5.03604
5.00494
4.97547
4.94765
4.92145
4.89664
4.87345
4.85157
4.83132
4.8123
4.79476
4.77856
4.76371
4.7501
4.73783
4.72677
4.717
4.70854
4.70107
4.69521
4.69036
4.68664
4.68433
4.68308
4.68308
4.68433
4.68664
4.69036
4.69521
4.70107
4.70854
4.717
4.72677
4.73783
4.7501
4.76371
4.77856
4.79476
4.8123
4.83132
4.85157
4.87345
4.89664
4.92145
4.94765
4.97547
5.00494
5.03604
5.06874
5.09291
5.05997
5.02883
4.99918
4.97117
4.94488
4.91999
4.89666
4.87477
4.85427
4.8353
4.81767
4.80135
4.78643
4.77277
4.76042
4.74929
4.7395
4.73092
4.72354
4.71757
4.71274
4.70906
4.70665
4.7055
4.7055
4.70665
4.70906
4.71274
4.71757
4.72354
4.73092
4.7395
4.74929
4.76042
4.77277
4.78643
4.80135
4.81767
4.8353
4.85427
4.87477
4.89666
4.91999
4.94488
4.97117
4.99918
5.02883
5.05997
5.09291
5.11873
5.08549
5.05415
5.02444
4.99635
4.96984
4.94486
4.92145
4.89936
4.87888
4.85966
4.84199
4.82563
4.81049
4.79679
4.78443
4.77332
4.76344
4.75483
4.74753
4.7414
4.73655
4.73283
4.73028
4.72921
4.72921
4.73028
4.73283
4.73655
4.7414
4.74753
4.75483
4.76344
4.77332
4.78443
4.79679
4.81049
4.82563
4.84199
4.85966
4.87888
4.89936
4.92145
4.94486
4.96984
4.99635
5.02444
5.05415
5.08549
5.11873
5.14604
5.11271
5.08118
5.05132
5.02301
4.99633
4.97128
4.94769
4.92554
4.90491
4.8857
4.86776
4.8513
4.83623
4.8224
4.80994
4.79877
4.78885
4.78022
4.77281
4.7667
4.76177
4.75808
4.75563
4.75445
4.75445
4.75563
4.75808
4.76177
4.7667
4.77281
4.78022
4.78885
4.79877
4.80994
4.8224
4.83623
4.8513
4.86776
4.8857
4.90491
4.92554
4.94769
4.97128
4.99633
5.02301
5.05132
5.08118
5.11271
5.14604
5.17485
5.14152
5.10977
5.07972
5.05124
5.02444
4.9992
4.97553
4.95323
4.93254
4.91315
4.89519
4.87863
4.86331
4.8496
4.83698
4.8258
4.81579
4.80702
4.79962
4.7935
4.78853
4.78486
4.78241
4.7812
4.7812
4.78241
4.78486
4.78853
4.7935
4.79962
4.80702
4.81579
4.8258
4.83698
4.8496
4.86331
4.87863
4.89519
4.91315
4.93254
4.95323
4.97553
4.9992
5.02444
5.05124
5.07972
5.10977
5.14152
5.17485
5.20561
5.17193
5.13997
5.10979
5.08121
5.05419
5.02873
5.00491
4.98253
4.9617
4.94217
4.92415
4.90746
4.89225
4.87826
4.86566
4.85432
4.84423
4.83555
4.82793
4.8219
4.81682
4.81314
4.81066
4.80953
4.80953
4.81066
4.81314
4.81682
4.8219
4.82793
4.83555
4.84423
4.85432
4.86566
4.87826
4.89225
4.90746
4.92415
4.94217
4.9617
4.98253
5.00491
5.02873
5.05419
5.08121
5.10979
5.13997
5.17193
5.20561
5.23786
5.204
5.17185
5.14144
5.11264
5.08553
5.06004
5.03606
5.01344
4.99248
4.97291
4.95467
4.93796
4.92262
4.90853
4.89588
4.88442
4.87431
4.86559
4.85806
4.85177
4.84681
4.84297
4.84057
4.83932
4.83932
4.84057
4.84297
4.84681
4.85177
4.85806
4.86559
4.87431
4.88442
4.89588
4.90853
4.92262
4.93796
4.95467
4.97291
4.99248
5.01344
5.03606
5.06004
5.08553
5.11264
5.14144
5.17185
5.204
5.23786
5.27193
5.23792
5.20554
5.1749
5.14603
5.11866
5.09296
5.06885
5.04621
5.02504
5.0052
4.98688
4.97014
4.95467
4.94047
4.92775
4.91615
4.90612
4.89726
4.88972
4.88341
4.87834
4.87464
4.872
4.87086
4.87086
4.872
4.87464
4.87834
4.88341
4.88972
4.89726
4.90612
4.91615
4.92775
4.94047
4.95467
4.97014
4.98688
5.0052
5.02504
5.04621
5.06885
5.09296
5.11866
5.14603
5.1749
5.20554
5.23792
5.27193
