Label: Box
Position: -2.11121, 0.44969, 0.52971
Orientation (Quaternion): -0.350355, -0.918815, -0.140122, 0.115737
5.27193
5.23792
5.20554
5.1749
5.14603
5.11866
5.09296
5.06885
5.04621
5.02504
5.0052
4.98688
4.97014
4.95467
4.94047
4.92775
4.91615
4.90612
4.89726
4.88972
2.0199
4.87834
1.99052
1.9769
1.96397
1.9517
1.94009
1.9291
1.91872
1.90895
1.89976
1.89114
1.88308
1.87557
1.86859
1.86215
1.85622
1.85081
1.8459
1.84149
1.83757
1.83413
1.83118
1.82871
1.82671
1.82519
1.82413
1.82355
1.82344
1.82379
5.23786
5.204
5.17185
5.14144
5.11264
5.08553
5.06004
5.03606
5.01344
4.99248
4.97291
4.95467
4.93796
4.92262
4.90853
4.89588
4.88442
4.87431
4.86559
4.85806
4.85177
1.98386
1.96979
1.95644
1.94377
1.93176
1.92038
1.90962
1.89947
1.88991
1.88092
1.8725
1.86463
1.85731
1.85051
1.84423
1.83847
1.83322
1.82846
1.82419
1.82041
1.81711
1.81429
1.81194
1.81006
1.80866
1.80771
1.80724
1.80722
1.80767
5.20561
5.17193
5.13997
5.10979
5.08121
5.05419
5.02873
5.00491
4.98253
4.9617
4.94217
4.92415
4.90746
4.89225
4.87826
4.86566
4.85432
4.84423
4.83555
1.99347
1.97826
1.96377
1.94999
1.9369
1.92448
1.9127
1.90155
1.89101
1.88107
1.87171
1.86292
1.85469
1.847
1.83984
1.83321
1.8271
1.82149
1.81638
1.81177
1.80764
1.80399
1.80082
1.79812
1.79589
1.79413
1.79283
1.79199
1.79161
1.79169
1.79223
5.17485
5.14152
5.10977
5.07972
5.05124
5.02444
4.9992
4.97553
4.95323
4.93254
4.91315
4.89519
4.87863
4.86331
4.8496
4.83698
4.8258
4.81579
4.80702
1.97378
1.95884
1.94462
1.93109
1.91824
1.90605
1.89449
1.88356
1.87323
1.86348
1.85432
1.84571
1.83766
1.83014
1.82315
1.81667
1.81071
1.80525
1.80028
1.7958
1.7918
1.78828
1.78523
1.78265
1.78053
1.77887
1.77767
1.77693
1.77665
1.77682
1.77745
5.14604
5.11271
5.08118
5.05132
5.02301
4.99633
4.97128
4.94769
4.92554
4.90491
4.8857
4.86776
4.8513
4.83623
4.8224
4.80994
4.79877
4.78885
1.9704
1.95499
1.9403
1.92633
1.91304
1.90042
1.88845
1.87711
1.86638
1.85624
1.84669
1.8377
1.82927
1.82138
1.81402
1.80719
1.80086
1.79504
1.78972
1.78489
1.78053
1.77666
1.77325
1.77031
1.76784
1.76583
1.76427
1.76317
1.76252
1.76232
1.76258
1.76329
5.11873
5.08549
5.05415
5.02444
4.99635
4.96984
4.94486
4.92145
4.89936
4.87888
4.85966
4.84199
4.82563
4.81049
4.79679
4.78443
4.77332
1.96814
1.9522
1.93706
1.92262
1.90888
1.89582
1.88342
1.87165
1.86051
1.84997
1.84002
1.83065
1.82183
1.81356
1.80583
1.79863
1.79194
1.78576
1.78007
1.77488
1.77017
1.76594
1.76218
1.75888
1.75605
1.75368
1.75176
1.7503
1.74929
1.74873
1.74862
1.74896
1.74974
5.09291
5.05997
5.02883
4.99918
4.97117
4.94488
4.91999
4.89666
4.87477
4.85427
4.8353
4.81767
4.80135
4.78643
4.77277
4.76042
1.96698
1.95055
1.93465
1.91996
1.90575
1.89224
1.87939
1.86719
1.85563
1.84467
1.83431
1.82454
1.81533
1.80668
1.79857
1.79099
1.78393
1.77738
1.77133
1.76577
1.7607
1.75611
1.75199
1.74834
1.74515
1.74242
1.74015
1.73833
1.73695
1.73603
1.73555
1.73551
1.73593
1.73678
5.06874
5.03604
5.00494
4.97547
4.94765
4.92145
4.89664
4.87345
4.85157
4.83132
4.8123
4.79476
4.77856
4.76371
4.7501
4.73783
1.94997
1.93379
1.91754
1.90367
1.88968
1.87637
1.86372
1.85172
1.84034
1.82957
1.81938
1.80977
1.80072
1.79222
1.78426
1.77682
1.7699
1.76348
1.75755
1.75212
1.74717
1.74269
1.73868
1.73513
1.73204
1.7294
1.72722
1.72549
1.7242
1.72335
1.72295
1.72299
1.72347
1.7244
5.04619
5.01352
4.98256
4.95323
4.92557
4.89943
4.87474
4.85166
4.82996
4.8097
4.79087
4.77336
4.75715
4.74226
4.72885
4.71665
4.70553
1.91782
1.90262
1.88814
1.87436
1.86125
1.8488
1.83698
1.82577
1.81517
1.80514
1.79569
1.78679
1.77844
1.77061
1.76331
1.75651
1.75022
1.74441
1.73909
1.73425
1.72988
1.72597
1.72252
1.71952
1.71698
1.71488
1.71323
1.71202
1.71125
1.71092
1.71103
1.71158
1.71257
5.02494
4.9924
4.96167
4.93248
4.90468
4.87884
4.85427
4.83133
4.80973
4.7895
4.77078
4.75334
4.73726
4.72251
4.70902
4.69682
4.68589
1.90324
1.88764
1.87336
1.85977
1.84685
1.83458
1.82293
1.81189
1.80145
1.79158
1.78228
1.77352
1.7653
1.75761
1.75043
1.74376
1.73758
1.73189
1.72668
1.72194
1.71766
1.71385
1.71049
1.70758
1.70512
1.70311
1.70153
1.7004
1.6997
1.69944
1.69961
1.70023
1.70128
5.00522
4.9729
4.94222
4.91316
4.88557
4.85973
4.83533
4.81234
4.79087
4.77075
4.75204
4.73471
4.71866
4.70399
4.69059
4.67841
4.66748
4.65784
1.87367
1.8593
1.8459
1.83315
1.82105
1.80957
1.79869
1.78839
1.77867
1.76951
1.76088
1.7528
1.74523
1.73817
1.73161
1.72554
1.71995
1.71484
1.7102
1.70602
1.7023
1.69903
1.6962
1.69382
1.69188
1.69038
1.68932
1.68869
1.68849
1.68873
1.6894
1.69051
4.98698
4.95475
4.92416
4.89523
4.86777
4.8419
4.81768
4.79475
4.77328
4.75335
4.7347
4.71728
4.70143
4.68682
4.67339
4.66129
4.65052
4.64086
4.6324
1.84602
1.83271
1.82013
1.80819
1.79686
1.78613
1.77598
1.76639
1.75736
1.74886
1.7409
1.73345
1.7265
1.72005
1.71408
1.7086
1.70358
1.69904
1.69494
1.69131
1.68812
1.68537
1.68307
1.6812
1.67977
1.67877
1.6782
1.67807
1.67836
1.67909
1.68025
4.97017
4.93796
4.9075
4.87866
4.85138
4.82554
4.80137
4.77857
4.75715
4.73715
4.7186
4.70148
4.68555
4.67088
4.65764
4.64554
4.63475
4.62513
4.61676
4.60959
1.82046
1.80776
1.79597
1.78479
1.7742
1.76418
1.75472
1.74582
1.73744
1.72959
1.72225
1.71541
1.70906
1.70319
1.6978
1.69288
1.68842
1.68441
1.68085
1.67774
1.67507
1.67283
1.67103
1.66967
1.66873
1.66822
1.66815
1.6685
1.66928
1.67049
4.95469
4.9226
4.89222
4.86341
4.83624
4.81046
4.7864
4.76369
4.74232
4.72243
4.70392
4.68681
4.67094
4.65636
4.64313
4.63105
4.62028
4.61072
4.60242
4.59523
4.5894
1.79603
1.78438
1.77088
1.76287
1.75298
1.74365
1.73486
1.7266
1.71886
1.71162
1.70488
1.69863
1.69285
1.68755
1.68271
1.67833
1.6744
1.67092
1.66788
1.66528
1.66311
1.66138
1.66007
1.65919
1.65874
1.65872
1.65912
1.65995
1.6612
4.94054
4.90857
4.87823
4.84961
4.82245
4.79687
4.7727
4.75006
4.72882
4.70901
4.69057
4.6734
4.65762
4.64301
4.62973
4.61783
4.60712
4.5976
4.58933
4.58218
4.57625
4.5715
1.77339
1.76248
1.74636
1.74237
1.73316
1.72448
1.71632
1.70868
1.70154
1.69489
1.68873
1.68305
1.67783
1.67307
1.66877
1.66491
1.6615
1.65853
1.65599
1.65389
1.65221
1.65097
1.65014
1.64975
1.64977
1.65022
1.65109
1.6524
4.92773
4.89582
4.86567
4.83695
4.80995
4.78445
4.76041
4.73765
4.71658
4.69681
4.6784
4.66126
4.64556
4.6311
4.61789
4.60594
4.59518
4.58574
4.57738
4.57035
4.5645
4.55976
4.55622
1.75221
1.74199
1.73233
1.72322
1.71465
1.70659
1.69905
1.692
1.68544
1.67937
1.67376
1.66862
1.66394
1.65971
1.65592
1.65258
1.64967
1.6472
1.64515
1.64353
1.64234
1.64157
1.64122
1.64129
1.64179
1.6427
1.64404
4.91617
4.88441
4.85422
4.82565
4.79877
4.77328
4.7493
4.72671
4.70563
4.68585
4.66748
4.65041
4.63475
4.62035
4.60713
4.59521
4.58447
4.57505
4.56674
4.55969
4.55388
4.54908
4.54568
4.54334
1.7324
1.72284
1.71272
1.70536
1.6974
1.68994
1.68298
1.67651
1.67051
1.66499
1.65992
1.65531
1.65114
1.64743
1.64414
1.6413
1.63888
1.63689
1.63532
1.63418
1.63346
1.63316
1.63327
1.63381
1.63477
1.63615
4.90614
4.8743
4.84431
4.8158
4.78888
4.76339
4.7393
4.71695
4.69593
4.67622
4.65791
4.64093
4.62521
4.61077
4.59766
4.5857
4.57502
4.56553
4.5574
4.55033
4.54443
4.53978
4.53619
4.53395
4.5328
1.7139
1.69708
1.69386
1.68872
1.68135
1.67448
1.66808
1.66216
1.6567
1.65171
1.64716
1.64306
1.63941
1.63618
1.63339
1.63103
1.62909
1.62757
1.62648
1.6258
1.62554
1.6257
1.62628
1.62727
1.62868
4.89723
4.86553
4.83546
4.80711
4.78015
4.75473
4.7309
4.70845
4.68731
4.66778
4.64942
4.63248
4.61687
4.60246
4.58934
4.57748
4.56682
4.55734
4.54905
4.54197
4.53631
4.53154
4.52813
4.52579
4.52459
4.52459
1.69556
1.68835
1.68056
1.67327
1.66647
1.66015
1.6543
1.64891
1.64398
1.63949
1.63545
1.63185
1.62868
1.62595
1.62363
1.62174
1.62027
1.61922
1.61859
1.61837
1.61857
1.61918
1.62021
1.62165
4.88972
4.858
4.82802
4.79963
4.77285
4.74753
4.72364
4.7012
4.68023
4.66058
4.64217
4.6253
4.60972
4.59529
4.5821
4.57036
4.55974
4.55032
4.54212
4.53508
4.52929
4.52461
4.52112
4.51874
4.51767
4.51767
4.51874
1.67573
1.67068
1.66568
1.65895
1.65269
1.64691
1.64158
1.63671
1.63229
1.62831
1.62476
1.62164
1.61895
1.61669
1.61484
1.61341
1.6124
1.61181
1.61163
1.61186
1.61251
1.61357
1.61505
4.88335
4.85182
4.82186
4.79351
4.76673
4.74142
4.71757
4.69517
4.67415
4.65454
4.63631
4.61944
4.60381
4.5894
4.57631
4.56452
4.55383
4.54452
4.53629
4.52923
4.52344
4.51881
4.51525
4.51288
4.51184
4.51184
4.51288
1.6747
1.66572
1.65857
1.65191
1.64572
1.63999
1.63473
1.62991
1.62554
1.62161
1.61811
1.61504
1.6124
1.61018
1.60837
1.60699
1.60601
1.60546
1.60531
1.60558
1.60626
1.60735
1.61527
4.87837
4.84678
4.81696
4.78858
4.76172
4.73654
4.71272
4.69035
4.66938
4.64976
4.63146
4.61461
4.59903
4.5847
4.57155
4.55984
4.54919
4.53979
4.53163
4.52461
4.51881
4.51417
4.51064
4.50831
4.50722
4.50722
4.50831
4.51064
1.65988
1.65194
1.64533
1.6392
1.63354
1.62832
1.62356
1.61924
1.61536
1.61191
1.60888
1.60628
1.6041
1.60233
1.60098
1.60005
1.59952
1.59941
1.59971
1.60041
1.60682
1.84226
4.87451
4.84302
4.81305
4.78486
4.75808
4.73288
4.70899
4.68675
4.66579
4.64624
4.62791
4.61109
4.59551
4.5812
4.56808
4.55632
4.5456
4.53626
4.52811
4.52111
4.51526
4.51064
4.50715
4.50483
4.50359
4.50359
4.50483
4.50715
4.51064
1.64623
1.63922
1.63314
1.62753
1.62237
1.61765
1.61338
1.60954
1.60613
1.60315
1.60059
1.59844
1.59671
1.5954
1.5945
1.594
1.59392
1.59424
1.59958
1.8002
2.0235
4.87209
4.84054
4.81064
4.78238
4.75568
4.73044
4.70656
4.68427
4.66335
4.64374
4.62561
4.6087
4.5931
4.57879
4.56561
4.55392
4.5434
4.53399
4.52582
4.51876
4.51288
4.50832
4.50483
4.50252
4.50135
4.50135
4.50252
4.50483
4.50832
4.51288
1.63372
1.62753
1.62196
1.61685
1.61218
1.60795
1.60415
1.60078
1.59784
1.59531
1.5932
1.59151
1.59022
1.58935
1.58889
1.58883
1.59343
1.80614
1.97367
2.16761
4.87073
4.83939
4.80942
4.78106
4.75444
4.72918
4.70545
4.68307
4.66219
4.64247
4.62437
4.60752
4.59186
4.57765
4.56458
4.55279
4.54218
4.53279
4.52458
4.51766
4.51184
4.50722
4.50359
4.50135
4.50029
4.50029
4.50135
4.50359
4.50722
4.51184
4.51766
1.62236
1.61684
1.61177
1.60714
1.60294
1.59918
1.59585
1.59229
1.59045
1.58837
1.58671
1.58545
1.58461
1.58417
1.5883
1.77257
1.97456
2.23116
2.50239
4.87073
4.83939
4.80942
4.78106
4.75444
4.72918
4.70545
4.68307
4.66219
4.64247
4.62437
4.60752
4.59186
4.57765
4.56458
4.55279
4.54218
4.53279
4.52458
4.51766
4.51184
4.50722
4.50359
4.50135
4.50029
4.50029
4.50135
4.50359
4.50722
4.51184
4.51766
4.52458
1.61213
1.6071
1.60251
1.59836
1.59463
1.59133
1.58845
1.58467
1.58394
1.58231
1.58108
1.58026
1.58416
1.80571
1.97844
2.1273
2.44067
4.87073
4.87209
4.84054
4.81064
4.78238
4.75568
4.73044
4.70656
4.68427
4.66335
4.64374
4.62561
4.6087
4.5931
4.57879
4.56561
4.55392
4.5434
4.53399
4.52582
4.51876
4.51288
4.50832
4.50483
4.50252
4.50135
4.50135
4.50252
4.50483
4.50832
4.51288
4.51876
4.52582
4.53399
1.60286
1.59831
1.59418
1.59049
1.58722
1.58437
1.58194
1.57991
1.5783
1.5771
1.58892
1.80573
1.95349
2.16892
2.4317
4.84054
4.87209
4.87451
4.84302
4.81305
4.78486
4.75808
4.73288
4.70899
4.68675
4.66579
4.64624
4.62791
4.61109
4.59551
4.5812
4.56808
4.55632
4.5456
4.53626
4.52811
4.52111
4.51526
4.51064
4.50715
4.50483
4.50359
4.50359
4.50483
4.50715
4.51064
4.51526
4.52111
4.52811
4.53626
4.5456
1.59451
1.59041
1.58675
1.58351
1.58068
1.57827
1.57628
1.57469
1.6569
1.80896
1.98619
2.18497
2.50382
4.81305
4.84302
4.87451
4.87837
4.84678
4.81696
4.78858
4.76172
4.73654
4.71272
4.69035
4.66938
4.64976
4.63146
4.61461
4.59903
4.5847
4.57155
4.55984
4.54919
4.53979
4.53163
4.52461
4.51881
4.51417
4.51064
4.50831
4.50722
4.50722
4.50831
4.51064
4.51417
4.51881
4.52461
4.53163
4.53979
4.54919
4.55984
1.58322
1.58341
1.57973
1.57431
1.5719
1.57031
1.6526
1.81358
1.99741
2.22055
2.48093
4.78858
4.81696
4.84678
4.87837
4.88335
4.85182
4.82186
4.79351
4.76673
4.74142
4.71757
4.69517
4.67415
4.65454
4.63631
4.61944
4.60381
4.5894
4.57631
4.56452
4.55383
4.54452
4.53629
4.52923
4.52344
4.51881
4.51525
4.51288
4.51184
4.51184
4.51288
4.51525
4.51881
4.52344
4.52923
4.53629
4.54452
4.55383
4.56452
1.58216
1.57884
1.57727
1.57449
1.57212
1.67353
1.82654
1.98247
2.23732
2.52192
4.76673
4.79351
4.82186
4.85182
4.88335
4.88972
4.858
4.82802
4.79963
4.77285
4.74753
4.72364
4.7012
4.68023
4.66058
4.64217
4.6253
4.60972
4.59529
4.5821
4.57036
4.55974
4.55032
4.54212
4.53508
4.52929
4.52461
4.52112
4.51874
4.51767
4.51767
4.51874
4.52112
4.52461
4.52929
4.53508
4.54212
4.55032
4.55974
4.57036
4.5821
1.57775
1.57474
1.57191
1.68587
1.83007
2.0086
2.25388
2.54061
4.74753
4.77285
4.79963
4.82802
4.858
4.88972
4.89723
4.86553
4.83546
4.80711
4.78015
4.75473
4.7309
4.70845
4.68731
4.66778
4.64942
4.63248
4.61687
4.60246
4.58934
4.57748
4.56682
4.55734
4.54905
4.54197
4.53631
4.53154
4.52813
4.52579
4.52459
4.52459
4.52579
4.52813
4.53154
4.53631
4.54197
4.54905
4.55734
4.56682
4.57748
4.58934
4.60246
1.57503
1.70098
1.85683
2.04472
2.27551
2.56577
4.7309
4.75473
4.78015
4.80711
4.83546
4.86553
4.89723
4.90614
4.8743
4.84431
4.8158
4.78888
4.76339
4.7393
4.71695
4.69593
4.67622
4.65791
4.64093
4.62521
4.61077
4.59766
4.5857
4.57502
4.56553
4.5574
4.55033
4.54443
4.53978
4.53619
4.53395
4.5328
4.5328
4.53395
4.53619
4.53978
4.54443
4.55033
4.5574
4.56553
4.57502
4.5857
4.59766
4.61077
4.62521
4.64093
2.06775
2.30226
4.69593
4.71695
4.7393
4.76339
4.78888
4.8158
4.84431
4.8743
4.90614
4.91617
4.88441
4.85422
4.82565
4.79877
4.77328
4.7493
4.72671
4.70563
4.68585
4.66748
4.65041
4.63475
4.62035
4.60713
4.59521
4.58447
4.57505
4.56674
4.55969
4.55388
4.54908
4.54568
4.54334
4.54219
4.54219
4.54334
4.54568
4.54908
4.55388
4.55969
4.56674
4.57505
4.58447
4.59521
4.60713
4.62035
4.63475
4.65041
4.66748
2.70962
4.70563
4.72671
4.7493
4.77328
4.79877
4.82565
4.85422
4.88441
4.91617
4.92773
4.89582
4.86567
4.83695
4.80995
4.78445
4.76041
4.73765
4.71658
4.69681
4.6784
4.66126
4.64556
4.6311
4.61789
4.60594
4.59518
4.58574
4.57738
4.57035
4.5645
4.55976
4.55622
4.55391
4.55281
4.55281
4.55391
4.55622
4.55976
4.5645
4.57035
4.57738
4.58574
4.59518
4.60594
4.61789
4.6311
4.64556
4.66126
4.6784
4.69681
4.71658
4.73765
4.76041
4.78445
4.80995
4.83695
4.86567
4.89582
4.92773
4.94054
4.90857
4.87823
4.84961
4.82245
4.79687
4.7727
4.75006
4.72882
4.70901
4.69057
4.6734
4.65762
4.64301
4.62973
4.61783
4.60712
4.5976
4.58933
4.58218
4.57625
4.5715
4.56805
4.56577
4.56457
4.56457
4.56577
4.56805
4.5715
4.57625
4.58218
4.58933
4.5976
4.60712
4.61783
4.62973
4.64301
4.65762
4.6734
4.69057
4.70901
4.72882
4.75006
4.7727
4.79687
4.82245
4.84961
4.87823
4.90857
4.94054
4.95469
4.9226
4.89222
4.86341
4.83624
4.81046
4.7864
4.76369
4.74232
4.72243
4.70392
4.68681
4.67094
4.65636
4.64313
4.63105
4.62028
4.61072
4.60242
4.59523
4.5894
4.58464
4.58117
4.57871
4.57768
4.57768
4.57871
4.58117
4.58464
4.5894
4.59523
4.60242
4.61072
4.62028
4.63105
4.64313
4.65636
4.67094
4.68681
4.70392
4.72243
4.74232
4.76369
4.7864
4.81046
4.83624
4.86341
4.89222
4.9226
4.95469
4.97017
4.93796
4.9075
4.87866
4.85138
4.82554
4.80137
4.77857
4.75715
4.73715
4.7186
4.70148
4.68555
4.67088
4.65764
4.64554
4.63475
4.62513
4.61676
4.60959
4.60381
4.59904
4.59535
4.59312
4.59194
4.59194
4.59312
4.59535
4.59904
4.60381
4.60959
4.61676
4.62513
4.63475
4.64554
4.65764
4.67088
4.68555
4.70148
4.7186
4.73715
4.75715
4.77857
4.80137
4.82554
4.85138
4.87866
4.9075
4.93796
4.97017
4.98698
4.95475
4.92416
4.89523
4.86777
4.8419
4.81768
4.79475
4.77328
4.75335
4.7347
4.71728
4.70143
4.68682
4.67339
4.66129
4.65052
4.64086
4.6324
4.62524
4.61944
4.61467
4.61109
4.60872
4.60747
4.60747
4.60872
4.61109
4.61467
4.61944
4.62524
4.6324
4.64086
4.65052
4.66129
4.67339
4.68682
4.70143
4.71728
4.7347
4.75335
4.77328
4.79475
4.81768
4.8419
4.86777
4.89523
4.92416
4.95475
4.98698
5.00522
4.9729
4.94222
4.91316
4.88557
4.85973
4.83533
4.81234
4.79087
4.77075
4.75204
4.73471
4.71866
4.70399
4.69059
4.67841
4.66748
4.65784
4.64953
4.64231
4.63636
4.6316
4.62799
4.62561
4.62433
4.62433
4.62561
4.62799
4.6316
4.63636
4.64231
4.64953
4.65784
4.66748
4.67841
4.69059
4.70399
4.71866
4.73471
4.75204
4.77075
4.79087
4.81234
4.83533
4.85973
4.88557
4.91316
4.94222
4.9729
5.00522
5.02494
4.9924
4.96167
4.93248
4.90468
4.87884
4.85427
4.83133
4.80973
4.7895
4.77078
4.75334
4.73726
4.72251
4.70902
4.69682
4.68589
4.67623
4.66783
4.66062
4.65463
4.64971
4.64622
4.64383
4.64267
4.64267
4.64383
4.64622
4.64971
4.65463
4.66062
4.66783
4.67623
4.68589
4.69682
4.70902
4.72251
4.73726
4.75334
4.77078
4.7895
4.80973
4.83133
4.85427
4.87884
4.90468
4.93248
4.96167
4.9924
5.02494
5.04619
5.01352
4.98256
4.95323
4.92557
4.89943
4.87474
4.85166
4.82996
4.8097
4.79087
4.77336
4.75715
4.74226
4.72885
4.71665
4.70553
4.69587
4.68742
4.68019
4.67415
4.66937
4.66578
4.66335
4.66211
4.66211
4.66335
4.66578
4.66937
4.67415
4.68019
4.68742
4.69587
4.70553
4.71665
4.72885
4.74226
4.75715
4.77336
4.79087
4.8097
4.82996
4.85166
4.87474
4.89943
4.92557
4.95323
4.98256
5.01352
5.04619
5.06874
5.03604
5.00494
4.97547
4.94765
4.92145
4.89664
4.87345
4.85157
4.83132
4.8123
4.79476
4.77856
4.76371
4.7501
4.73783
4.72677
4.717
4.70854
4.70107
4.69521
4.69036
4.68664
4.68433
4.68308
4.68308
4.68433
4.68664
4.69036
4.69521
4.70107
4.70854
4.717
4.72677
4.73783
4.7501
4.76371
4.77856
4.79476
4.8123
4.83132
4.85157
4.87345
4.89664
4.92145
4.94765
4.97547
5.00494
5.03604
5.06874
5.09291
5.05997
5.02883
4.99918
4.97117
4.94488
4.91999
4.89666
4.87477
4.85427
4.8353
4.81767
4.80135
4.78643
4.77277
4.76042
4.74929
4.7395
4.73092
4.72354
4.71757
4.71274
4.70906
4.70665
4.7055
4.7055
4.70665
4.70906
4.71274
4.71757
4.72354
4.73092
4.7395
4.74929
4.76042
4.77277
4.78643
4.80135
4.81767
4.8353
4.85427
4.87477
4.89666
4.91999
4.94488
4.97117
4.99918
5.02883
5.05997
5.09291
5.11873
5.08549
5.05415
5.02444
4.99635
4.96984
4.94486
4.92145
4.89936
4.87888
4.85966
4.84199
4.82563
4.81049
4.79679
4.78443
4.77332
4.76344
4.75483
4.74753
4.7414
4.73655
4.73283
4.73028
4.72921
4.72921
4.73028
4.73283
4.73655
4.7414
4.74753
4.75483
4.76344
4.77332
4.78443
4.79679
4.81049
4.82563
4.84199
4.85966
4.87888
4.89936
4.92145
4.94486
4.96984
4.99635
5.02444
5.05415
5.08549
5.11873
5.14604
5.11271
5.08118
5.05132
5.02301
4.99633
4.97128
4.94769
4.92554
4.90491
4.8857
4.86776
4.8513
4.83623
4.8224
4.80994
4.79877
4.78885
4.78022
4.77281
4.7667
4.76177
4.75808
4.75563
4.75445
4.75445
4.75563
4.75808
4.76177
4.7667
4.77281
4.78022
4.78885
4.79877
4.80994
4.8224
4.83623
4.8513
4.86776
4.8857
4.90491
4.92554
4.94769
4.97128
4.99633
5.02301
5.05132
5.08118
5.11271
5.14604
5.17485
5.14152
5.10977
5.07972
5.05124
5.02444
4.9992
4.97553
4.95323
4.93254
4.91315
4.89519
4.87863
4.86331
4.8496
4.83698
4.8258
4.81579
4.80702
4.79962
4.7935
4.78853
4.78486
4.78241
4.7812
4.7812
4.78241
4.78486
4.78853
4.7935
4.79962
4.80702
4.81579
4.8258
4.83698
4.8496
4.86331
4.87863
4.89519
4.91315
4.93254
4.95323
4.97553
4.9992
5.02444
5.05124
5.07972
5.10977
5.14152
5.17485
5.20561
5.17193
5.13997
5.10979
5.08121
5.05419
5.02873
5.00491
4.98253
4.9617
4.94217
4.92415
4.90746
4.89225
4.87826
4.86566
4.85432
4.84423
4.83555
4.82793
4.8219
4.81682
4.81314
4.81066
4.80953
4.80953
4.81066
4.81314
4.81682
4.8219
4.82793
4.83555
4.84423
4.85432
4.86566
4.87826
4.89225
4.90746
4.92415
4.94217
4.9617
4.98253
5.00491
5.02873
5.05419
5.08121
5.10979
5.13997
5.17193
5.20561
5.23786
5.204
5.17185
5.14144
5.11264
5.08553
5.06004
5.03606
5.01344
4.99248
4.97291
4.95467
4.93796
4.92262
4.90853
4.89588
4.88442
4.87431
4.86559
4.85806
4.85177
4.84681
4.84297
4.84057
4.83932
4.83932
4.84057
4.84297
4.84681
4.85177
4.85806
4.86559
4.87431
4.88442
4.89588
4.90853
4.92262
4.93796
4.95467
4.97291
4.99248
5.01344
5.03606
5.06004
5.08553
5.11264
5.14144
5.17185
5.204
5.23786
5.27193
5.23792
5.20554
5.1749
5.14603
5.11866
5.09296
5.06885
5.04621
5.02504
5.0052
4.98688
4.97014
4.95467
4.94047
4.92775
4.91615
4.90612
4.89726
4.88972
4.88341
4.87834
4.87464
4.872
4.87086
4.87086
4.872
4.87464
4.87834
4.88341
4.88972
4.89726
4.90612
4.91615
4.92775
4.94047
4.95467
4.97014
4.98688
5.0052
5.02504
5.04621
5.06885
5.09296
5.11866
5.14603
5.1749
5.20554
5.23792
5.27193
