Label: Box
Position: -2.75961, -0.365276, -0.425092
Orientation (Quaternion): -0.677469, 0.57993, 0.428561, 0.145095
5.27193
5.23792
5.20554
5.1749
5.14603
5.11866
5.09296
5.06885
5.04621
5.02504
5.0052
4.98688
4.97014
4.95467
4.94047
4.92775
4.91615
4.90612
4.89726
4.88972
4.88341
4.87834
4.87464
4.872
4.87086
4.87086
4.872
4.87464
4.87834
4.88341
4.88972
4.89726
4.90612
4.91615
4.92775
4.94047
4.95467
4.97014
4.98688
5.0052
5.02504
5.04621
5.06885
5.09296
5.11866
5.14603
5.1749
5.20554
5.23792
5.27193
5.23786
5.204
5.17185
5.14144
5.11264
5.08553
5.06004
5.03606
5.01344
4.99248
4.97291
4.95467
4.93796
4.92262
4.90853
4.89588
4.88442
4.87431
4.86559
4.85806
4.85177
4.84681
4.84297
4.84057
4.83932
4.83932
4.84057
4.84297
4.84681
4.85177
4.85806
4.86559
4.87431
4.88442
4.89588
4.90853
4.92262
4.93796
4.95467
4.97291
4.99248
5.01344
5.03606
5.06004
5.08553
5.11264
5.14144
5.17185
5.204
5.23786
5.20561
5.17193
5.13997
5.10979
5.08121
5.05419
5.02873
5.00491
4.98253
4.9617
4.94217
4.92415
4.90746
4.89225
4.87826
4.86566
4.85432
4.84423
4.83555
4.82793
4.8219
4.81682
4.81314
4.81066
4.80953
4.80953
4.81066
4.81314
4.81682
4.8219
4.82793
4.83555
4.84423
4.85432
4.86566
4.87826
4.89225
4.90746
4.92415
4.94217
4.9617
4.98253
5.00491
5.02873
5.05419
5.08121
5.10979
5.13997
5.17193
5.20561
5.17485
5.14152
5.10977
5.07972
5.05124
5.02444
4.9992
4.97553
4.95323
4.93254
4.91315
4.89519
4.87863
4.86331
4.8496
4.83698
4.8258
4.81579
4.80702
4.79962
4.7935
4.78853
4.78486
4.78241
4.7812
4.7812
4.78241
4.78486
4.78853
4.7935
4.79962
4.80702
4.81579
4.8258
4.83698
4.8496
4.86331
4.87863
4.89519
4.91315
4.93254
4.95323
4.97553
4.9992
5.02444
5.05124
5.07972
5.10977
5.14152
5.17485
5.14604
5.11271
5.08118
5.05132
5.02301
4.99633
4.97128
4.94769
4.92554
4.90491
4.8857
4.86776
4.8513
4.83623
4.8224
4.80994
4.79877
4.78885
4.78022
4.77281
4.7667
4.76177
4.75808
4.75563
4.75445
4.75445
4.75563
4.75808
4.76177
4.7667
4.77281
4.78022
4.78885
4.79877
4.80994
4.8224
4.83623
4.8513
4.86776
4.8857
4.90491
4.92554
4.94769
4.97128
4.99633
5.02301
5.05132
5.08118
5.11271
5.14604
5.11873
5.08549
5.05415
5.02444
4.99635
4.96984
4.94486
4.92145
4.89936
4.87888
4.85966
4.84199
4.82563
4.81049
4.79679
4.78443
4.77332
4.76344
4.75483
4.74753
4.7414
4.73655
4.73283
4.73028
4.72921
4.72921
4.73028
4.73283
4.73655
4.7414
4.74753
4.75483
4.76344
4.77332
4.78443
4.79679
4.81049
4.82563
4.84199
4.85966
4.87888
4.89936
4.92145
4.94486
4.96984
4.99635
5.02444
5.05415
5.08549
5.11873
5.09291
5.05997
5.02883
4.99918
4.97117
4.94488
4.91999
4.89666
4.87477
4.85427
4.8353
4.81767
4.80135
4.78643
4.77277
4.76042
4.74929
4.7395
4.73092
4.72354
4.71757
4.71274
4.70906
4.70665
4.7055
4.7055
4.70665
4.70906
4.71274
4.71757
4.72354
4.73092
4.7395
4.74929
4.76042
4.77277
4.78643
4.80135
4.81767
4.8353
4.85427
4.87477
4.89666
4.91999
4.94488
4.97117
4.99918
5.02883
5.05997
5.09291
5.06874
5.03604
5.00494
4.97547
4.94765
4.92145
4.89664
4.87345
4.85157
4.83132
4.8123
4.79476
4.77856
4.76371
4.7501
4.73783
4.72677
4.717
4.70854
4.70107
4.69521
4.69036
4.68664
4.68433
4.68308
4.68308
4.68433
4.68664
4.69036
4.69521
4.70107
4.70854
4.717
4.72677
4.73783
4.7501
4.76371
4.77856
4.79476
4.8123
4.83132
4.85157
4.87345
4.89664
4.92145
4.94765
4.97547
5.00494
5.03604
5.06874
5.04619
5.01352
4.98256
4.95323
4.92557
4.89943
4.87474
4.85166
4.82996
4.8097
4.79087
4.77336
4.75715
4.74226
4.72885
4.71665
4.70553
4.69587
4.68742
4.68019
4.67415
4.66937
4.66578
4.66335
4.66211
4.66211
4.66335
4.66578
4.66937
4.67415
4.68019
4.68742
4.69587
4.70553
4.71665
4.72885
4.74226
4.75715
4.77336
4.79087
4.8097
4.82996
4.85166
4.87474
4.89943
4.92557
4.95323
4.98256
5.01352
5.04619
5.02494
4.9924
4.96167
4.93248
4.90468
4.87884
4.85427
4.83133
4.80973
4.7895
4.77078
4.75334
4.73726
4.72251
4.70902
4.69682
4.68589
4.67623
4.66783
4.66062
4.65463
4.64971
4.64622
4.64383
4.64267
4.64267
4.64383
4.64622
4.64971
4.65463
4.66062
4.66783
4.67623
4.68589
4.69682
4.70902
4.72251
4.73726
4.75334
4.77078
4.7895
4.80973
4.83133
4.85427
4.87884
4.90468
4.93248
4.96167
4.9924
5.02494
5.00522
4.9729
4.94222
4.91316
4.88557
4.85973
4.83533
4.81234
4.79087
4.77075
4.75204
4.73471
4.71866
4.70399
4.69059
4.67841
4.66748
4.65784
4.64953
4.64231
4.63636
4.6316
4.62799
4.62561
4.62433
4.62433
4.62561
4.62799
4.6316
4.63636
4.64231
4.64953
4.65784
4.66748
4.67841
4.69059
4.70399
4.71866
4.73471
4.75204
4.77075
4.79087
4.81234
4.83533
4.85973
4.88557
4.91316
4.94222
4.9729
5.00522
4.98698
4.95475
4.92416
4.89523
4.86777
4.8419
4.81768
4.79475
4.77328
4.75335
4.7347
4.71728
4.70143
4.68682
4.67339
4.66129
4.65052
4.64086
4.6324
4.62524
4.61944
4.61467
4.61109
4.60872
4.60747
4.60747
4.60872
4.61109
4.61467
4.61944
4.62524
4.6324
4.64086
4.65052
4.66129
4.67339
4.68682
4.70143
4.71728
4.7347
4.75335
4.77328
4.79475
4.81768
4.8419
4.86777
4.89523
4.92416
4.95475
4.98698
4.97017
4.93796
4.9075
4.87866
4.85138
4.82554
4.80137
4.77857
4.75715
4.73715
4.7186
4.70148
4.68555
4.67088
4.65764
4.64554
4.63475
4.62513
4.61676
4.60959
4.60381
4.59904
4.59535
4.59312
4.59194
4.59194
4.59312
4.59535
4.59904
4.60381
4.60959
4.61676
4.62513
4.63475
4.64554
4.65764
4.67088
4.68555
4.70148
4.7186
4.73715
4.75715
4.77857
4.80137
4.82554
4.85138
4.87866
4.9075
4.93796
4.97017
4.95469
4.9226
4.89222
4.86341
4.83624
4.81046
4.7864
4.76369
4.74232
4.72243
4.70392
4.68681
4.67094
4.65636
4.64313
4.63105
4.62028
4.61072
4.60242
4.59523
4.5894
4.58464
4.58117
4.57871
4.57768
4.57768
4.57871
4.58117
4.58464
4.5894
4.59523
4.60242
4.61072
4.62028
4.63105
4.64313
4.65636
4.67094
4.68681
4.70392
4.72243
4.74232
4.76369
4.7864
4.81046
4.83624
4.86341
4.89222
4.9226
4.95469
4.94054
4.90857
4.87823
4.84961
4.82245
4.79687
4.7727
4.75006
4.72882
4.70901
4.69057
4.6734
4.65762
4.64301
4.62973
4.61783
4.60712
4.5976
4.58933
4.58218
4.57625
4.5715
4.56805
4.56577
4.56457
4.56457
4.56577
4.56805
4.5715
4.57625
4.58218
4.58933
4.5976
4.60712
4.61783
4.62973
4.64301
4.65762
4.6734
4.69057
4.70901
4.72882
4.75006
4.7727
4.79687
4.82245
4.84961
4.87823
4.90857
4.94054
4.92773
4.89582
4.86567
4.83695
4.80995
4.78445
4.76041
4.73765
4.71658
4.69681
4.6784
4.66126
4.64556
2.42479
2.3722
2.41329
4.59518
4.58574
4.57738
4.57035
4.5645
4.55976
4.55622
4.55391
4.55281
4.55281
4.55391
4.55622
4.55976
4.5645
4.57035
4.57738
4.58574
4.59518
4.60594
4.61789
4.6311
4.64556
4.66126
4.6784
4.69681
4.71658
4.73765
4.76041
4.78445
4.80995
4.83695
4.86567
4.89582
4.92773
4.91617
4.88441
4.85422
4.82565
4.79877
4.77328
4.7493
4.72671
4.70563
4.68585
4.66748
2.51864
2.45426
2.39652
2.34859
2.39086
2.43049
2.4607
4.56674
4.55969
4.55388
4.54908
4.54568
4.54334
4.54219
4.54219
4.54334
4.54568
4.54908
4.55388
4.55969
4.56674
4.57505
4.58447
4.59521
4.60713
4.62035
4.63475
4.65041
4.66748
4.68585
4.70563
4.72671
4.7493
4.77328
4.79877
4.82565
4.85422
4.88441
4.91617
4.90614
4.8743
4.84431
4.8158
4.78888
4.76339
4.7393
4.71695
4.69593
4.67622
2.55158
2.48734
2.42735
2.36965
2.3261
2.36935
2.40822
2.43916
2.48949
2.53694
4.54443
4.53978
4.53619
4.53395
4.5328
4.5328
4.53395
4.53619
4.53978
4.54443
4.55033
4.5574
4.56553
4.57502
4.5857
4.59766
4.61077
4.62521
4.64093
4.65791
4.67622
4.69593
4.71695
4.7393
4.76339
4.78888
4.8158
4.84431
4.8743
4.90614
4.89723
4.86553
4.83546
4.80711
4.78015
4.75473
4.7309
4.70845
2.66431
2.59208
2.51308
2.45878
2.39912
2.3441
2.30469
2.3487
2.38682
2.41876
2.46892
2.5131
2.55957
2.60846
4.52813
4.52579
4.52459
4.52459
4.52579
4.52813
4.53154
4.53631
4.54197
4.54905
4.55734
4.56682
4.57748
4.58934
4.60246
4.61687
4.63248
4.64942
4.66778
4.68731
4.70845
4.7309
4.75473
4.78015
4.80711
4.83546
4.86553
4.89723
4.88972
4.858
4.82802
4.79963
4.77285
4.74753
4.72364
2.7074
2.63355
2.56284
2.48258
2.43403
2.37526
2.31983
2.28431
2.32891
2.35447
2.40565
2.44516
2.49028
2.53587
2.58383
2.63433
2.68754
4.51767
4.51767
4.51874
4.52112
4.52461
4.52929
4.53508
4.54212
4.55032
4.55974
4.57036
4.5821
4.59529
4.60972
4.6253
4.64217
4.66058
4.68023
4.7012
4.72364
4.74753
4.77285
4.79963
4.82802
4.858
4.88972
4.88335
4.85182
4.82186
4.79351
4.76673
2.84182
2.75722
2.66778
2.6044
2.53511
2.47002
2.40882
2.34845
2.29675
2.26493
2.30994
2.33946
2.38533
2.42515
2.46844
2.51319
2.56026
2.60982
2.66203
2.71708
2.76797
4.51288
4.51525
4.51881
4.52344
4.52923
4.53629
4.54452
4.55383
4.56452
4.57631
4.5894
4.60381
4.61944
4.63631
4.65454
4.67415
4.69517
4.71757
4.74142
4.76673
4.79351
4.82186
4.85182
4.88335
4.87837
4.84678
4.81696
4.78858
2.89799
2.8093
2.72656
2.64922
2.57678
2.50883
2.43123
2.3849
2.32828
2.27486
2.24651
2.29176
2.32572
2.36586
2.40569
2.44753
2.49149
2.53772
2.58638
2.63764
2.69167
2.74868
2.80761
2.87268
4.51417
4.51881
4.52461
4.53163
4.53979
4.54919
4.55984
4.57155
4.5847
4.59903
4.61461
4.63146
4.64976
4.66938
4.69035
4.71272
4.73654
4.76172
4.78858
4.81696
4.84678
4.87837
4.87451
4.84302
3.05944
2.95888
2.86558
2.77868
2.69756
2.6217
2.55063
2.48392
2.41502
2.36221
2.30659
2.25408
2.22901
2.27434
2.30195
2.34723
2.38638
2.42752
2.47074
2.51617
2.56399
2.61434
2.6674
2.72338
2.77852
2.83915
2.90661
2.98172
4.52111
4.52811
4.53626
4.5456
4.55632
4.56808
4.5812
4.59551
4.61109
4.62791
4.64624
4.66579
4.68675
4.70899
4.73288
4.75808
4.78486
4.81305
4.84302
4.87451
4.87209
3.12998
3.02481
2.92643
2.83497
2.74973
2.66684
2.59567
2.52587
2.46034
2.39198
2.34071
2.28601
2.23437
2.21241
2.25768
2.28398
2.3294
2.36485
2.40839
2.4509
2.49558
2.54259
2.59208
2.64423
2.69923
2.74994
2.806
2.88353
2.93858
3.02216
4.52582
4.53399
4.5434
4.55392
4.56561
4.57879
4.5931
4.6087
4.62561
4.64374
4.66335
4.68427
4.70656
4.73044
4.75568
4.78238
4.81064
4.84054
4.87209
4.87073
3.08568
2.99228
2.89582
2.80606
2.72239
2.64421
2.57104
2.50036
2.43802
2.37454
2.32035
2.26652
2.21568
2.19668
2.22818
2.2668
2.31235
2.35029
2.39011
2.43194
2.47591
2.52216
2.57084
2.62213
2.67541
2.73327
2.79356
2.8573
2.92483
2.98741
4.52458
4.53279
4.54218
4.55279
4.56458
4.57765
4.59186
4.60752
4.62437
4.64247
4.66219
4.68307
4.70545
4.72918
4.75444
4.78106
4.80942
4.83939
4.87073
4.87073
3.05601
2.95074
2.86694
2.77879
2.69657
2.61973
2.54778
2.48031
2.41691
2.34622
2.30107
2.24807
2.19799
2.1818
2.21575
2.25038
2.28315
2.33343
2.37265
2.41384
2.45713
2.50266
2.55058
2.60104
2.65006
2.71037
2.76965
2.83234
2.89866
2.96899
4.52458
4.53279
4.54218
4.55279
4.56458
4.57765
4.59186
4.60752
4.62437
4.64247
4.66219
4.68307
4.70545
4.72918
4.75444
4.78106
4.80942
4.83939
4.87073
4.87209
3.0329
2.9217
2.83973
2.75308
2.67223
2.58959
2.52583
2.4594
2.38585
2.33823
2.28286
2.23061
2.16435
2.16775
2.2044
2.23469
2.28049
2.31732
2.35598
2.39657
2.43922
2.48407
2.53125
2.58095
2.62291
2.68856
2.7469
2.80856
2.87381
2.94293
4.52582
4.53399
4.5434
4.55392
4.56561
4.57879
4.5931
4.6087
4.62561
4.64374
4.66335
4.68427
4.70656
4.73044
4.75568
4.78238
4.81064
4.84054
4.87209
4.87451
3.00411
2.90564
2.81412
2.72887
2.64928
2.57486
2.50512
2.43967
2.3781
2.32024
2.24881
2.21413
2.14997
2.15452
2.19416
2.2197
2.25857
2.30196
2.34008
2.3801
2.42214
2.46634
2.51284
2.5618
2.61339
2.65713
2.72524
2.78594
2.85015
2.91817
4.52811
4.53626
4.5456
4.55632
4.56808
4.5812
4.59551
4.61109
4.62791
4.64624
4.66579
4.68675
4.70899
4.73288
4.75808
4.78486
4.81305
4.84302
4.87451
4.87837
2.97701
2.88011
2.78407
2.70608
2.6277
2.55435
2.48562
2.41341
2.36042
2.30155
2.23923
2.19857
2.13635
2.14209
2.1805
2.20539
2.23898
2.28732
2.32493
2.3644
2.40587
2.44946
2.49532
2.54359
2.59443
2.64281
2.70465
2.76444
2.82768
2.88916
2.96562
4.53979
4.54919
4.55984
4.57155
4.5847
4.59903
4.61461
4.63146
4.64976
4.66938
4.69035
4.71272
4.73654
4.76172
4.78858
4.81696
4.84678
4.87837
4.88335
2.95158
2.85616
2.75768
2.68468
2.60741
2.53508
2.46728
2.40361
2.3419
2.27903
2.23145
2.18394
2.12347
2.13046
2.16765
2.19172
2.238
2.27338
2.3105
2.34946
2.39039
2.43341
2.47865
2.52626
2.57642
2.62929
2.68509
2.74403
2.80306
2.87231
4.53629
4.54452
4.55383
4.56452
4.57631
4.5894
4.60381
4.61944
4.63631
4.65454
4.67415
4.69517
4.71757
4.74142
4.76673
4.79351
4.82186
4.85182
4.88335
4.88972
2.92773
2.83371
2.74537
2.66462
2.58837
2.517
2.45007
2.38719
2.32806
2.26237
2.20876
2.17018
2.11129
2.11964
2.15542
2.19184
2.22517
2.26012
2.29678
2.33526
2.37568
2.41815
2.46139
2.50561
2.5593
2.61148
2.66653
2.72465
2.77462
2.83663
4.54212
4.55032
4.55974
4.57036
4.5821
4.59529
4.60972
4.6253
4.64217
4.66058
4.68023
4.7012
4.72364
4.74753
4.77285
4.79963
4.82802
4.858
4.88972
3.00539
2.90549
2.81272
2.72638
2.64582
2.57054
2.50003
2.43393
2.37181
2.31336
2.25175
2.19395
2.15724
2.09981
2.10965
2.1438
2.18003
2.21298
2.24752
2.28375
2.32178
2.36171
2.40367
2.44778
2.4942
2.54308
2.59458
2.63728
2.70629
2.76691
2.83109
4.54905
4.55734
4.56682
4.57748
4.58934
4.60246
4.61687
4.63248
4.64942
4.66778
4.68731
4.70845
4.7309
4.75473
4.78015
4.80711
4.83546
4.86553
4.89723
2.95922
2.88466
2.79312
2.70785
2.62828
2.55389
2.48422
2.41885
2.35742
2.29962
2.24513
2.18115
2.13259
2.089
2.10052
2.13277
2.16715
2.20141
2.23556
2.27139
2.30899
2.34846
2.38994
2.43353
2.4794
2.5277
2.57858
2.63226
2.68891
2.74879
2.81212
4.5574
4.56553
4.57502
4.5857
4.59766
4.61077
4.62521
4.64093
4.65791
4.67622
4.69593
4.71695
4.7393
4.76339
4.78888
4.8158
4.84431
4.8743
4.90614
2.94415
2.84696
2.75667
2.6726
2.59417
2.53689
2.46946
2.38774
2.32721
2.27025
2.23285
2.16905
2.12322
2.07887
2.09231
2.12228
2.15822
2.19045
2.22425
2.25969
2.29688
2.33591
2.37694
2.42006
2.46541
2.50486
2.56346
2.61651
2.67249
2.73165
2.79421
4.56674
4.57505
4.58447
4.59521
4.60713
4.62035
4.63475
4.65041
4.66748
4.68585
4.70563
4.72671
4.7493
4.77328
4.79877
4.82565
4.85422
4.88441
4.91617
2.9282
2.83367
2.74426
2.66099
2.58328
2.51061
2.45574
2.39172
2.33153
2.27487
2.22145
2.15755
2.11604
2.07362
2.08513
2.1148
2.14817
2.18009
2.21354
2.24862
2.28544
2.32407
2.36466
2.40731
2.4522
2.49943
2.54918
2.60164
2.657
2.71023
2.77731
4.57738
4.58574
4.59518
4.60594
4.61789
4.6311
4.64556
4.66126
4.6784
4.69681
4.71658
4.73765
4.76041
4.78445
4.80995
4.83695
4.86567
4.89582
4.92773
2.90267
2.82008
2.72293
2.64998
2.57294
2.50089
2.43338
2.37003
2.31048
2.26382
2.21087
2.15605
2.11303
2.06062
2.07918
2.10247
2.12807
2.17031
2.19132
2.22525
2.26085
2.2982
2.35308
2.39532
2.43974
2.48649
2.53573
2.58763
2.6424
2.70024
2.7614
2.82715
4.5976
4.60712
4.61783
4.62973
4.64301
4.65762
4.6734
4.69057
4.70901
4.72882
4.75006
4.7727
4.79687
4.82245
4.84961
4.87823
4.90857
4.94054
2.89896
2.79933
2.71226
2.63131
2.56314
2.49165
2.42467
2.36844
2.30268
2.25362
2.20111
2.1431
2.10117
2.05254
2.07027
2.09987
2.12977
2.1611
2.19393
2.2188
2.25421
2.30238
2.34219
2.38403
2.42801
2.47432
2.52308
2.57447
2.62868
2.68369
2.74645
2.81418
4.61072
4.62028
4.63105
4.64313
4.65636
4.67094
4.68681
4.70392
4.72243
4.74232
4.76369
4.7864
4.81046
4.83624
4.86341
4.89222
4.9226
4.95469
2.88498
2.79128
2.70434
2.62348
2.54815
2.47783
2.41639
2.35396
2.29526
2.24426
2.19214
2.13871
2.09272
2.04521
2.06241
2.08695
2.12139
2.15245
2.185
2.21242
2.24272
2.29251
2.33198
2.37344
2.41703
2.46291
2.51122
2.56212
2.61582
2.67252
2.73246
2.79716
4.62513
4.63475
4.64554
4.65764
4.67088
4.68555
4.70148
4.7186
4.73715
4.75715
4.77857
4.80137
4.82554
4.85138
4.87866
4.9075
4.93796
4.97017
2.87804
2.78443
2.69754
2.61672
2.5414
2.47108
2.40532
2.34649
2.28819
2.23328
2.18149
2.13508
2.08473
2.0388
2.05502
2.0812
2.11354
2.14435
2.17267
2.20247
2.23597
2.27101
2.30769
2.36352
2.40675
2.44919
2.50012
2.55058
2.60381
2.65999
2.71938
2.78157
4.64086
4.65052
4.66129
4.67339
4.68682
4.70143
4.71728
4.7347
4.75335
4.77328
4.79475
4.81768
4.8419
4.86777
4.89523
4.92416
4.95475
4.98698
2.86923
2.77725
2.69165
2.61102
2.53566
2.46528
2.39946
2.3378
2.27995
2.22688
2.17539
2.12796
2.08203
2.03377
2.04913
2.07701
2.10621
2.13333
2.16884
2.20244
2.22981
2.27466
2.31349
2.35428
2.39717
2.44228
2.48978
2.53982
2.5926
2.64832
2.70719
2.76947
4.65784
4.66748
4.67841
4.69059
4.70399
4.71866
4.73471
4.75204
4.77075
4.79087
4.81234
4.83533
4.85973
4.88557
4.91316
4.94222
4.9729
5.00522
2.85825
2.76689
2.68186
2.60255
2.52843
2.45903
2.39393
2.33273
2.27477
2.22031
2.1691
2.12123
2.07552
2.02644
2.04227
2.06983
2.09939
2.12976
2.1583
2.19495
2.22423
2.26665
2.29633
2.34569
2.37538
2.41779
2.48017
2.5298
2.58219
2.63748
2.69587
2.75764
4.67623
4.68589
4.69682
4.70902
4.72251
4.73726
4.75334
4.77078
4.7895
4.80973
4.83133
4.85427
4.87884
4.90468
4.93248
4.96167
4.9924
5.02494
2.8485
2.7577
2.67317
2.59432
2.52062
2.4516
2.38685
2.32602
2.26878
2.21485
2.16396
2.11589
2.07041
2.01544
2.03668
2.06395
2.09239
2.12207
2.15305
2.1854
2.21922
2.25457
2.29085
2.32943
2.36982
2.41414
2.46227
2.5206
2.56648
2.62435
2.68262
2.74673
4.69587
4.70553
4.71665
4.72885
4.74226
4.75715
4.77336
4.79087
4.8097
4.82996
4.85166
4.87474
4.89943
4.92557
4.95323
4.98256
5.01352
5.04619
2.83142
2.74138
2.65761
2.57953
2.50663
2.43846
2.37466
2.31492
2.25902
2.20685
2.15858
2.11513
2.15925
2.14052
2.1653
2.16908
2.17355
2.12098
2.1501
2.18118
2.21405
2.24864
2.28498
2.32313
2.36866
2.4122
2.45808
2.50644
2.55745
2.61131
2.66821
2.72838
4.717
4.72677
4.73783
4.7501
4.76371
4.77856
4.79476
4.8123
4.83132
4.85157
4.87345
4.89664
4.92145
4.94765
4.97547
5.00494
5.03604
5.06874
2.81633
2.72883
2.64762
2.57219
2.5021
2.43705
2.37682
2.39813
2.39946
2.40125
2.40361
2.4066
2.41021
2.41446
2.41934
2.42244
2.43103
2.43787
2.44539
2.45357
2.46244
2.472
2.48228
2.49332
2.5051
2.51759
2.45505
2.5006
2.54865
2.60849
2.66421
2.7272
4.7395
4.74929
4.76042
4.77277
4.78643
4.80135
4.81767
4.8353
4.85427
4.87477
4.89666
4.91999
4.94488
4.97117
4.99918
5.02883
5.05997
5.09291
2.81941
2.73481
2.65672
2.70074
2.70098
2.70186
2.70345
2.70574
2.70874
2.71244
2.71684
2.72195
2.72776
2.73436
2.74166
2.73389
2.72953
2.68554
2.77845
2.78962
2.7456
2.8144
2.82803
2.84253
2.85797
2.87429
2.89152
2.90968
2.92894
4.7414
2.97041
4.75483
4.76344
4.77332
4.78443
4.79679
4.81049
4.82563
4.84199
4.85966
4.87888
4.89936
4.92145
4.94486
4.96984
4.99635
5.02444
5.05415
5.08549
5.11873
3.08488
5.11271
5.08118
5.05132
3.09121
3.09477
3.14064
3.10431
3.11029
3.11712
3.12427
3.13326
3.14251
3.15284
3.16394
3.10049
3.10981
3.2027
3.21749
3.23328
3.26016
4.76177
4.75808
4.75563
3.32756
4.75445
4.75563
4.75808
4.76177
3.45031
4.77281
4.78022
4.78885
4.79877
4.80994
4.8224
4.83623
4.8513
4.86776
4.8857
4.90491
4.92554
4.94769
4.97128
4.99633
5.02301
5.05132
5.08118
5.11271
5.14604
5.17485
3.59549
5.10977
3.607
5.05124
5.02444
3.63144
4.97553
4.95323
4.93254
4.91315
4.89519
4.87863
4.86331
4.8496
4.83698
4.8258
4.81579
4.80702
4.79962
4.7935
4.78853
4.78486
4.78241
4.7812
4.7812
4.78241
4.78486
4.78853
4.7935
4.79962
4.80702
4.81579
4.8258
4.83698
4.8496
4.86331
4.87863
4.89519
4.91315
4.93254
4.95323
4.97553
4.9992
5.02444
5.05124
5.07972
5.10977
5.14152
5.17485
5.20561
5.17193
5.13997
5.10979
5.08121
5.05419
5.02873
5.00491
4.98253
4.9617
4.94217
4.92415
4.90746
4.89225
4.87826
4.86566
4.85432
4.84423
4.83555
4.82793
4.8219
4.81682
4.81314
4.81066
4.80953
4.80953
4.81066
4.81314
4.81682
4.8219
4.82793
4.83555
4.84423
4.85432
4.86566
4.87826
4.89225
4.90746
4.92415
4.94217
4.9617
4.98253
5.00491
5.02873
5.05419
5.08121
5.10979
5.13997
5.17193
5.20561
5.23786
5.204
5.17185
5.14144
5.11264
5.08553
5.06004
5.03606
5.01344
4.99248
4.97291
4.95467
4.93796
4.92262
4.90853
4.89588
4.88442
4.87431
4.86559
4.85806
4.85177
4.84681
4.84297
4.84057
4.83932
4.83932
4.84057
4.84297
4.84681
4.85177
4.85806
4.86559
4.87431
4.88442
4.89588
4.90853
4.92262
4.93796
4.95467
4.97291
4.99248
5.01344
5.03606
5.06004
5.08553
5.11264
5.14144
5.17185
5.204
5.23786
5.27193
5.23792
5.20554
5.1749
5.14603
5.11866
5.09296
5.06885
5.04621
5.02504
5.0052
4.98688
4.97014
4.95467
4.94047
4.92775
4.91615
4.90612
4.89726
4.88972
4.88341
4.87834
4.87464
4.872
4.87086
4.87086
4.872
4.87464
4.87834
4.88341
4.88972
4.89726
4.90612
4.91615
4.92775
4.94047
4.95467
4.97014
4.98688
5.0052
5.02504
5.04621
5.06885
5.09296
5.11866
5.14603
5.1749
5.20554
5.23792
5.27193
