Label: Box
Position: -2.30207, 0.225562, -0.730338
Orientation (Quaternion): 0.103589, 0.692709, 0.211494, -0.681684
2.3813
2.35785
2.35754
2.34674
2.32226
2.31659
2.3109
2.30524
2.3029
2.29362
2.28826
2.28366
2.2749
2.27501
2.27126
4.92775
4.91615
4.90612
4.89726
4.88972
4.88341
4.87834
4.87464
4.872
4.87086
4.87086
4.872
4.87464
4.87834
4.88341
4.88972
4.89726
4.90612
4.91615
4.92775
4.94047
4.95467
4.97014
4.98688
5.0052
5.02504
5.04621
5.06885
5.09296
5.11866
5.14603
5.1749
5.20554
5.23792
5.27193
2.34099
2.3289
2.31753
2.30686
2.29687
2.28756
2.2789
2.2709
2.26351
2.2531
2.24641
2.24512
2.2402
2.23587
2.23213
2.22898
2.22641
2.21625
2.22139
2.22142
2.21813
4.84681
4.84297
4.84057
4.83932
4.83932
4.84057
4.84297
4.84681
4.85177
4.85806
4.86559
4.87431
4.88442
4.89588
4.90853
4.92262
4.93796
4.95467
4.97291
4.99248
5.01344
5.03606
5.06004
5.08553
5.11264
5.14144
5.17185
5.204
5.23786
2.30258
2.29064
2.27941
2.26887
2.259
2.24979
2.24123
2.2333
2.21833
2.21581
2.21326
2.20778
2.2029
2.1986
2.19488
2.19174
2.18917
2.18164
2.17905
2.18139
2.18196
4.81682
4.81314
4.81066
4.80953
4.80953
4.81066
4.81314
4.81682
4.8219
4.82793
4.83555
4.84423
4.85432
4.86566
4.87826
4.89225
4.90746
4.92415
4.94217
4.9617
4.98253
5.00491
5.02873
5.05419
5.08121
5.10979
5.13997
5.17193
5.20561
2.26597
2.25418
2.24308
2.23266
2.2229
2.21379
2.20533
2.19194
2.18148
2.18366
2.17764
2.17221
2.16736
2.16309
2.1594
2.15626
2.15369
2.15168
2.14735
2.1454
2.14854
4.78853
4.78486
4.78241
4.7812
4.7812
4.78241
4.78486
4.78853
4.7935
4.79962
4.80702
4.81579
4.8258
4.83698
4.8496
4.86331
4.87863
4.89519
4.91315
4.93254
4.95323
4.97553
4.9992
5.02444
5.05124
5.07972
5.10977
5.14152
5.17485
2.23105
2.2194
2.20843
2.19813
2.17405
2.17927
2.1711
2.16334
2.14761
2.14964
2.14368
2.1383
2.13349
2.12925
2.12557
2.12245
2.11987
2.10561
2.10461
2.11172
2.11743
4.76177
4.75808
4.75563
4.75445
4.75445
4.75563
4.75808
4.76177
4.7667
4.77281
4.78022
4.78885
4.79877
4.80994
4.8224
4.83623
4.8513
4.86776
4.8857
4.90491
4.92554
4.94769
4.97128
4.99633
5.02301
5.05132
5.08118
5.11271
5.14604
2.19317
2.17373
2.17537
2.16518
2.15564
2.14673
2.13819
2.13077
2.11573
2.1172
2.11129
2.10595
2.10118
2.09697
2.09331
2.0902
2.08763
2.085
2.08305
2.08023
2.2068
4.73655
4.73283
4.73028
4.72921
4.72921
4.73028
4.73283
4.73655
4.7414
4.74753
4.75483
4.76344
4.77332
4.78443
4.79679
4.81049
4.82563
4.84199
4.85966
4.87888
4.89936
4.92145
4.94486
4.96984
4.99635
5.02444
5.05415
5.08549
5.11873
2.16592
2.15454
2.14381
2.13374
2.11785
2.11278
2.10728
2.09968
2.09267
2.08624
2.08038
2.07509
2.07035
2.06617
2.06253
2.05943
2.05686
2.05484
2.05108
2.05087
2.24345
4.71274
4.70906
4.70665
4.7055
4.7055
4.70665
4.70906
4.71274
4.71757
4.72354
4.73092
4.7395
4.74929
4.76042
4.77277
4.78643
4.80135
4.81767
4.8353
4.85427
4.87477
4.89666
4.91999
4.94488
4.97117
4.99918
5.02883
5.05997
5.09291
2.12575
2.11247
2.10436
2.09641
2.09437
2.08071
2.07753
2.07
2.06306
2.05668
2.05088
2.04562
2.04092
2.03677
2.03315
2.03006
2.0275
2.02025
2.02113
2.02357
2.27712
4.69036
4.68664
4.68433
4.68308
4.68308
4.68433
4.68664
4.69036
4.69521
4.70107
4.70854
4.717
4.72677
4.73783
4.7501
4.76371
4.77856
4.79476
4.8123
4.83132
4.85157
4.87345
4.89664
4.92145
4.94765
4.97547
5.00494
5.03604
5.06874
2.10656
2.0954
2.0849
2.07397
2.06579
2.05073
2.04911
2.03592
2.03477
2.02846
2.0227
2.01749
2.01282
2.00869
2.00509
2.00202
1.99947
1.98745
1.99313
2.06955
2.30313
4.66937
4.66578
4.66335
4.66211
4.66211
4.66335
4.66578
4.66937
4.67415
4.68019
4.68742
4.69587
4.70553
4.71665
4.72885
4.74226
4.75715
4.77336
4.79087
4.8097
4.82996
4.85166
4.87474
4.89943
4.92557
4.95323
4.98256
5.01352
5.04619
2.07884
2.0678
2.05741
2.03805
2.03848
2.02993
2.02196
2.01458
2.00776
2.0015
1.99579
1.99062
1.98599
1.98188
1.9783
1.97524
1.96959
1.96292
1.96703
2.10254
2.34038
4.64971
4.64622
4.64383
4.64267
4.64267
4.64383
4.64622
4.64971
4.65463
4.66062
4.66783
4.67623
4.68589
4.69682
4.70902
4.72251
4.73726
4.75334
4.77078
4.7895
4.80973
4.83133
4.85427
4.87884
4.90468
4.93248
4.96167
4.9924
5.02494
2.05234
2.04142
2.03113
2.02145
2.01239
2.00391
1.99602
1.9887
1.97167
1.97574
1.97007
1.96494
1.96034
1.95626
1.95271
1.94966
1.94258
1.94403
1.9428
2.12979
2.40691
4.6316
4.62799
4.62561
4.62433
4.62433
4.62561
4.62799
4.6316
4.63636
4.64231
4.64953
4.65784
4.66748
4.67841
4.69059
4.70399
4.71866
4.73471
4.75204
4.77075
4.79087
4.81234
4.83533
4.85973
4.88557
4.91316
4.94222
4.9729
5.00522
2.02702
2.0162
2.00601
1.99643
1.98744
1.97905
1.97123
1.96397
1.95727
1.95112
1.9455
1.94041
1.93584
1.93179
1.92825
1.92521
1.92268
1.91879
1.92043
2.13936
2.45223
4.61467
4.61109
4.60872
4.60747
4.60747
4.60872
4.61109
4.61467
4.61944
4.62524
4.6324
4.64086
4.65052
4.66129
4.67339
4.68682
4.70143
4.71728
4.7347
4.75335
4.77328
4.79475
4.81768
4.8419
4.86777
4.89523
4.92416
4.95475
4.98698
2.00281
1.99209
1.98199
1.9725
1.9636
1.94652
1.94753
1.94034
1.93369
1.92758
1.92201
1.91696
1.91242
1.90839
1.90487
1.90185
1.89933
1.89527
1.98009
2.20944
2.49502
4.59904
4.59535
4.59312
4.59194
4.59194
4.59312
4.59535
4.59904
4.60381
4.60959
4.61676
4.62513
4.63475
4.64554
4.65764
4.67088
4.68555
4.70148
4.7186
4.73715
4.75715
4.77857
4.80137
4.82554
4.85138
4.87866
4.9075
4.93796
4.97017
1.97966
1.96904
1.95903
1.94243
1.94081
1.93256
1.92487
1.91774
1.90046
1.90509
1.89956
1.89454
1.89003
1.88603
1.88253
1.87952
1.87143
1.87345
2.0078
2.24796
2.54902
4.58464
4.58117
4.57871
4.57768
4.57768
4.57871
4.58117
4.58464
4.5894
4.59523
4.60242
4.61072
4.62028
4.63105
4.64313
4.65636
4.67094
4.68681
4.70392
4.72243
4.74232
4.76369
4.7864
4.81046
4.83624
4.86341
4.89222
4.9226
4.95469
1.95753
1.947
1.93708
1.92776
1.91901
1.91083
1.89903
1.89614
1.8896
1.88358
1.87809
1.87311
1.86863
1.86466
1.86117
1.85818
1.8516
1.85336
2.02461
2.27925
2.59673
4.5715
4.56805
4.56577
4.56457
4.56457
4.56577
4.56805
4.5715
4.57625
4.58218
4.58933
4.5976
4.60712
4.61783
4.62973
4.64301
4.65762
4.6734
4.69057
4.70901
4.72882
4.75006
4.7727
4.79687
4.82245
4.84961
4.87823
4.90857
4.94054
1.93636
1.92592
1.91609
1.90684
1.89817
1.89006
1.87595
1.87548
1.86899
1.86303
1.85757
1.85263
1.84818
1.84422
1.84076
1.83778
1.83453
1.83505
2.07607
2.32977
2.6549
4.55976
4.55622
4.55391
4.55281
4.55281
4.55391
4.55622
4.55976
4.5645
4.57035
4.57738
4.58574
4.59518
4.60594
4.61789
4.6311
4.64556
4.66126
4.6784
4.69681
4.71658
4.73765
4.76041
4.78445
4.80995
4.83695
4.86567
4.89582
4.92773
1.91612
1.90577
1.89602
1.88685
1.87825
1.8702
1.8627
1.85195
1.8493
1.84337
1.83796
1.83304
1.82862
1.82469
1.82125
1.81828
1.81448
1.89776
2.11049
2.32036
2.65864
4.54908
4.54568
4.54334
4.54219
4.54219
4.54334
4.54568
4.54908
4.55388
4.55969
4.56674
4.57505
4.58447
4.59521
4.60713
4.62035
4.63475
4.65041
4.66748
4.68585
4.70563
4.72671
4.7493
4.77328
4.79877
4.82565
4.85422
4.88441
4.91617
1.89677
1.88651
1.87684
1.86774
1.8592
1.85122
1.83542
1.83686
1.83047
1.82458
1.81921
1.81433
1.80993
1.80603
1.8026
1.79964
1.79603
1.92941
2.14621
2.41859
2.72364
4.53978
4.53619
4.53395
4.5328
4.5328
4.53395
4.53619
4.53978
4.54443
4.55033
4.5574
4.56553
4.57502
4.5857
4.59766
4.61077
4.62521
4.64093
4.65791
4.67622
4.69593
4.71695
4.7393
4.76339
4.78888
4.8158
4.84431
4.8743
4.90614
1.87828
1.8681
1.8585
1.84947
1.841
1.83308
1.82568
1.81882
1.80573
1.80663
1.80129
1.79644
1.79207
1.78818
1.78477
1.77856
1.77928
1.95928
2.18332
2.46224
2.78556
4.53154
4.52813
4.52579
4.52459
4.52459
4.52579
4.52813
4.53154
4.53631
4.54197
4.54905
4.55734
4.56682
4.57748
4.58934
4.60246
4.61687
4.63248
4.64942
4.66778
4.68731
4.70845
4.7309
4.75473
4.78015
4.80711
4.83546
4.86553
4.89723
1.8606
1.8505
1.84097
1.83201
1.8236
1.81574
1.8084
1.80158
1.79528
1.78947
1.78233
1.77935
1.77501
1.77114
1.76775
1.76299
1.7644
1.99023
2.21366
2.50113
2.87708
4.52461
4.52112
4.51874
4.51767
4.51767
4.51874
4.52112
4.52461
4.52929
4.53508
4.54212
4.55032
4.55974
4.57036
4.5821
4.59529
4.60972
4.6253
4.64217
4.66058
4.68023
4.7012
4.72364
4.74753
4.77285
4.79963
4.82802
4.858
4.88972
1.84371
1.83368
1.82423
1.81533
1.80698
1.79917
1.79189
1.78512
1.77885
1.77309
1.76781
1.76302
1.75871
1.75486
1.74232
1.74834
1.82267
2.02226
2.25396
2.53846
4.52344
4.51881
4.51525
4.51288
4.51184
4.51184
4.51288
4.51525
4.51881
4.52344
4.52923
4.53629
4.54452
4.55383
4.56452
4.57631
4.5894
4.60381
4.61944
4.63631
4.65454
4.67415
4.69517
4.71757
4.74142
4.76673
4.79351
4.82186
4.85182
4.88335
1.82758
1.81763
1.80824
1.7994
1.79111
1.78335
1.77612
1.76939
1.76317
1.75744
1.74319
1.74743
1.73478
1.73171
1.73595
1.73233
1.85032
2.0515
2.28769
2.62077
4.51881
4.51417
4.51064
4.50831
4.50722
4.50722
4.50831
4.51064
4.51417
4.51881
4.52461
4.53163
4.53979
4.54919
4.55984
4.57155
4.5847
4.59903
4.61461
4.63146
4.64976
4.66938
4.69035
4.71272
4.73654
4.76172
4.78858
4.81696
4.84678
4.87837
1.81219
1.80229
1.79297
1.78419
1.77596
1.76825
1.76106
1.75438
1.7482
1.7425
1.73023
1.72585
1.72828
1.72447
1.71633
1.71813
1.88239
2.08591
2.34705
2.67718
4.51526
4.51064
4.50715
4.50483
4.50359
4.50359
4.50483
4.50715
4.51064
4.51526
4.52111
4.52811
4.53626
4.5456
4.55632
4.56808
4.5812
4.59551
4.61109
4.62791
4.64624
4.66579
4.68675
4.70899
4.73288
4.75808
4.78486
4.81305
4.84302
4.87451
1.79136
1.78767
1.7784
1.76968
1.7615
1.75385
1.7467
1.74006
1.72344
1.72019
1.71712
1.71421
1.71411
1.7066
1.70698
1.70625
1.90626
2.12556
2.39222
2.7362
4.51288
4.50832
4.50483
4.50252
4.50135
4.50135
4.50252
4.50483
4.50832
4.51288
4.51876
4.52582
4.53399
4.5434
4.55392
4.56561
4.57879
4.5931
4.6087
4.62561
4.64374
4.66335
4.68427
4.70656
4.73044
4.75568
4.78238
4.81064
4.84054
4.87209
1.78201
1.77194
1.76238
1.75538
1.74772
1.7401
1.733
1.7264
1.72029
1.71466
1.70458
1.7015
1.70059
1.69682
1.69163
1.76345
1.94268
2.16256
2.43929
4.51766
4.51184
4.50722
4.50359
4.50135
4.50029
4.50029
4.50135
4.50359
4.50722
4.51184
4.51766
4.52458
4.53279
4.54218
4.55279
4.56458
4.57765
4.59186
4.60752
4.62437
4.64247
4.66219
4.68307
4.70545
4.72918
4.75444
4.78106
4.80942
4.83939
4.87073
1.76823
1.75782
1.74896
1.74187
1.73361
1.72582
1.71851
1.70331
1.70731
1.70171
1.69658
1.69192
1.68625
1.68396
1.67972
1.77525
1.97355
2.20097
2.48832
2.88833
4.51184
4.50722
4.50359
4.50135
4.50029
4.50029
4.50135
4.50359
4.50722
4.51184
4.51766
4.52458
4.53279
4.54218
4.55279
4.56458
4.57765
4.59186
4.60752
4.62437
4.64247
4.66219
4.68307
4.70545
4.72918
4.75444
4.78106
4.80942
4.83939
4.87073
1.82393
1.79753
1.74554
1.73366
1.72299
1.71368
1.70597
1.70028
1.6945
1.6888
1.68427
1.67964
1.67445
1.67121
1.66789
1.81521
2.00544
2.24082
2.53952
4.51876
4.51288
4.50832
4.50483
4.50252
4.50135
4.50135
4.50252
4.50483
4.50832
4.51288
4.51876
4.52582
4.53399
4.5434
4.55392
4.56561
4.57879
4.5931
4.6087
4.62561
4.64374
4.66335
4.68427
4.70656
4.73044
4.75568
4.78238
4.81064
4.84054
4.87209
1.89867
1.87466
1.84862
1.82376
1.79999
1.77727
1.75563
1.73493
1.69139
1.68177
1.67351
1.66743
1.66371
1.6599
1.65183
1.84223
2.0385
2.28223
2.59293
4.52111
4.51526
4.51064
4.50715
4.50483
4.50359
4.50359
4.50483
4.50715
4.51064
4.51526
4.52111
4.52811
4.53626
4.5456
4.55632
4.56808
4.5812
4.59551
4.61109
4.62791
4.64624
4.66579
4.68675
4.70899
4.73288
4.75808
4.78486
4.81305
4.84302
4.87451
1.98694
1.94274
1.90841
1.88933
1.87125
1.84888
1.8251
1.80607
1.78138
1.76346
1.72749
1.72768
1.68681
1.69511
1.68746
1.86257
2.07268
2.32525
2.6487
4.52461
4.51881
4.51417
4.51064
4.50831
4.50722
4.50722
4.50831
4.51064
4.51417
4.51881
4.52461
4.53163
4.53979
4.54919
4.55984
4.57155
4.5847
4.59903
4.61461
4.63146
4.64976
4.66938
4.69035
4.71272
4.73654
4.76172
4.78858
4.81696
4.84678
4.87837
2.08185
2.0489
2.0205
1.98797
1.96463
1.93858
1.91369
1.8899
1.85175
1.84116
1.82181
1.80422
1.78585
1.76783
1.74682
1.89872
2.10806
2.36995
2.70699
4.52923
4.52344
4.51881
4.51525
4.51288
4.51184
4.51184
4.51288
4.51525
4.51881
4.52344
4.52923
4.53629
4.54452
4.55383
4.56452
4.57631
4.5894
4.60381
4.61944
4.63631
4.65454
4.67415
4.69517
4.71757
4.74142
4.76673
4.79351
4.82186
4.85182
4.88335
2.18628
2.15238
2.12004
2.08919
2.05975
2.02356
2.00481
1.96564
1.95467
1.9257
1.90789
1.88738
1.86709
1.84756
1.81926
1.92833
2.14471
2.41648
2.76795
4.53508
4.52929
4.52461
4.52112
4.51874
4.51767
4.51767
4.51874
4.52112
4.52461
4.52929
4.53508
4.54212
4.55032
4.55974
4.57036
4.5821
4.59529
4.60972
4.6253
4.64217
4.66058
4.68023
4.7012
4.72364
4.74753
4.77285
4.79963
4.82802
4.858
4.88972
2.3025
2.23036
2.22938
2.19714
2.16524
2.13478
2.10569
2.06554
2.05139
2.02463
2.00159
1.97867
1.95655
1.9354
1.8999
1.91072
2.18267
2.46487
4.54905
4.54197
4.53631
4.53154
4.52813
4.52579
4.52459
4.52459
4.52579
4.52813
4.53154
4.53631
4.54197
4.54905
4.55734
4.56682
4.57748
4.58934
4.60246
4.61687
4.63248
4.64942
4.66778
4.68731
4.70845
4.7309
4.75473
4.78015
4.80711
4.83546
4.86553
4.89723
2.40082
2.39238
2.35408
2.31762
2.28283
2.2285
2.2016
2.17716
2.15693
2.13089
2.10487
2.07968
2.05561
2.03261
1.98916
1.98978
2.222
2.5153
4.5574
4.55033
4.54443
4.53978
4.53619
4.53395
4.5328
4.5328
4.53395
4.53619
4.53978
4.54443
4.55033
4.5574
4.56553
4.57502
4.5857
4.59766
4.61077
4.62521
4.64093
4.65791
4.67622
4.69593
4.71695
4.7393
4.76339
4.78888
4.8158
4.84431
4.8743
4.90614
2.57902
2.53491
2.49288
2.42699
2.38539
2.3572
2.3298
2.30797
2.27833
2.24864
2.21979
2.19223
2.16589
2.14072
2.08815
2.08079
2.2628
2.5678
4.56674
4.55969
4.55388
4.54908
4.54568
4.54334
4.54219
4.54219
4.54334
4.54568
4.54908
4.55388
4.55969
4.56674
4.57505
4.58447
4.59521
4.60713
4.62035
4.63475
4.65041
4.66748
4.68585
4.70563
4.72671
4.7493
4.77328
4.79877
4.82565
4.85422
4.88441
4.91617
2.71508
2.66765
2.61087
2.56871
2.53668
2.50562
2.48185
2.44783
2.41375
2.38047
2.3487
2.31835
2.28936
2.26165
2.19836
2.18395
2.30509
2.62253
4.57738
4.57035
4.5645
4.55976
4.55622
4.55391
4.55281
4.55281
4.55391
4.55622
4.55976
4.5645
4.57035
4.57738
4.58574
4.59518
4.60594
4.61789
4.6311
4.64556
4.66126
4.6784
4.69681
4.71658
4.73765
4.76041
4.78445
4.80995
4.83695
4.86567
4.89582
4.92773
4.94054
4.90857
4.87823
4.84961
2.75551
2.67557
2.64454
2.60513
2.56643
2.52951
2.49427
2.46062
2.42849
2.39124
2.36844
2.3404
2.32095
2.67963
4.58933
4.58218
4.57625
4.5715
4.56805
4.56577
4.56457
4.56457
4.56577
4.56805
4.5715
4.57625
4.58218
4.58933
4.5976
4.60712
4.61783
4.62973
4.64301
4.65762
4.6734
4.69057
4.70901
4.72882
4.75006
4.7727
4.79687
4.82245
4.84961
4.87823
4.90857
4.94054
4.95469
4.9226
4.89222
4.86341
4.83624
4.81046
4.7864
4.76369
4.74232
4.72243
2.65991
2.62231
2.58641
2.53753
2.51937
2.48808
2.44573
4.61072
4.60242
4.59523
4.5894
4.58464
4.58117
4.57871
4.57768
4.57768
4.57871
4.58117
4.58464
4.5894
4.59523
4.60242
4.61072
4.62028
4.63105
4.64313
4.65636
4.67094
4.68681
4.70392
4.72243
4.74232
4.76369
4.7864
4.81046
4.83624
4.86341
4.89222
4.9226
4.95469
4.97017
4.93796
4.9075
4.87866
4.85138
4.82554
4.80137
4.77857
4.75715
4.73715
4.7186
4.70148
4.68555
4.67088
4.65764
4.64554
2.59071
4.62513
4.61676
4.60959
4.60381
4.59904
4.59535
4.59312
4.59194
4.59194
4.59312
4.59535
4.59904
4.60381
4.60959
4.61676
4.62513
4.63475
4.64554
4.65764
4.67088
4.68555
4.70148
4.7186
4.73715
4.75715
4.77857
4.80137
4.82554
4.85138
4.87866
4.9075
4.93796
4.97017
4.98698
4.95475
4.92416
4.89523
4.86777
4.8419
4.81768
4.79475
4.77328
4.75335
4.7347
4.71728
4.70143
4.68682
4.67339
4.66129
4.65052
4.64086
4.6324
4.62524
4.61944
4.61467
4.61109
4.60872
4.60747
4.60747
4.60872
4.61109
4.61467
4.61944
4.62524
4.6324
4.64086
4.65052
4.66129
4.67339
4.68682
4.70143
4.71728
4.7347
4.75335
4.77328
4.79475
4.81768
4.8419
4.86777
4.89523
4.92416
4.95475
4.98698
5.00522
4.9729
4.94222
4.91316
4.88557
4.85973
4.83533
4.81234
4.79087
4.77075
4.75204
4.73471
4.71866
4.70399
4.69059
4.67841
4.66748
4.65784
4.64953
4.64231
4.63636
4.6316
4.62799
4.62561
4.62433
4.62433
4.62561
4.62799
4.6316
4.63636
4.64231
4.64953
4.65784
4.66748
4.67841
4.69059
4.70399
4.71866
4.73471
4.75204
4.77075
4.79087
4.81234
4.83533
4.85973
4.88557
4.91316
4.94222
4.9729
5.00522
5.02494
4.9924
4.96167
4.93248
4.90468
4.87884
4.85427
4.83133
4.80973
4.7895
4.77078
4.75334
4.73726
4.72251
4.70902
4.69682
4.68589
4.67623
4.66783
4.66062
4.65463
4.64971
4.64622
4.64383
4.64267
4.64267
4.64383
4.64622
4.64971
4.65463
4.66062
4.66783
4.67623
4.68589
4.69682
4.70902
4.72251
4.73726
4.75334
4.77078
4.7895
4.80973
4.83133
4.85427
4.87884
4.90468
4.93248
4.96167
4.9924
5.02494
5.04619
5.01352
4.98256
4.95323
4.92557
4.89943
4.87474
4.85166
4.82996
4.8097
4.79087
4.77336
4.75715
4.74226
4.72885
4.71665
4.70553
4.69587
4.68742
4.68019
4.67415
4.66937
4.66578
4.66335
4.66211
4.66211
4.66335
4.66578
4.66937
4.67415
4.68019
4.68742
4.69587
4.70553
4.71665
4.72885
4.74226
4.75715
4.77336
4.79087
4.8097
4.82996
4.85166
4.87474
4.89943
4.92557
4.95323
4.98256
5.01352
5.04619
5.06874
5.03604
5.00494
4.97547
4.94765
4.92145
4.89664
4.87345
4.85157
4.83132
4.8123
4.79476
4.77856
4.76371
4.7501
4.73783
4.72677
4.717
4.70854
4.70107
4.69521
4.69036
4.68664
4.68433
4.68308
4.68308
4.68433
4.68664
4.69036
4.69521
4.70107
4.70854
4.717
4.72677
4.73783
4.7501
4.76371
4.77856
4.79476
4.8123
4.83132
4.85157
4.87345
4.89664
4.92145
4.94765
4.97547
5.00494
5.03604
5.06874
5.09291
5.05997
5.02883
4.99918
4.97117
4.94488
4.91999
4.89666
4.87477
4.85427
4.8353
4.81767
4.80135
4.78643
4.77277
4.76042
4.74929
4.7395
4.73092
4.72354
4.71757
4.71274
4.70906
4.70665
4.7055
4.7055
4.70665
4.70906
4.71274
4.71757
4.72354
4.73092
4.7395
4.74929
4.76042
4.77277
4.78643
4.80135
4.81767
4.8353
4.85427
4.87477
4.89666
4.91999
4.94488
4.97117
4.99918
5.02883
5.05997
5.09291
5.11873
5.08549
5.05415
5.02444
4.99635
4.96984
4.94486
4.92145
4.89936
4.87888
4.85966
4.84199
4.82563
4.81049
4.79679
4.78443
4.77332
4.76344
4.75483
4.74753
4.7414
4.73655
4.73283
4.73028
4.72921
4.72921
4.73028
4.73283
4.73655
4.7414
4.74753
4.75483
4.76344
4.77332
4.78443
4.79679
4.81049
4.82563
4.84199
4.85966
4.87888
4.89936
4.92145
4.94486
4.96984
4.99635
5.02444
5.05415
5.08549
5.11873
5.14604
5.11271
5.08118
5.05132
5.02301
4.99633
4.97128
4.94769
4.92554
4.90491
4.8857
4.86776
4.8513
4.83623
4.8224
4.80994
4.79877
4.78885
4.78022
4.77281
4.7667
4.76177
4.75808
4.75563
4.75445
4.75445
4.75563
4.75808
4.76177
4.7667
4.77281
4.78022
4.78885
4.79877
4.80994
4.8224
4.83623
4.8513
4.86776
4.8857
4.90491
4.92554
4.94769
4.97128
4.99633
5.02301
5.05132
5.08118
5.11271
5.14604
5.17485
5.14152
5.10977
5.07972
5.05124
5.02444
4.9992
4.97553
4.95323
4.93254
4.91315
4.89519
4.87863
4.86331
4.8496
4.83698
4.8258
4.81579
4.80702
4.79962
4.7935
4.78853
4.78486
4.78241
4.7812
4.7812
4.78241
4.78486
4.78853
4.7935
4.79962
4.80702
4.81579
4.8258
4.83698
4.8496
4.86331
4.87863
4.89519
4.91315
4.93254
4.95323
4.97553
4.9992
5.02444
5.05124
5.07972
5.10977
5.14152
5.17485
5.20561
5.17193
5.13997
5.10979
5.08121
5.05419
5.02873
5.00491
4.98253
4.9617
4.94217
4.92415
4.90746
4.89225
4.87826
4.86566
4.85432
4.84423
4.83555
4.82793
4.8219
4.81682
4.81314
4.81066
4.80953
4.80953
4.81066
4.81314
4.81682
4.8219
4.82793
4.83555
4.84423
4.85432
4.86566
4.87826
4.89225
4.90746
4.92415
4.94217
4.9617
4.98253
5.00491
5.02873
5.05419
5.08121
5.10979
5.13997
5.17193
5.20561
5.23786
5.204
5.17185
5.14144
5.11264
5.08553
5.06004
5.03606
5.01344
4.99248
4.97291
4.95467
4.93796
4.92262
4.90853
4.89588
4.88442
4.87431
4.86559
4.85806
4.85177
4.84681
4.84297
4.84057
4.83932
4.83932
4.84057
4.84297
4.84681
4.85177
4.85806
4.86559
4.87431
4.88442
4.89588
4.90853
4.92262
4.93796
4.95467
4.97291
4.99248
5.01344
5.03606
5.06004
5.08553
5.11264
5.14144
5.17185
5.204
5.23786
5.27193
5.23792
5.20554
5.1749
5.14603
5.11866
5.09296
5.06885
5.04621
5.02504
5.0052
4.98688
4.97014
4.95467
4.94047
4.92775
4.91615
4.90612
4.89726
4.88972
4.88341
4.87834
4.87464
4.872
4.87086
4.87086
4.872
4.87464
4.87834
4.88341
4.88972
4.89726
4.90612
4.91615
4.92775
4.94047
4.95467
4.97014
4.98688
5.0052
5.02504
5.04621
5.06885
5.09296
5.11866
5.14603
5.1749
5.20554
5.23792
5.27193
