Label: Box
Position: -2.34669, 0.0487991, -0.332255
Orientation (Quaternion): 0.347214, -0.379348, 0.792592, -0.327622
5.27193
5.23792
5.20554
5.1749
5.14603
5.11866
5.09296
5.06885
5.04621
5.02504
5.0052
4.98688
4.97014
4.95467
4.94047
4.92775
4.91615
4.90612
4.89726
4.88972
4.88341
4.87834
4.87464
4.872
4.87086
4.87086
4.872
4.87464
4.87834
4.88341
4.88972
4.89726
4.90612
4.91615
4.92775
4.94047
4.95467
4.97014
4.98688
5.0052
5.02504
5.04621
5.06885
5.09296
5.11866
5.14603
5.1749
5.20554
5.23792
5.27193
5.23786
5.204
5.17185
5.14144
5.11264
5.08553
5.06004
5.03606
5.01344
4.99248
4.97291
4.95467
4.93796
4.92262
4.90853
4.89588
4.88442
4.87431
4.86559
4.85806
4.85177
4.84681
4.84297
4.84057
4.83932
4.83932
4.84057
4.84297
4.84681
4.85177
4.85806
4.86559
4.87431
4.88442
4.89588
4.90853
4.92262
4.93796
4.95467
4.97291
4.99248
5.01344
5.03606
5.06004
5.08553
5.11264
5.14144
5.17185
5.204
5.23786
5.20561
5.17193
5.13997
5.10979
5.08121
5.05419
5.02873
5.00491
4.98253
4.9617
4.94217
4.92415
4.90746
4.89225
4.87826
4.86566
4.85432
4.84423
4.83555
4.82793
4.8219
4.81682
4.81314
4.81066
4.80953
4.80953
4.81066
4.81314
4.81682
4.8219
4.82793
4.83555
4.84423
4.85432
4.86566
4.87826
4.89225
4.90746
4.92415
4.94217
4.9617
4.98253
5.00491
5.02873
5.05419
5.08121
5.10979
5.13997
5.17193
5.20561
5.17485
5.14152
5.10977
5.07972
5.05124
5.02444
4.9992
4.97553
4.95323
4.93254
4.91315
4.89519
4.87863
4.86331
4.8496
4.83698
4.8258
4.81579
4.80702
4.79962
4.7935
4.78853
4.78486
4.78241
4.7812
4.7812
4.78241
4.78486
4.78853
4.7935
4.79962
4.80702
4.81579
4.8258
4.83698
4.8496
4.86331
4.87863
4.89519
4.91315
4.93254
4.95323
4.97553
4.9992
5.02444
5.05124
5.07972
5.10977
5.14152
5.17485
5.14604
5.11271
5.08118
5.05132
5.02301
4.99633
4.97128
4.94769
4.92554
4.90491
4.8857
4.86776
4.8513
4.83623
4.8224
4.80994
4.79877
4.78885
4.78022
4.77281
4.7667
4.76177
4.75808
4.75563
4.75445
4.75445
4.75563
4.75808
4.76177
4.7667
4.77281
4.78022
4.78885
4.79877
4.80994
4.8224
4.83623
4.8513
4.86776
4.8857
4.90491
4.92554
4.94769
4.97128
4.99633
5.02301
5.05132
5.08118
5.11271
5.14604
5.11873
5.08549
5.05415
5.02444
4.99635
4.96984
4.94486
4.92145
4.89936
4.87888
4.85966
4.84199
4.82563
4.81049
4.79679
4.78443
4.77332
4.76344
4.75483
4.74753
4.7414
4.73655
4.73283
4.73028
4.72921
4.72921
4.73028
4.73283
4.73655
4.7414
4.74753
4.75483
4.76344
4.77332
4.78443
4.79679
4.81049
4.82563
4.84199
4.85966
4.87888
4.89936
4.92145
4.94486
4.96984
4.99635
5.02444
5.05415
5.08549
5.11873
2.13646
2.18316
2.20712
2.23222
2.25846
2.28592
2.3139
2.34475
2.37159
2.40837
2.44377
2.47793
2.48091
2.5577
2.59944
2.64324
2.6714
2.73766
2.78853
2.87876
4.71757
4.71274
4.70906
4.70665
4.7055
4.7055
4.70665
4.70906
4.71274
4.71757
4.72354
4.73092
4.7395
4.74929
4.76042
4.77277
4.78643
4.80135
4.81767
4.8353
4.85427
4.87477
4.89666
4.91999
4.94488
4.97117
4.99918
5.02883
5.05997
5.09291
2.12319
2.08325
2.10965
2.12441
2.15539
2.17985
2.20544
2.23146
2.25645
2.26164
2.32032
2.34343
2.38619
2.42149
2.45849
2.49729
2.53798
2.57947
2.62562
2.67279
2.7224
2.97175
4.68664
4.68433
4.68308
4.68308
4.68433
4.68664
4.69036
4.69521
4.70107
4.70854
4.717
4.72677
4.73783
4.7501
4.76371
4.77856
4.79476
4.8123
4.83132
4.85157
4.87345
4.89664
4.92145
4.94765
4.97547
5.00494
5.03604
5.06874
2.13169
2.06621
2.03385
2.04074
2.05747
2.05747
2.10643
2.13039
2.14952
2.1665
2.20337
2.232
2.26799
2.2995
2.32588
2.36205
2.40333
2.44132
2.48122
2.52309
2.56706
2.61328
2.66188
2.71304
4.66211
4.66211
4.66335
4.66578
4.66937
4.67415
4.68019
4.68742
4.69587
4.70553
4.71665
4.72885
4.74226
4.75715
4.77336
4.79087
4.8097
4.82996
4.85166
4.87474
4.89943
4.92557
4.95323
4.98256
5.01352
5.04619
2.1342
2.08579
2.04004
1.98808
1.96064
1.99572
2.01628
2.03781
2.06033
2.0839
2.10158
2.11743
2.16137
2.18213
2.20175
2.22089
2.2827
2.31671
2.35238
2.38978
2.42903
2.47023
2.51351
2.559
2.60685
2.65723
4.64383
4.64622
4.64971
4.65463
4.66062
4.66783
4.67623
4.68589
4.69682
4.70902
4.72251
4.73726
4.75334
4.77078
4.7895
4.80973
4.83133
4.85427
4.87884
4.90468
4.93248
4.96167
4.9924
5.02494
2.13747
2.08893
2.03319
1.99966
1.94625
1.91862
1.93345
1.95329
1.9736
1.99486
2.0171
2.04038
2.06474
2.0823
2.1169
2.1361
2.16689
2.20466
2.2302
2.27036
2.3056
2.34257
2.38136
2.42209
2.46488
2.50986
2.55719
2.60702
4.6316
4.63636
4.64231
4.64953
4.65784
4.66748
4.67841
4.69059
4.70399
4.71866
4.73471
4.75204
4.77075
4.79087
4.81234
4.83533
4.85973
4.88557
4.91316
4.94222
4.9729
5.00522
2.13509
2.0928
2.03607
1.99163
1.96203
1.92295
1.8798
1.85685
1.89424
1.91349
1.92567
1.95471
1.97677
1.99985
2.00919
2.04927
2.07573
2.10342
2.13242
2.16279
2.19461
2.22796
2.26294
2.29962
2.33813
2.37857
2.42107
2.46576
2.51278
2.58383
4.62524
4.6324
4.64086
4.65052
4.66129
4.67339
4.68682
4.70143
4.71728
4.7347
4.75335
4.77328
4.79475
4.81768
4.8419
4.86777
4.89523
4.92416
4.95475
4.98698
2.1463
2.08718
2.03937
2.00753
1.95424
1.92694
1.88972
1.84413
1.82095
1.83885
1.85716
1.87632
1.89637
1.91735
1.93224
1.94882
1.98633
2.01149
2.03783
2.06541
2.09429
2.12454
2.15624
2.18947
2.22432
2.26089
2.29928
2.33961
2.382
2.42656
2.47353
2.52804
4.62513
4.63475
2.68832
4.65764
4.67088
4.68555
4.70148
4.7186
4.73715
4.75715
4.77857
4.80137
4.82554
4.85138
4.87866
4.9075
4.93796
4.97017
2.14869
2.09085
2.05639
2.0125
1.97095
1.92327
1.89421
1.85873
1.81359
1.78799
1.76856
1.80434
1.82263
1.84178
1.86181
1.88279
1.89674
1.92769
1.95172
1.96515
2.0032
2.03076
2.05964
2.08989
2.12159
2.15484
2.18971
2.22631
2.23614
2.30514
2.34761
2.3923
2.43937
2.48898
2.54131
4.64313
4.65636
4.67094
4.68681
4.70392
4.72243
4.74232
4.76369
4.7864
4.81046
4.83624
4.86341
4.89222
4.9226
4.95469
2.15825
2.1089
2.0522
2.01159
1.9632
1.93686
1.89931
1.86368
1.82613
1.79759
1.75983
1.73783
1.75478
1.76643
1.78646
1.80652
1.82997
1.851
1.87301
1.89603
1.92014
1.94537
1.97179
1.99945
2.02843
2.05879
2.09063
2.11881
2.15904
2.19584
2.23449
2.2751
2.31785
2.35739
2.40821
2.46023
2.51299
4.65762
4.6734
4.69057
4.70901
4.72882
4.75006
4.7727
4.79687
4.82245
4.84961
4.87823
4.90857
4.94054
2.16543
2.1158
2.06014
2.02458
1.9826
1.94165
1.89688
1.8561
1.82159
1.80282
1.77202
1.73416
1.70998
1.69324
1.72281
1.74013
1.7562
1.77698
1.8008
1.82196
1.84412
1.86731
1.89157
1.91697
1.94358
1.97143
2.00063
2.03123
2.06331
2.09699
2.13233
2.16944
2.20847
2.24949
2.29267
2.33817
2.38612
4.64556
4.66126
4.6784
4.69681
4.71658
4.73765
4.76041
4.78445
4.80995
4.83695
4.86567
4.89582
4.92773
2.17342
2.12348
2.07631
2.03169
1.98946
1.94357
1.91147
1.87195
1.83816
1.80003
1.76567
1.7422
1.71603
1.68525
1.66702
1.6769
1.69663
1.71156
1.73434
1.75388
1.75908
1.79569
1.81806
1.84148
1.86599
1.89166
1.89228
1.94671
1.97623
2.00718
2.03965
2.07373
2.10952
2.14712
2.18667
2.21475
2.28859
2.42004
4.65041
4.66748
4.68585
4.70563
4.72671
4.7493
4.77328
4.79877
4.82565
4.85422
4.88441
4.91617
2.18225
2.13196
2.08447
2.03955
1.99704
1.95675
1.91854
1.87648
1.84165
1.81504
1.78106
1.75029
1.72082
1.68898
1.66419
1.64389
1.62896
1.6551
1.673
1.69108
1.70997
1.72977
1.75047
1.77214
1.79481
1.80783
1.84337
1.86941
1.89668
1.92525
1.95521
1.9866
2.00144
2.05934
2.12347
2.25352
2.36269
4.62521
4.64093
4.65791
4.67622
4.69593
4.71695
4.7393
4.76339
4.78888
4.8158
4.84431
4.8743
4.90614
2.19192
2.14126
2.09341
2.04816
2.00534
1.96476
1.92628
1.88975
1.85505
1.82206
1.79067
1.75177
1.71933
1.69517
1.67527
1.64779
1.62466
1.60686
1.59624
1.633
1.65055
1.66892
1.68813
1.70824
1.72928
1.7513
1.77435
1.79849
1.82376
1.83028
1.8762
1.9276
2.02569
2.11174
2.20605
2.30979
2.42442
4.61687
4.63248
4.64942
4.66778
4.68731
4.70845
4.7309
4.75473
4.78015
4.80711
4.83546
4.86553
4.89723
2.20247
2.15139
2.10315
2.05754
2.01438
1.97348
1.9347
1.8979
1.86294
1.8297
1.79809
1.75449
1.73932
1.71201
1.67923
1.65556
1.63325
1.61108
1.58903
1.57338
1.59548
1.59746
1.63047
1.64919
1.64979
1.68928
1.69136
1.7272
1.76894
1.84455
1.91413
1.98972
2.07207
2.1621
2.26092
2.36985
4.59529
4.60972
4.6253
4.64217
4.66058
4.68023
4.7012
4.72364
4.74753
4.77285
4.79963
4.82802
4.858
4.88972
2.21391
2.16237
2.11371
2.06771
2.02417
1.98294
1.94384
1.90673
1.87147
1.83798
1.8061
1.76218
1.74688
1.71935
1.68631
1.66296
1.64049
1.61886
1.59959
1.57588
1.55632
1.54857
1.577
1.58538
1.60481
1.6383
1.67805
1.75483
1.81673
1.88367
1.95625
2.03519
2.12133
2.21569
2.31944
2.43405
2.56128
4.60381
4.61944
4.63631
4.65454
4.67415
4.69517
4.71757
4.74142
4.76673
4.79351
4.82186
4.85182
4.88335
2.22625
2.17423
2.12511
2.07868
2.03475
1.99314
1.95369
1.91625
1.8807
1.8469
1.81476
1.78417
1.74394
1.72727
1.7008
1.67041
1.64775
1.62594
1.60652
1.58467
1.56514
1.5463
1.52855
1.56898
1.60936
1.65233
1.73106
1.79077
1.85527
1.92508
2.00089
2.08347
2.17373
2.2728
2.38196
2.50281
4.5847
4.59903
4.61461
4.63146
4.64976
4.66938
4.69035
4.71272
4.73654
4.76172
4.78858
4.81696
4.84678
4.87837
2.23955
2.17321
2.13737
2.09048
2.03746
1.99261
1.96427
1.92649
1.89059
1.85649
1.82406
1.79318
1.76379
1.72691
1.70907
1.67843
1.65931
1.63356
1.61397
1.59193
1.57214
1.55311
1.54789
1.60522
1.6552
1.70884
1.76484
1.81147
1.89602
1.96894
2.04826
2.1348
2.22957
2.33378
2.44886
4.56808
4.5812
4.59551
4.61109
4.62791
4.64624
4.66579
4.68675
4.70899
4.73288
4.75808
4.78486
4.81305
4.84302
4.87451
2.25381
2.1935
2.14695
2.10314
2.05831
2.01586
1.97563
1.93744
1.90121
1.86676
1.83401
1.78903
1.76196
1.73598
1.71103
1.68703
1.66527
1.64157
1.62193
1.60058
1.5794
1.55785
1.56613
1.63608
1.68804
1.74386
1.80399
1.8689
1.93918
2.01548
2.09141
2.15882
2.28913
2.39898
2.52605
4.56561
4.57879
4.5931
4.6087
4.62561
4.64374
4.66335
4.68427
4.70656
4.73044
4.75568
4.78238
4.81064
4.84054
4.87209
2.26906
2.21531
2.16459
2.11666
2.07134
2.02843
1.98775
1.94917
1.91254
1.87774
1.84463
1.79928
1.77194
1.74671
1.72032
1.69571
1.67213
1.65299
1.63042
1.60706
1.58684
1.56855
1.61819
1.66298
1.72267
1.78084
1.84357
1.9114
1.98493
2.0649
2.15217
2.24773
2.35281
2.46886
4.55279
4.56458
4.57765
4.59186
4.60752
4.62437
4.64247
4.66219
4.68307
4.70545
4.72918
4.75444
4.78106
4.80942
4.83939
4.87073
2.28412
2.23093
2.17959
2.1311
2.08524
2.04182
2.00068
1.96166
1.92462
1.88942
1.85017
1.82232
1.78198
1.75497
1.72913
1.71119
1.68616
1.66226
1.63946
1.6153
1.59266
1.58326
1.65036
1.70281
1.75919
1.81991
1.88546
1.95644
2.03351
2.11747
2.20925
2.30997
2.42096
2.54385
4.55279
4.56458
4.57765
4.59186
4.60752
4.62437
4.64247
4.66219
4.68307
4.70545
4.72918
4.75444
4.78106
4.80942
4.83939
4.87073
2.30271
2.24758
2.19558
2.14647
2.10003
2.05608
2.01444
1.97495
1.9346
1.90185
1.86088
1.8358
1.79164
1.76447
1.73848
1.71359
1.69627
1.67211
1.64501
1.62523
1.60233
1.63128
1.68424
1.73893
1.79776
1.86122
1.92983
2.00422
2.08514
2.17345
2.27018
2.37656
2.49408
4.5434
4.55392
4.56561
4.57879
4.5931
4.6087
4.62561
4.64374
4.66335
4.68427
4.70656
4.73044
4.75568
4.78238
4.81064
4.84054
4.87209
2.32116
2.26527
2.21257
2.16279
2.11575
2.06976
2.02453
1.98657
1.94399
1.91505
1.88078
1.84819
1.80694
1.77454
1.74837
1.7326
1.69933
1.67635
1.6528
1.63043
1.61605
1.66391
1.71994
1.77702
1.823
1.90496
1.97688
2.05499
2.14011
2.23318
2.33534
2.44795
2.57267
4.5456
4.55632
4.56808
4.5812
4.59551
4.61109
4.62791
4.64624
4.66579
4.68675
4.70899
4.73288
4.75808
4.78486
4.81305
4.84302
4.87451
2.34077
2.28406
2.2306
2.16448
2.12273
2.0873
2.04455
2.00402
1.96556
1.92904
1.89433
1.85067
1.82989
1.79997
1.75882
1.74427
1.71834
1.68724
1.66546
1.64043
1.63261
1.70102
1.75762
1.81731
1.88167
1.95133
2.02685
2.10901
2.19872
2.297
2.40513
2.52462
2.68666
4.54919
4.55984
4.57155
4.5847
4.59903
4.61461
4.63146
4.64976
4.66938
4.69035
4.71272
4.73654
4.76172
4.78858
4.81696
4.84678
4.87837
2.35863
2.30364
2.24972
2.1985
2.1501
2.10432
2.06096
2.01986
1.98087
1.94384
1.90864
1.87519
1.84335
1.81303
1.76984
1.74443
1.73034
1.69536
1.67891
1.65391
1.68404
1.73502
1.79347
1.85991
1.92742
2.00054
2.07999
2.16658
2.26131
2.36533
2.48005
2.60717
4.54452
4.55383
4.56452
4.57631
4.5894
4.60381
4.61944
4.63631
4.65454
4.67415
4.69517
4.71757
4.74142
4.76673
4.79351
4.82186
4.85182
4.88335
2.38361
2.32511
2.26998
2.21796
2.16881
2.12233
2.07832
2.03661
1.99705
1.95949
1.9238
1.88987
1.85757
1.82683
1.79753
1.75584
1.72896
1.71301
1.68314
1.67013
1.71768
1.77626
1.83592
1.90504
1.97594
2.02306
2.13659
2.22803
2.32827
2.43862
2.56063
2.69623
4.55032
4.55974
4.57036
4.5821
4.59529
4.60972
4.6253
4.64217
4.66058
4.68023
4.7012
4.72364
4.74753
4.77285
4.79963
4.82802
4.858
4.88972
2.40695
2.34745
2.29141
2.23853
2.18859
2.14137
2.09667
2.05432
2.01415
1.97602
1.93979
1.90534
1.87258
1.84139
1.81168
1.77406
1.75403
1.72092
1.69706
1.68866
1.75618
1.81687
1.87931
1.95289
2.02748
2.10855
2.19697
2.29373
2.40006
2.5174
2.64752
4.54905
4.55734
4.56682
4.57748
4.58934
4.60246
4.61687
4.63248
4.64942
4.66778
4.68731
4.70845
4.7309
4.75473
4.78015
4.80711
4.83546
4.86553
4.89723
2.42451
2.37109
2.31406
2.26027
2.20949
2.16148
2.11605
2.06958
2.02066
1.99345
1.95666
1.92168
1.88841
1.85674
1.82657
1.79696
1.76044
1.73893
1.7136
1.74114
1.79775
1.86441
1.93131
2.00372
2.08232
2.16793
2.26143
2.36412
2.47717
2.60229
2.78982
4.5574
4.56553
4.57502
4.5857
4.59766
4.61077
4.62521
4.64093
4.65791
4.67622
4.69593
4.71695
4.7393
4.76339
4.78888
4.8158
4.84431
4.8743
4.90614
2.45775
2.39607
2.32488
2.28325
2.23156
2.17904
2.13649
2.09272
2.05122
2.01183
1.97444
1.93889
1.90508
1.8729
1.84226
1.80772
1.77391
1.74938
1.73247
1.78557
1.83946
1.91105
1.97351
2.05777
2.14078
2.23136
2.33056
2.43969
2.5602
2.69397
4.55969
4.56674
4.57505
4.58447
4.59521
4.60713
4.62035
4.63475
4.65041
4.66748
4.68585
4.70563
4.72671
4.7493
4.77328
4.79877
4.82565
4.85422
4.88441
4.91617
2.48535
2.42247
2.36328
2.30749
2.24056
2.2051
2.15805
2.1022
2.07127
2.0312
1.99316
1.95701
1.92263
1.88991
1.84384
1.81616
1.79127
1.7663
1.75344
1.82861
1.89203
1.95244
2.01982
2.10718
2.20317
2.29923
2.4047
2.52099
2.64981
2.79326
4.57035
4.57738
4.58574
4.59518
4.60594
4.61789
4.6311
4.64556
4.66126
4.6784
4.69681
4.71658
4.73765
4.76041
4.78445
4.80995
4.83695
4.86567
4.89582
4.92773
4.94054
2.44217
2.38997
2.33309
2.27942
2.22274
2.18078
2.1354
2.09239
2.0516
2.01288
1.97608
1.9411
1.90781
1.86778
1.83906
1.81718
1.7825
1.8123
1.87416
1.94091
2.00569
2.09148
2.16164
2.2699
2.36361
2.47127
2.59737
2.74678
4.57625
4.58218
4.58933
4.5976
4.60712
4.61783
4.62973
4.64301
4.65762
4.6734
4.69057
4.70901
4.72882
4.75006
4.7727
4.79687
4.82245
4.84961
4.87823
4.90857
4.94054
4.95469
4.9226
2.41237
2.36008
2.30532
2.25361
2.20473
2.1582
2.11464
2.07307
2.03362
1.99615
1.95614
1.92568
1.89438
1.86366
1.83438
1.80432
1.85734
1.92245
1.99282
2.06908
2.15199
2.21326
2.34141
2.45019
2.57029
2.70348
4.58464
4.5894
4.59523
4.60242
4.61072
4.62028
4.63105
4.64313
4.65636
4.67094
4.68681
4.70392
4.72243
4.74232
4.76369
4.7864
4.81046
4.83624
4.86341
4.89222
4.9226
4.95469
4.97017
4.93796
4.9075
2.38855
2.33263
2.26667
2.22108
2.18276
2.13805
2.09567
2.05545
2.01725
1.98095
1.935
1.91356
1.88226
1.84059
1.82822
1.90507
1.97371
2.03662
2.12188
2.21663
2.30711
2.41375
2.53442
2.64976
4.59535
4.59904
4.60381
4.60959
4.61676
4.62513
4.63475
4.64554
4.65764
4.67088
4.68555
4.70148
4.7186
4.73715
4.75715
4.77857
4.80137
4.82554
4.85138
4.87866
4.9075
4.93796
4.97017
4.98698
4.95475
4.92416
4.89523
2.36142
2.30748
2.25062
2.20834
2.1627
2.11944
2.0784
2.03944
1.99858
1.96028
1.92511
1.9018
1.86204
1.88818
1.95572
2.02064
2.10007
2.1924
2.26263
2.38819
2.50084
2.62636
4.60872
4.61109
4.61467
4.61944
4.62524
4.6324
4.64086
4.65052
4.66129
4.67339
4.68682
4.70143
4.71728
4.7347
4.75335
4.77328
4.79475
4.81768
4.8419
4.86777
4.89523
4.92416
4.95475
4.98698
5.00522
4.9729
4.94222
4.91316
4.88557
2.33591
2.28121
2.23526
2.18863
2.14445
2.10254
2.06275
2.01037
1.98904
1.94394
1.92231
1.88728
1.93873
2.00952
2.07928
2.1696
2.25582
2.36002
2.46935
2.57897
4.62433
4.62561
4.62799
4.6316
4.63636
4.64231
4.64953
4.65784
4.66748
4.67841
4.69059
4.70399
4.71866
4.73471
4.75204
4.77075
4.79087
4.81234
4.83533
4.85973
4.88557
4.91316
4.94222
4.9729
5.00522
5.02494
4.9924
4.96167
4.93248
4.90468
4.87884
2.31402
2.2636
2.21592
2.17075
2.12643
2.08066
2.04866
2.01196
1.97706
1.94383
1.91467
1.99188
2.06679
2.14811
2.22628
2.3307
2.40581
4.64383
4.64267
4.64267
4.64383
4.64622
4.64971
4.65463
4.66062
4.66783
4.67623
4.68589
4.69682
4.70902
4.72251
4.73726
4.75334
4.77078
4.7895
4.80973
4.83133
4.85427
4.87884
4.90468
4.93248
4.96167
4.9924
5.02494
5.04619
5.01352
4.98256
4.95323
4.92557
4.89943
4.87474
2.29343
2.24463
2.19841
2.1546
2.10537
2.07356
2.03605
2.00038
1.95443
1.97521
2.04842
2.12179
2.21423
2.30618
2.41195
4.66578
4.66335
4.66211
4.66211
4.66335
4.66578
4.66937
4.67415
4.68019
4.68742
4.69587
4.70553
4.71665
4.72885
4.74226
4.75715
4.77336
4.79087
4.8097
4.82996
4.85166
4.87474
4.89943
4.92557
4.95323
4.98256
5.01352
5.04619
5.06874
5.03604
5.00494
4.97547
4.94765
4.92145
4.89664
4.87345
2.27484
2.22751
2.17336
2.14011
2.09972
2.06135
2.02486
1.98336
2.03005
2.10865
2.19302
2.28502
2.38687
4.69036
4.68664
4.68433
4.68308
4.68308
4.68433
4.68664
4.69036
4.69521
4.70107
4.70854
4.717
4.72677
4.73783
4.7501
4.76371
4.77856
4.79476
4.8123
4.83132
4.85157
4.87345
4.89664
4.92145
4.94765
4.97547
5.00494
5.03604
5.06874
5.09291
5.05997
5.02883
4.99918
4.97117
4.94488
4.91999
4.89666
4.87477
4.85427
2.21216
2.16405
2.12719
2.08791
2.05057
2.01493
2.08688
2.17293
2.26276
2.36208
4.71757
4.71274
4.70906
4.70665
4.7055
4.7055
4.70665
4.70906
4.71274
4.71757
4.72354
4.73092
4.7395
4.74929
4.76042
4.77277
4.78643
4.80135
4.81767
4.8353
4.85427
4.87477
4.89666
4.91999
4.94488
4.97117
4.99918
5.02883
5.05997
5.09291
5.11873
5.08549
5.05415
5.02444
4.99635
4.96984
4.94486
4.92145
4.89936
4.87888
4.85966
2.19293
2.15244
2.11581
2.06895
2.04886
2.14639
2.24167
4.75483
4.74753
4.7414
4.73655
4.73283
4.73028
4.72921
4.72921
4.73028
4.73283
4.73655
4.7414
4.74753
4.75483
4.76344
4.77332
4.78443
4.79679
4.81049
4.82563
4.84199
4.85966
4.87888
4.89936
4.92145
4.94486
4.96984
4.99635
5.02444
5.05415
5.08549
5.11873
5.14604
5.11271
5.08118
5.05132
5.02301
4.99633
4.97128
4.94769
4.92554
4.90491
4.8857
4.86776
2.18604
2.14514
2.09699
2.13578
2.22165
4.78885
4.78022
4.77281
4.7667
4.76177
4.75808
4.75563
4.75445
4.75445
4.75563
4.75808
4.76177
4.7667
4.77281
4.78022
4.78885
4.79877
4.80994
4.8224
4.83623
4.8513
4.86776
4.8857
4.90491
4.92554
4.94769
4.97128
4.99633
5.02301
5.05132
5.08118
5.11271
5.14604
5.17485
5.14152
5.10977
5.07972
5.05124
5.02444
4.9992
4.97553
4.95323
4.93254
4.91315
4.89519
4.87863
2.17613
2.13178
2.20311
4.8258
4.81579
4.80702
4.79962
4.7935
4.78853
4.78486
4.78241
4.7812
4.7812
4.78241
4.78486
4.78853
4.7935
4.79962
4.80702
4.81579
4.8258
4.83698
4.8496
4.86331
4.87863
4.89519
4.91315
4.93254
4.95323
4.97553
4.9992
5.02444
5.05124
5.07972
5.10977
5.14152
5.17485
5.20561
5.17193
5.13997
5.10979
5.08121
5.05419
5.02873
5.00491
4.98253
4.9617
4.94217
4.92415
4.90746
4.89225
4.87826
4.86566
4.85432
4.84423
4.83555
4.82793
4.8219
4.81682
4.81314
4.81066
4.80953
4.80953
4.81066
4.81314
4.81682
4.8219
4.82793
4.83555
4.84423
4.85432
4.86566
4.87826
4.89225
4.90746
4.92415
4.94217
4.9617
4.98253
5.00491
5.02873
5.05419
5.08121
5.10979
5.13997
5.17193
5.20561
5.23786
5.204
5.17185
5.14144
5.11264
5.08553
5.06004
5.03606
5.01344
4.99248
4.97291
4.95467
4.93796
4.92262
4.90853
4.89588
4.88442
4.87431
4.86559
4.85806
4.85177
4.84681
4.84297
4.84057
4.83932
4.83932
4.84057
4.84297
4.84681
4.85177
4.85806
4.86559
4.87431
4.88442
4.89588
4.90853
4.92262
4.93796
4.95467
4.97291
4.99248
5.01344
5.03606
5.06004
5.08553
5.11264
5.14144
5.17185
5.204
5.23786
5.27193
5.23792
5.20554
5.1749
5.14603
5.11866
5.09296
5.06885
5.04621
5.02504
5.0052
4.98688
4.97014
4.95467
4.94047
4.92775
4.91615
4.90612
4.89726
4.88972
4.88341
4.87834
4.87464
4.872
4.87086
4.87086
4.872
4.87464
4.87834
4.88341
4.88972
4.89726
4.90612
4.91615
4.92775
4.94047
4.95467
4.97014
4.98688
5.0052
5.02504
5.04621
5.06885
5.09296
5.11866
5.14603
5.1749
5.20554
5.23792
5.27193
