Label: Box
Position: -2.83041, -0.0726646, 0.134007
Orientation (Quaternion): -0.718808, -0.531222, -0.0242757, -0.447804
5.27193
5.23792
5.20554
5.1749
5.14603
5.11866
5.09296
5.06885
5.04621
5.02504
5.0052
4.98688
4.97014
4.95467
4.94047
4.92775
4.91615
4.90612
4.89726
4.88972
4.88341
4.87834
4.87464
4.872
4.87086
4.87086
4.872
4.87464
4.87834
4.88341
4.88972
4.89726
4.90612
4.91615
4.92775
4.94047
4.95467
4.97014
4.98688
5.0052
5.02504
5.04621
5.06885
5.09296
5.11866
5.14603
5.1749
5.20554
5.23792
5.27193
5.23786
5.204
5.17185
5.14144
5.11264
5.08553
5.06004
5.03606
5.01344
4.99248
4.97291
4.95467
4.93796
4.92262
4.90853
4.89588
4.88442
4.87431
4.86559
4.85806
4.85177
4.84681
4.84297
4.84057
4.83932
4.83932
4.84057
4.84297
4.84681
4.85177
4.85806
4.86559
4.87431
4.88442
4.89588
4.90853
4.92262
4.93796
4.95467
4.97291
4.99248
5.01344
5.03606
5.06004
5.08553
5.11264
5.14144
5.17185
5.204
5.23786
5.20561
5.17193
5.13997
5.10979
5.08121
5.05419
5.02873
5.00491
4.98253
4.9617
4.94217
4.92415
4.90746
4.89225
4.87826
4.86566
4.85432
4.84423
4.83555
4.82793
4.8219
4.81682
4.81314
4.81066
4.80953
4.80953
4.81066
4.81314
4.81682
4.8219
4.82793
4.83555
4.84423
4.85432
4.86566
4.87826
4.89225
4.90746
4.92415
4.94217
4.9617
4.98253
5.00491
5.02873
5.05419
5.08121
5.10979
5.13997
5.17193
5.20561
5.17485
5.14152
5.10977
5.07972
5.05124
5.02444
4.9992
4.97553
4.95323
4.93254
4.91315
4.89519
4.87863
4.86331
4.8496
4.83698
4.8258
4.81579
4.80702
4.79962
4.7935
4.78853
4.78486
4.78241
4.7812
4.7812
4.78241
4.78486
4.78853
4.7935
4.79962
4.80702
4.81579
4.8258
4.83698
4.8496
4.86331
4.87863
4.89519
4.91315
4.93254
4.95323
4.97553
4.9992
5.02444
5.05124
5.07972
5.10977
5.14152
5.17485
5.14604
5.11271
5.08118
5.05132
5.02301
4.99633
4.97128
4.94769
4.92554
4.90491
4.8857
4.86776
4.8513
4.83623
4.8224
4.80994
4.79877
4.78885
4.78022
4.77281
4.7667
4.76177
4.75808
4.75563
4.75445
4.75445
4.75563
4.75808
4.76177
4.7667
4.77281
4.78022
4.78885
4.79877
4.80994
4.8224
4.83623
4.8513
4.86776
4.8857
4.90491
4.92554
4.94769
4.97128
4.99633
5.02301
5.05132
5.08118
5.11271
5.14604
5.11873
5.08549
5.05415
5.02444
4.99635
4.96984
4.94486
4.92145
4.89936
4.87888
4.85966
4.84199
4.82563
4.81049
4.79679
4.78443
4.77332
4.76344
4.75483
4.74753
4.7414
4.73655
4.73283
4.73028
4.72921
4.72921
4.73028
4.73283
4.73655
4.7414
4.74753
4.75483
4.76344
4.77332
4.78443
4.79679
4.81049
4.82563
4.84199
4.85966
4.87888
4.89936
4.92145
4.94486
4.96984
4.99635
5.02444
5.05415
5.08549
5.11873
5.09291
5.05997
5.02883
4.99918
4.97117
4.94488
4.91999
4.89666
4.87477
4.85427
4.8353
4.81767
4.80135
4.78643
4.77277
4.76042
4.74929
4.7395
4.73092
4.72354
4.71757
4.71274
4.70906
4.70665
4.7055
4.7055
4.70665
4.70906
4.71274
4.71757
4.72354
4.73092
4.7395
4.74929
4.76042
4.77277
4.78643
4.80135
4.81767
4.8353
4.85427
4.87477
4.89666
4.91999
4.94488
4.97117
4.99918
5.02883
5.05997
5.09291
5.06874
5.03604
5.00494
4.97547
4.94765
4.92145
4.89664
4.87345
4.85157
4.83132
4.8123
4.79476
4.77856
4.76371
4.7501
4.73783
4.72677
4.717
4.70854
4.70107
4.69521
4.69036
4.68664
4.68433
4.68308
4.68308
4.68433
4.68664
4.69036
4.69521
4.70107
4.70854
4.717
4.72677
4.73783
4.7501
4.76371
4.77856
4.79476
4.8123
4.83132
4.85157
4.87345
4.89664
4.92145
4.94765
4.97547
5.00494
5.03604
5.06874
5.04619
5.01352
4.98256
4.95323
4.92557
4.89943
4.87474
4.85166
4.82996
4.8097
4.79087
4.77336
4.75715
4.74226
4.72885
4.71665
4.70553
4.69587
4.68742
4.68019
4.67415
4.66937
4.66578
4.66335
4.66211
4.66211
4.66335
4.66578
4.66937
4.67415
4.68019
4.68742
4.69587
4.70553
4.71665
4.72885
4.74226
4.75715
4.77336
4.79087
4.8097
4.82996
4.85166
4.87474
4.89943
4.92557
4.95323
4.98256
5.01352
5.04619
5.02494
4.9924
4.96167
4.93248
4.90468
4.87884
4.85427
4.83133
4.80973
4.7895
4.77078
4.75334
4.73726
4.72251
4.70902
4.69682
4.68589
4.67623
4.66783
4.66062
4.65463
4.64971
4.64622
4.64383
4.64267
4.64267
4.64383
4.64622
4.64971
4.65463
4.66062
4.66783
4.67623
4.68589
4.69682
4.70902
4.72251
4.73726
4.75334
4.77078
4.7895
4.80973
4.83133
4.85427
4.87884
4.90468
4.93248
4.96167
4.9924
5.02494
5.00522
4.9729
4.94222
4.91316
4.88557
4.85973
4.83533
4.81234
4.79087
4.77075
4.75204
4.73471
4.71866
4.70399
4.69059
4.67841
4.66748
4.65784
2.5777
2.52679
2.57891
2.61533
2.65622
2.69756
2.74257
2.76584
4.62561
4.62799
4.6316
4.63636
4.64231
4.64953
4.65784
4.66748
4.67841
4.69059
4.70399
4.71866
4.73471
4.75204
4.77075
4.79087
4.81234
4.83533
4.85973
4.88557
4.91316
4.94222
4.9729
5.00522
4.98698
4.95475
4.92416
4.89523
4.86777
4.8419
4.81768
4.79475
4.77328
4.75335
4.7347
4.71728
4.70143
4.68682
4.67339
4.66129
4.65052
4.64086
2.57016
2.49338
2.5095
2.54303
2.57892
2.6195
2.65995
2.7066
2.75186
2.79938
2.83812
2.90183
2.95704
3.01551
3.07662
4.65052
4.66129
4.67339
4.68682
4.70143
4.71728
4.7347
4.75335
4.77328
4.79475
4.81768
4.8419
4.86777
4.89523
4.92416
4.95475
4.98698
4.97017
4.93796
4.9075
4.87866
4.85138
4.82554
4.80137
4.77857
4.75715
4.73715
4.7186
4.70148
4.68555
4.67088
4.65764
4.64554
4.63475
2.63051
2.56285
2.49901
2.44174
2.47922
2.51462
2.55171
2.58434
2.62502
2.67413
2.71903
2.74542
2.81573
2.86782
2.92269
2.98044
3.02161
3.08341
3.15256
4.67088
4.68555
4.70148
4.7186
4.73715
4.75715
4.77857
4.80137
4.82554
4.85138
4.87866
4.9075
4.93796
4.97017
4.95469
4.9226
4.89222
4.86341
4.83624
4.81046
4.7864
4.76369
4.74232
4.72243
4.70392
4.68681
4.67094
4.65636
4.64313
4.63105
4.62028
2.62181
2.5513
2.49282
2.43278
2.41652
2.45018
2.48536
2.52221
2.56084
2.59237
2.64385
2.68686
2.73533
2.78459
2.83639
2.89092
2.92779
2.99004
3.05567
3.12494
4.67094
4.68681
4.70392
4.72243
4.74232
4.76369
4.7864
4.81046
4.83624
4.86341
4.89222
4.9226
4.95469
4.94054
4.90857
4.87823
4.84961
4.82245
4.79687
4.7727
4.75006
4.72882
4.70901
4.69057
4.6734
4.65762
4.64301
4.62973
4.61783
2.68946
2.61787
2.55063
2.48738
2.42779
2.36567
2.38955
2.42295
2.45795
2.49463
2.53307
2.57339
2.61569
2.6601
2.70676
2.7558
2.78882
2.84466
2.90344
2.96537
3.03067
3.09962
4.6734
4.69057
4.70901
4.72882
4.75006
4.7727
4.79687
4.82245
4.84961
4.87823
4.90857
4.94054
4.92773
4.89582
4.86567
4.83695
4.80995
4.78445
4.76041
4.73765
4.71658
4.69681
4.6784
4.66126
4.64556
4.6311
4.61789
4.60594
2.6646
2.60708
2.54568
2.47378
2.42331
2.36731
2.32243
2.3642
2.39748
2.43237
2.4582
2.49465
2.54236
2.58959
2.63388
2.68043
2.71441
2.76683
2.82245
2.88101
2.94272
3.00781
4.66126
4.6784
4.69681
4.71658
4.73765
4.76041
4.78445
4.80995
4.83695
4.86567
4.89582
4.92773
4.91617
4.88441
4.85422
4.82565
4.79877
4.77328
4.7493
4.72671
4.70563
4.68585
4.66748
4.65041
4.63475
4.62035
4.60713
2.75517
2.67938
2.60075
2.53808
2.4787
2.41952
2.36368
2.30053
2.30877
2.32709
2.37374
2.39261
2.44504
2.48329
2.52342
2.56553
2.60978
2.64367
2.69383
2.74656
2.80204
2.86047
2.92206
2.98504
4.66748
4.68585
4.70563
4.72671
4.7493
4.77328
4.79877
4.82565
4.85422
4.88441
4.91617
4.90614
4.8743
4.84431
4.8158
4.78888
4.76339
4.7393
4.71695
4.69593
4.67622
4.65791
4.64093
4.62521
4.61077
4.59766
2.75119
2.66286
2.6047
2.52714
2.47545
2.40555
2.36073
2.30813
2.25756
2.28673
2.31845
2.35166
2.38647
2.40772
2.46118
2.48083
2.54346
2.57756
2.62523
2.67531
2.72798
2.78342
2.84016
2.90191
2.96739
4.67622
4.69593
4.71695
4.7393
4.76339
4.78888
4.8158
4.84431
4.8743
4.90614
4.89723
4.86553
4.83546
4.80711
4.78015
4.75473
4.7309
4.70845
4.68731
4.66778
4.64942
4.63248
4.61687
4.60246
2.82873
2.7481
2.67268
2.59776
2.52208
2.46391
2.41402
2.35843
2.30592
2.25628
2.22742
2.25821
2.29799
2.33123
2.35198
2.40083
2.42429
2.47204
2.51527
2.56065
2.60831
2.6584
2.7111
2.76531
2.8241
2.88641
2.95101
4.68731
4.70845
4.7309
4.75473
4.78015
4.80711
4.83546
4.86553
4.89723
4.88972
4.858
4.82802
4.79963
4.77285
4.74753
4.72364
4.7012
4.68023
4.66058
4.64217
4.6253
4.60972
2.91238
2.82633
2.7459
2.67058
2.59994
2.52306
2.45871
2.41034
2.34473
2.29288
2.25477
2.19965
2.21691
2.23974
2.27911
2.31243
2.34087
2.37074
2.41526
2.46272
2.49977
2.54519
2.59292
2.64206
2.69506
2.75115
2.80956
2.87039
2.93592
4.7012
4.72364
4.74753
4.77285
4.79963
4.82802
4.858
4.88972
4.88335
4.85182
4.82186
4.79351
4.76673
4.74142
4.71757
4.69517
4.67415
4.65454
4.63631
4.61944
4.60381
2.91172
2.82492
2.74457
2.66933
2.59875
2.53244
2.47004
2.39439
2.34174
2.29203
2.25387
2.20695
2.16594
2.19306
2.22983
2.26176
2.28527
2.31995
2.36707
2.40565
2.44229
2.48565
2.53101
2.57834
2.62902
2.68201
2.73695
2.79493
2.85617
2.92091
4.71757
4.74142
4.76673
4.79351
4.82186
4.85182
4.88335
4.87837
4.84678
4.81696
4.78858
4.76172
4.73654
4.71272
4.69035
4.66938
4.64976
4.63146
4.61461
4.59903
2.91038
2.80967
2.74412
2.6689
2.59834
2.53205
2.4657
2.41091
2.34575
2.29396
2.25356
2.19911
2.15892
2.15124
2.17734
2.21384
2.23223
2.27171
2.31074
2.35181
2.38794
2.4294
2.47234
2.51829
2.56649
2.61633
2.66883
2.7242
2.78264
2.84439
4.71272
4.73654
4.76172
4.78858
4.81696
4.84678
4.87837
4.87451
4.84302
4.81305
4.78486
4.75808
4.73288
4.70899
4.68675
4.66579
4.64624
4.62791
4.61109
3.00303
2.89413
2.8142
2.74454
2.66138
2.59872
2.53242
2.47002
2.41124
2.35578
2.30078
2.25386
2.20695
2.15965
2.11644
2.13712
2.1614
2.18879
2.22585
2.26255
2.29865
2.33649
2.37575
2.41752
2.46148
2.50683
2.55455
2.60482
2.65779
2.70385
2.77267
2.83506
4.73288
4.75808
4.78486
4.81305
4.84302
4.87451
4.87209
4.84054
4.81064
4.78238
4.75568
4.73044
4.70656
4.68427
4.66335
4.64374
4.62561
4.6087
3.00458
2.91232
2.82625
2.74584
2.67051
2.5962
2.53353
2.47109
2.41226
2.35675
2.30432
2.25474
2.19635
2.16332
2.11678
2.08865
2.12126
2.15517
2.18219
2.21681
2.25144
2.28772
2.32551
2.36568
2.40708
2.45061
2.49639
2.54458
2.59532
2.64887
2.70536
2.76504
2.82816
2.89499
4.78238
4.81064
4.84054
4.87209
4.87073
4.83939
4.80942
4.78106
4.75444
4.72918
4.70545
4.68307
4.66219
4.64247
4.62437
4.60752
3.00715
2.91476
2.82856
2.74802
2.67257
2.60185
2.53538
2.47287
2.41395
2.34588
2.30587
2.24774
2.19734
2.15338
2.12077
2.07324
2.08417
2.10927
2.1416
2.17335
2.2066
2.24125
2.27792
2.31592
2.35573
2.39757
2.43008
2.48782
2.53656
2.58792
2.64209
2.69929
2.75975
2.82371
4.78106
4.80942
4.83939
4.87073
4.87073
4.83939
4.80942
4.78106
4.75444
4.72918
4.70545
4.68307
4.66219
4.64247
4.62437
3.10746
3.0108
2.91818
2.8318
2.75108
2.6755
2.60461
2.51951
2.46413
2.40318
2.36065
2.30805
2.25108
2.21123
2.16011
2.11834
2.06986
2.04602
2.07362
2.10149
2.13202
2.16399
2.19743
2.23234
2.26886
2.30514
2.34746
2.38978
2.4343
2.48114
2.5305
2.58253
2.63744
2.69545
2.75678
4.78106
4.80942
4.83939
4.87073
4.87209
4.84054
4.81064
4.78238
4.75568
4.73044
4.70656
4.68427
4.66335
4.64374
4.62561
3.11528
3.01548
2.9226
2.83597
2.75503
2.67924
2.60816
2.52486
2.4647
2.40787
2.36359
2.30319
2.25491
2.21381
2.16552
2.12409
2.0861
2.03639
2.02442
2.06196
2.09267
2.12339
2.15553
2.1891
2.21162
2.26128
2.30009
2.34087
2.38374
2.42885
2.47635
2.5264
2.57921
2.63495
2.69386
2.75619
4.81064
4.84054
4.87209
4.87451
4.84302
4.81305
4.78486
4.75808
4.73288
4.70899
4.68675
4.66579
4.64624
4.62791
3.12141
3.02123
2.92802
2.84108
2.75987
2.68383
2.59505
2.53086
2.47032
2.41314
2.35905
2.30783
2.2643
2.21315
2.16933
2.12765
2.08796
2.05001
2.00935
2.02348
2.05516
2.08474
2.10966
2.13226
2.18212
2.21774
2.25526
2.29461
2.33595
2.36178
2.41073
2.46277
2.51805
2.57679
2.63923
2.70566
4.81305
4.84302
4.87451
4.87837
4.84678
4.81696
4.78858
4.76172
4.73654
4.71272
4.69035
4.66938
4.64976
4.63146
4.61461
3.02803
2.93445
2.84715
2.76561
2.67076
2.60214
2.53752
2.47657
2.419
2.36456
2.313
2.26411
2.2177
2.17361
2.13166
2.09172
2.05366
2.01735
1.97942
2.01892
2.04153
2.07219
2.10606
2.14232
2.18078
2.22145
2.26439
2.34316
2.40083
2.46219
2.52737
2.59677
2.67078
2.74986
2.83455
4.81696
4.84678
4.87837
4.88335
4.85182
4.82186
4.79351
4.76673
4.74142
4.71757
4.69517
4.67415
4.65454
4.63631
4.61944
3.03805
2.94188
2.85421
2.77227
2.69558
2.60587
2.54142
2.48061
2.42314
2.36875
2.31721
2.26832
2.22188
2.17773
2.1357
2.09565
2.05745
2.021
1.99656
2.03584
2.08063
2.12219
2.166
2.21225
2.26109
2.31274
2.36744
2.42544
2.48698
2.55241
2.62208
2.69636
2.7757
4.76673
4.79351
4.82186
4.85182
4.88335
4.88972
4.858
4.82802
4.79963
4.77285
4.74753
4.72364
4.7012
4.68023
4.66058
4.64217
4.6253
4.60972
2.94994
2.86222
2.77984
2.70276
2.61309
2.54828
2.48713
2.42935
2.37467
2.32287
2.27372
2.23
2.18267
2.14043
2.10018
2.05774
2.02593
2.05007
2.10539
2.14725
2.19133
2.23794
2.28713
2.33915
2.39422
2.45259
2.51453
2.58037
2.64309
2.72515
2.79843
2.8903
4.77285
4.79963
4.82802
4.858
4.88972
4.89723
4.86553
4.83546
4.80711
4.78015
4.75473
4.7309
4.70845
4.68731
4.66778
4.64942
4.63248
4.61687
2.95993
2.87122
2.78836
2.7108
2.62125
2.55603
2.49451
2.43638
2.38138
2.32927
2.28366
2.23291
2.18828
2.14519
2.09593
2.06357
2.092
2.11048
2.17436
2.2189
2.2659
2.30017
2.36802
2.42357
2.48246
2.54494
2.61133
2.68199
2.75731
2.83773
2.91974
4.75473
4.78015
4.80711
4.83546
4.86553
4.89723
4.90614
4.8743
4.84431
4.8158
4.78888
4.76339
4.7393
4.71695
4.69593
4.67622
4.65791
4.64093
4.62521
4.61077
2.88122
2.79783
2.70008
2.63036
2.5647
2.50276
2.44425
2.39534
2.33645
2.2867
2.23874
2.18526
2.13778
2.10435
2.12031
2.1609
2.20364
2.24868
2.2962
2.3464
2.39947
2.45563
2.51513
2.57831
2.64542
2.71684
2.79295
2.87421
2.96113
4.7393
4.76339
4.78888
4.8158
4.84431
4.8743
4.90614
4.91617
4.88441
4.85422
4.82565
4.79877
4.77328
4.7493
4.72671
4.70563
4.68585
4.66748
4.65041
4.63475
4.62035
2.89226
2.80825
2.7107
2.64045
2.57429
2.52193
2.46074
2.40306
2.34295
2.28826
2.24845
2.20233
2.14805
2.1278
2.19184
2.23515
2.28073
2.32895
2.37981
2.43358
2.4905
2.5508
2.61479
2.68276
2.75511
2.83223
2.91455
3.00959
4.72671
4.7493
4.77328
4.79877
4.82565
4.85422
4.88441
4.91617
4.92773
4.89582
4.86567
4.83695
4.80995
4.78445
4.76041
4.73765
4.71658
4.69681
4.6784
4.66126
4.64556
4.6311
2.90474
2.81967
2.72236
2.65153
2.58483
2.5184
2.46007
2.40578
2.35666
2.30486
2.25586
2.1948
2.17065
2.22502
2.26899
2.31532
2.36424
2.41589
2.47049
2.52829
2.58953
2.65451
2.72356
2.79703
2.87286
2.95209
3.04834
3.14414
4.73765
4.76041
4.78445
4.80995
4.83695
4.86567
4.89582
4.92773
4.94054
4.90857
4.87823
4.84961
4.82245
4.79687
4.7727
4.75006
4.72882
4.70901
4.69057
4.6734
4.65762
4.64301
4.62973
2.8321
2.73609
2.65835
2.59247
2.53018
2.47917
2.42066
2.36544
2.31325
2.26387
2.2174
2.2605
2.30526
2.35242
2.40219
2.45474
2.51033
2.56915
2.63149
2.69764
2.76792
2.84272
2.92245
3.00757
3.12771
4.70901
4.72882
4.75006
4.7727
4.79687
4.82245
4.84961
4.87823
4.90857
4.94054
4.95469
4.9226
4.89222
4.86341
4.83624
4.81046
4.7864
4.76369
4.74232
4.72243
4.70392
4.68681
4.67094
4.65636
4.64313
2.84555
2.76495
2.6725
2.61696
2.55218
2.48958
2.43059
2.37492
2.32231
2.26796
2.29844
2.34407
2.39218
2.44293
2.49654
2.55322
2.61324
2.67685
2.74434
2.81608
2.89243
2.97381
3.06072
4.68681
4.70392
4.72243
4.74232
4.76369
4.7864
4.81046
4.83624
4.86341
4.89222
4.9226
4.95469
4.97017
4.93796
4.9075
4.87866
4.85138
4.82554
4.80137
4.77857
4.75715
4.73715
4.7186
4.70148
4.68555
4.67088
4.65764
4.64554
2.75917
2.69676
2.63106
2.56394
2.50078
2.44127
2.38511
2.32246
2.33892
2.38556
2.43472
2.4866
2.54141
2.59937
2.66074
2.72579
2.79484
2.86824
2.94637
3.02967
3.11865
4.68555
4.70148
4.7186
4.73715
4.75715
4.77857
4.80137
4.82554
4.85138
4.87866
4.9075
4.93796
4.97017
4.98698
4.95475
4.92416
4.89523
4.86777
4.8419
4.81768
4.79475
4.77328
4.75335
4.7347
4.71728
4.70143
4.68682
4.67339
4.66129
2.79344
2.71649
2.64433
2.57655
2.51279
2.45273
2.38114
2.35409
2.42983
2.48019
2.53335
2.58951
2.64892
2.71183
2.77853
2.84935
2.92464
3.00481
3.09032
3.18168
4.68682
4.70143
4.71728
4.7347
4.75335
4.77328
4.79475
4.81768
4.8419
4.86777
4.89523
4.92416
4.95475
4.98698
5.00522
4.9729
4.94222
4.91316
4.88557
4.85973
4.83533
4.81234
4.79087
4.77075
4.75204
4.73471
4.71866
4.70399
4.69059
4.67841
4.66748
2.73145
2.65852
2.59004
2.52564
2.46497
2.41349
2.47705
2.52875
2.58206
2.64104
2.70207
2.76673
2.8353
2.90812
2.98557
3.06806
3.15608
3.25016
4.69059
4.70399
4.71866
4.73471
4.75204
4.77075
4.79087
4.81234
4.83533
4.85973
4.88557
4.91316
4.94222
4.9729
5.00522
5.02494
4.9924
4.96167
4.93248
4.90468
4.87884
4.85427
4.83133
4.80973
4.7895
4.77078
4.75334
4.73726
4.72251
4.70902
4.69682
4.68589
2.74741
2.67367
2.60444
2.53934
2.47774
2.52735
2.58057
2.63677
2.66633
2.75905
2.82567
2.89635
2.97143
3.05132
3.13645
4.67623
4.68589
4.69682
4.70902
4.72251
4.73726
4.75334
4.77078
4.7895
4.80973
4.83133
4.85427
4.87884
4.90468
4.93248
4.96167
4.9924
5.02494
5.04619
5.01352
4.98256
4.95323
4.92557
4.89943
4.87474
4.85166
4.82996
4.8097
4.79087
4.77336
4.75715
4.74226
4.72885
4.71665
4.70553
4.69587
2.6898
2.61977
2.5472
2.58093
2.63583
2.69382
2.74763
2.82008
2.88891
2.96196
3.04766
4.67415
4.68019
4.68742
4.69587
4.70553
4.71665
4.72885
4.74226
4.75715
4.77336
4.79087
4.8097
4.82996
4.85166
4.87474
4.89943
4.92557
4.95323
4.98256
5.01352
5.04619
5.06874
5.03604
5.00494
4.97547
4.94765
4.92145
4.89664
4.87345
4.85157
4.83132
4.8123
4.79476
4.77856
4.76371
4.7501
4.73783
4.72677
4.717
2.70693
2.62233
2.63794
2.69473
2.75474
2.81822
2.88633
4.68308
4.68433
4.68664
4.69036
4.69521
4.70107
4.70854
4.717
4.72677
4.73783
4.7501
4.76371
4.77856
4.79476
4.8123
4.83132
4.85157
4.87345
4.89664
4.92145
4.94765
4.97547
5.00494
5.03604
5.06874
5.09291
5.05997
5.02883
4.99918
4.97117
4.94488
4.91999
4.89666
4.87477
4.85427
4.8353
4.81767
4.80135
4.78643
4.77277
4.76042
4.74929
4.7395
4.73092
2.69859
2.75946
2.81974
4.70906
2.95541
4.7055
4.7055
4.70665
4.70906
4.71274
4.71757
4.72354
4.73092
4.7395
4.74929
4.76042
4.77277
4.78643
4.80135
4.81767
4.8353
4.85427
4.87477
4.89666
4.91999
4.94488
4.97117
4.99918
5.02883
5.05997
5.09291
5.11873
5.08549
5.05415
5.02444
4.99635
4.96984
4.94486
4.92145
4.89936
4.87888
4.85966
4.84199
4.82563
4.81049
4.79679
4.78443
4.77332
4.76344
4.75483
4.74753
4.7414
4.73655
4.73283
3.10745
4.72921
4.72921
4.73028
4.73283
4.73655
4.7414
4.74753
4.75483
4.76344
4.77332
4.78443
4.79679
4.81049
4.82563
4.84199
4.85966
4.87888
4.89936
4.92145
4.94486
4.96984
4.99635
5.02444
5.05415
5.08549
5.11873
5.14604
5.11271
5.08118
5.05132
5.02301
4.99633
4.97128
4.94769
4.92554
4.90491
4.8857
4.86776
4.8513
4.83623
4.8224
4.80994
4.79877
4.78885
4.78022
4.77281
4.7667
4.76177
4.75808
4.75563
4.75445
4.75445
4.75563
4.75808
4.76177
4.7667
4.77281
4.78022
4.78885
4.79877
4.80994
4.8224
4.83623
4.8513
4.86776
4.8857
4.90491
4.92554
4.94769
4.97128
4.99633
5.02301
5.05132
5.08118
5.11271
5.14604
5.17485
5.14152
5.10977
5.07972
5.05124
5.02444
4.9992
4.97553
4.95323
4.93254
4.91315
4.89519
4.87863
4.86331
4.8496
4.83698
4.8258
4.81579
4.80702
4.79962
4.7935
4.78853
4.78486
4.78241
4.7812
4.7812
4.78241
4.78486
4.78853
4.7935
4.79962
4.80702
4.81579
4.8258
4.83698
4.8496
4.86331
4.87863
4.89519
4.91315
4.93254
4.95323
4.97553
4.9992
5.02444
5.05124
5.07972
5.10977
5.14152
5.17485
5.20561
5.17193
5.13997
5.10979
5.08121
5.05419
5.02873
5.00491
4.98253
4.9617
4.94217
4.92415
4.90746
4.89225
4.87826
4.86566
4.85432
4.84423
4.83555
4.82793
4.8219
4.81682
4.81314
4.81066
4.80953
4.80953
4.81066
4.81314
4.81682
4.8219
4.82793
4.83555
4.84423
4.85432
4.86566
4.87826
4.89225
4.90746
4.92415
4.94217
4.9617
4.98253
5.00491
5.02873
5.05419
5.08121
5.10979
5.13997
5.17193
5.20561
5.23786
5.204
5.17185
5.14144
5.11264
5.08553
5.06004
5.03606
5.01344
4.99248
4.97291
4.95467
4.93796
4.92262
4.90853
4.89588
4.88442
4.87431
4.86559
4.85806
4.85177
4.84681
4.84297
4.84057
4.83932
4.83932
4.84057
4.84297
4.84681
4.85177
4.85806
4.86559
4.87431
4.88442
4.89588
4.90853
4.92262
4.93796
4.95467
4.97291
4.99248
5.01344
5.03606
5.06004
5.08553
5.11264
5.14144
5.17185
5.204
5.23786
5.27193
5.23792
5.20554
5.1749
5.14603
5.11866
5.09296
5.06885
5.04621
5.02504
5.0052
4.98688
4.97014
4.95467
4.94047
4.92775
4.91615
4.90612
4.89726
4.88972
4.88341
4.87834
4.87464
4.872
4.87086
4.87086
4.872
4.87464
4.87834
4.88341
4.88972
4.89726
4.90612
4.91615
4.92775
4.94047
4.95467
4.97014
4.98688
5.0052
5.02504
5.04621
5.06885
5.09296
5.11866
5.14603
5.1749
5.20554
5.23792
5.27193
