Label: Box
Position: -2.44777, 0.162816, -0.42552
Orientation (Quaternion): 0.502781, -0.121684, 0.855393, -0.0266006
5.27193
5.23792
5.20554
5.1749
5.14603
5.11866
5.09296
5.06885
5.04621
5.02504
5.0052
4.98688
4.97014
2.09096
2.05291
2.07003
2.12829
4.90612
4.89726
4.88972
4.88341
4.87834
4.87464
4.872
4.87086
4.87086
4.872
4.87464
4.87834
4.88341
4.88972
4.89726
4.90612
4.91615
4.92775
4.94047
4.95467
4.97014
4.98688
5.0052
5.02504
5.04621
5.06885
5.09296
5.11866
5.14603
5.1749
5.20554
5.23792
5.27193
5.23786
5.204
5.17185
5.14144
5.11264
5.08553
5.06004
5.03606
5.01344
4.99248
4.97291
2.14039
2.10715
2.07
2.03348
2.02619
2.09953
2.16009
4.86559
4.85806
4.85177
4.84681
4.84297
4.84057
4.83932
4.83932
4.84057
4.84297
4.84681
4.85177
4.85806
4.86559
4.87431
4.88442
4.89588
4.90853
4.92262
4.93796
4.95467
4.97291
4.99248
5.01344
5.03606
5.06004
5.08553
5.11264
5.14144
5.17185
5.204
5.23786
5.20561
5.17193
5.13997
5.10979
5.08121
5.05419
5.02873
5.00491
4.98253
2.19119
2.15519
2.12088
2.08818
2.0552
2.01535
2.00517
2.07177
2.12793
2.19364
2.24239
4.8219
4.81682
4.81314
4.81066
4.80953
4.80953
4.81066
4.81314
4.81682
4.8219
4.82793
4.83555
4.84423
4.85432
4.86566
4.87826
4.89225
4.90746
4.92415
4.94217
4.9617
4.98253
5.00491
5.02873
5.05419
5.08121
5.10979
5.13997
5.17193
5.20561
5.17485
5.14152
5.10977
5.07972
5.05124
5.02444
4.9992
2.24788
2.20878
2.17157
2.13612
2.10235
2.07016
2.03945
1.99854
1.98531
2.04515
2.09996
2.1637
2.21109
2.29935
4.78853
4.78486
4.78241
4.7812
4.7812
4.78241
4.78486
4.78853
4.7935
4.79962
4.80702
4.81579
4.8258
4.83698
4.8496
4.86331
4.87863
4.89519
4.91315
4.93254
4.95323
4.97553
4.9992
5.02444
5.05124
5.07972
5.10977
5.14152
5.17485
5.14604
5.11271
5.08118
5.05132
5.02301
2.31519
2.26858
2.2281
2.18959
2.15294
2.11803
2.08476
2.05304
2.02278
1.98306
1.96661
2.0196
2.07542
2.135
2.18058
2.26686
2.32
2.41904
4.75563
4.75445
4.75445
4.75563
4.75808
4.76177
4.7667
4.77281
4.78022
4.78885
4.79877
4.80994
4.8224
4.83623
4.8513
4.86776
4.8857
4.90491
4.92554
4.94769
4.97128
4.99633
5.02301
5.05132
5.08118
5.11271
5.14604
5.11873
5.08549
5.05415
5.02444
2.33534
2.29118
2.24923
2.20935
2.1714
2.13527
2.10086
2.06806
2.03679
2.00695
1.96894
1.94907
1.99504
2.04729
2.10748
2.15277
2.22234
2.30661
2.38253
2.46563
4.72921
4.72921
4.73028
4.73283
4.73655
4.7414
4.74753
4.75483
4.76344
4.77332
4.78443
4.79679
4.81049
4.82563
4.84199
4.85966
4.87888
4.89936
4.92145
4.94486
4.96984
4.99635
5.02444
5.05415
5.08549
5.11873
5.09291
5.05997
2.40997
2.36164
2.3158
2.27227
2.23091
2.19159
2.15417
2.11854
2.08459
2.05224
2.02139
1.99195
1.95623
1.93269
1.97145
2.0176
2.08108
2.12595
2.19602
2.26476
2.33287
2.42939
2.51563
2.6089
4.70665
4.70906
4.71274
4.71757
4.72354
4.73092
4.7395
4.74929
4.76042
4.77277
4.78643
4.80135
4.81767
4.8353
4.85427
4.87477
4.89666
4.91999
4.94488
4.97117
4.99918
5.02883
5.05997
5.09291
2.49357
2.44047
2.3902
2.34254
2.2971
2.25439
2.21358
2.17478
2.13786
2.10269
2.06919
2.03726
2.0068
1.97774
1.94499
1.91749
1.9488
2.0006
2.05575
2.10012
2.17103
2.23538
2.31709
2.39478
2.47852
2.56902
2.66708
4.68664
4.69036
4.69521
4.70107
4.70854
4.717
4.72677
4.73783
4.7501
4.76371
4.77856
4.79476
4.8123
4.83132
4.85157
4.87345
4.89664
4.92145
4.94765
4.97547
5.00494
5.03604
5.06874
2.47351
2.42113
2.37152
2.3245
2.27987
2.23749
2.18337
2.1589
2.12244
2.08771
2.05463
2.02309
1.993
1.9643
1.93529
1.90351
1.92705
1.97761
2.01257
2.07529
2.15017
2.21576
2.28081
2.36171
2.4431
2.53098
2.62612
2.72943
2.85171
4.67415
4.68019
4.68742
4.69587
4.70553
4.71665
4.72885
4.74226
4.75715
4.77336
4.79087
4.8097
4.82996
4.85166
4.87474
4.89943
4.92557
4.95323
4.98256
5.01352
5.04619
2.45442
2.40289
2.35392
2.30748
2.25744
2.21837
2.18176
2.14391
2.10788
2.07357
2.04088
2.0097
1.97997
1.95114
1.92452
1.89079
1.88741
1.95556
2.00645
2.05145
2.12398
2.1681
2.25132
2.31636
2.40929
2.49471
2.5871
2.68732
2.79634
4.65463
4.66062
4.66783
4.67623
4.68589
4.69682
4.70902
4.72251
4.73726
4.75334
4.77078
4.7895
4.80973
4.83133
4.85427
4.87884
4.90468
4.93248
4.96167
4.9924
5.02494
2.43104
2.38574
2.33735
2.29146
2.2479
2.20653
2.1672
2.12978
2.09417
2.06024
2.02791
1.99708
1.96768
1.93804
1.91283
1.87938
1.87201
1.93438
1.96917
2.02856
2.09892
2.14613
2.22391
2.29987
2.37698
2.46008
2.54989
2.64722
2.753
4.63636
4.64231
4.64953
4.65784
4.66748
4.67841
4.69059
4.70399
4.71866
4.73471
4.75204
4.77075
4.79087
4.81234
4.83533
4.85973
4.88557
4.91316
4.94222
4.9729
5.00522
2.4145
2.36961
2.32177
2.2764
2.23333
2.19241
2.15351
2.1165
2.08126
2.0477
2.01571
1.98521
1.95611
1.92555
1.90183
1.86937
1.85767
1.91402
1.94948
2.0066
2.07488
2.13582
2.19598
2.26623
2.34611
2.42703
2.51442
2.60901
2.71174
4.61944
4.62524
4.6324
4.64086
4.65052
4.66129
4.67339
4.68682
4.70143
4.71728
4.7347
4.75335
4.77328
4.79475
4.81768
4.8419
4.86777
4.89523
4.92416
4.95475
4.98698
2.39312
2.35346
2.30716
2.26227
2.21965
2.17916
2.14065
2.10402
2.06914
2.03592
2.00425
1.97405
1.94524
1.91367
1.89122
1.86086
1.84443
1.89448
1.92963
1.98554
2.05182
2.10221
2.17508
2.24094
2.31662
2.39548
2.48057
2.57262
2.67246
2.83718
4.60959
4.61676
4.62513
4.63475
4.64554
4.65764
4.67088
4.68555
4.70148
4.7186
4.73715
4.75715
4.77857
4.80137
4.82554
4.85138
4.87866
4.9075
4.93796
4.97017
2.38975
2.33317
2.29348
2.24904
2.20684
2.16675
2.12862
2.09233
2.05779
2.02488
1.99351
1.96359
1.93505
1.90134
1.88085
1.854
1.83234
1.87573
1.91255
1.96536
2.02974
2.08798
2.13915
2.2151
2.28842
2.36535
2.44828
2.53792
2.63506
2.73243
4.59523
4.60242
4.61072
4.62028
4.63105
4.64313
4.65636
4.67094
4.68681
4.70392
4.72243
4.74232
4.76369
4.7864
4.81046
4.83624
4.86341
4.89222
4.9226
4.95469
2.37607
2.31089
2.28072
2.23669
2.19488
2.15516
2.11737
2.08142
2.04718
2.01456
1.98347
1.95382
1.92552
1.89852
1.87104
1.84811
1.82148
1.85771
1.89155
1.94602
2.00856
2.05317
2.11044
2.19159
2.26147
2.33657
2.40981
2.50485
2.59946
2.70222
4.58218
4.58933
4.5976
4.60712
4.61783
4.62973
4.64301
4.65762
4.6734
4.69057
4.70901
4.72882
4.75006
4.7727
4.79687
4.82245
4.84961
4.87823
4.90857
4.94054
2.36334
2.31483
2.25879
2.22519
2.18375
2.14436
2.1069
2.07125
2.0373
2.00496
1.97412
1.94471
1.91665
1.88986
1.86175
1.83963
1.81195
1.8404
1.87335
1.9275
1.98826
2.03256
2.10364
2.16739
2.2357
2.30908
2.38806
2.4733
2.56553
2.6656
4.57035
4.57738
4.58574
4.59518
4.60594
4.61789
4.6311
4.64556
4.66126
4.6784
4.69681
4.71658
4.73765
4.76041
4.78445
4.80995
4.83695
4.86567
4.89582
4.92773
2.35154
2.30343
2.25781
2.21453
2.17342
2.13435
2.09719
2.06182
2.02814
1.99604
1.96544
1.93626
1.90841
1.88183
1.85297
1.83161
1.80388
1.80535
1.85117
1.90975
1.96881
2.0235
2.08185
2.14424
2.19992
2.2828
2.35997
2.44321
2.53319
2.63074
4.55969
4.56674
4.57505
4.58447
4.59521
4.60713
4.62035
4.63475
4.65041
4.66748
4.68585
4.70563
4.72671
4.7493
4.77328
4.79877
4.82565
4.85422
4.88441
4.91617
2.33542
2.2929
2.24764
2.20468
2.16388
2.1251
2.08822
2.0531
2.01966
1.9878
1.95742
1.92844
1.90079
1.87439
1.84464
1.82411
1.79747
1.79309
1.83872
1.89275
1.95014
1.99847
2.06098
2.12209
2.18753
2.25772
2.33319
2.41451
2.50234
2.59756
2.70102
4.5574
4.56553
4.57502
4.5857
4.59766
4.61077
4.62521
4.64093
4.65791
4.67622
4.69593
4.71695
4.7393
4.76339
4.78888
4.8158
4.84431
4.8743
4.90614
2.33063
2.28323
2.23829
2.19563
2.14606
2.1166
2.07996
2.04509
2.01187
1.98022
1.95004
1.92125
1.89378
1.86756
1.84252
1.81709
1.79297
1.78191
1.82239
1.87648
1.91274
1.9849
2.03408
2.10091
2.16502
2.23375
2.3076
2.38714
2.47298
2.56596
2.63941
4.54905
4.55734
4.56682
4.57748
4.58934
4.60246
4.61687
4.63248
4.64942
4.66778
4.68731
4.70845
4.7309
4.75473
4.78015
4.80711
4.83546
4.86553
4.89723
2.32148
2.2744
2.22974
2.18736
2.1471
2.10883
2.07242
2.03776
2.00475
1.97328
1.94329
1.91468
1.88737
1.8613
1.83641
1.81054
1.78961
1.77193
1.80513
1.86089
1.89698
1.96684
2.02188
2.08065
2.1435
2.21084
2.28318
2.33756
2.42217
2.5137
2.61302
4.54212
4.55032
4.55974
4.57036
4.5821
4.59529
4.60972
4.6253
4.64217
4.66058
4.68023
4.7012
4.72364
4.74753
4.77285
4.79963
4.82802
4.858
4.88972
2.31318
2.26638
2.22199
2.17985
2.13983
2.10177
2.06557
2.03111
1.99828
1.967
1.93716
1.90871
1.88155
1.85563
1.83087
1.80441
1.78412
1.76331
1.79353
1.84598
1.88186
1.94954
2.00359
2.04063
2.12294
2.18899
2.24087
2.32724
2.40064
2.49026
2.58742
4.53629
4.54452
4.55383
4.56452
4.57631
4.5894
4.60381
4.61944
4.63631
4.65454
4.67415
4.69517
4.71757
4.74142
4.76673
4.79351
4.82186
4.85182
4.88335
2.30572
2.24876
2.21501
2.1731
2.13328
2.09543
2.0594
2.02512
1.99246
1.96133
1.93165
1.90333
1.87631
1.85051
1.82588
1.80235
1.7791
1.7563
1.78273
1.8317
1.86736
1.93299
1.98611
2.04276
2.1033
2.1529
2.23764
2.29844
2.3797
2.46749
2.5626
4.53163
4.53979
4.54919
4.55984
4.57155
4.5847
4.59903
4.61461
4.63146
4.64976
4.66938
4.69035
4.71272
4.73654
4.76172
4.78858
4.81696
4.84678
4.87837
2.29908
2.25275
2.2088
2.15826
2.12746
2.08977
2.05392
2.01978
1.98727
1.95628
1.92673
1.89854
1.87164
1.84596
1.82143
1.798
1.77452
1.75128
1.77196
1.81803
1.85345
1.91715
1.96939
2.02507
2.07254
2.14819
2.2118
2.27962
2.35931
2.44535
2.5385
2.65339
4.53626
4.5456
4.55632
4.56808
4.5812
4.59551
4.61109
4.62791
4.64624
4.66579
4.68675
4.70899
4.73288
4.75808
4.78486
4.81305
4.84302
4.87451
2.29324
2.24711
2.20335
2.1618
2.12233
2.0848
2.0491
2.0151
1.98272
1.95185
1.92242
1.89433
1.86753
1.84195
1.81751
1.79418
1.77036
1.74883
1.75386
1.80496
1.84747
1.89174
1.95341
1.99887
2.06664
2.12918
2.18863
2.26127
2.33946
2.42383
2.50631
2.60688
4.53399
4.5434
4.55392
4.56561
4.57879
4.5931
4.6087
4.62561
4.64374
4.66335
4.68427
4.70656
4.73044
4.75568
4.78238
4.81064
4.84054
4.87209
2.28651
2.24224
2.19863
2.15724
2.11791
2.08051
2.04493
2.01105
1.97878
1.94801
1.91868
1.8907
1.86399
1.83848
1.81414
1.77922
1.76655
1.74716
1.75017
1.79245
1.82722
1.88756
1.93112
1.98549
2.04955
2.10557
2.17202
2.24336
2.31485
2.39702
2.48754
2.5862
4.53279
4.54218
4.55279
4.56458
4.57765
4.59186
4.60752
4.62437
4.64247
4.66219
4.68307
4.70545
4.72918
4.75444
4.78106
4.80942
4.83939
4.87073
2.28395
2.23812
2.19466
2.15338
2.10427
2.07689
2.03852
2.00763
1.97545
1.94478
1.91553
1.88763
1.861
1.83557
1.81129
1.78809
1.75801
1.74435
1.73365
1.78047
1.8188
1.87375
1.92357
1.97237
2.03325
2.09046
2.15579
2.22174
2.29778
2.3802
2.46975
2.56483
4.53279
4.54218
4.55279
4.56458
4.57765
4.59186
4.60752
4.62437
4.64247
4.66219
4.68307
4.70545
4.72918
4.75444
4.78106
4.80942
4.83939
4.87073
2.27436
2.23477
2.19141
2.15024
2.11113
2.07394
2.03854
2.00484
1.97274
1.94214
1.90138
1.87471
1.85855
1.83318
1.80159
1.78581
1.75803
1.74196
1.72571
1.76902
1.81439
1.85732
1.9068
1.95948
2.01566
2.07568
2.13753
2.20724
2.2826
2.36212
2.44766
2.54029
4.53399
4.5434
4.55392
4.56561
4.57879
4.5931
4.6087
4.62561
4.64374
4.66335
4.68427
4.70656
4.73044
4.75568
4.78238
4.81064
4.84054
4.87209
2.27778
2.23217
2.18547
2.14781
2.10876
2.07164
2.03631
2.00268
1.97063
1.94009
1.91096
1.87367
1.84983
1.83133
1.80196
1.77958
1.76198
1.74089
1.72024
1.75806
1.80035
1.84621
1.89643
1.94683
2.00063
2.06018
2.12431
2.19172
2.26404
2.34192
2.426
2.51701
2.62204
4.5456
4.55632
4.56808
4.5812
4.59551
4.61109
4.62791
4.64624
4.66579
4.68675
4.70899
4.73288
4.75808
4.78486
4.81305
4.84302
4.87451
2.27585
2.2303
2.17775
2.13129
2.10011
2.07
2.03472
2.00113
1.96913
1.93863
1.90825
1.87068
1.8466
1.82543
1.80246
1.78278
1.75843
1.73968
1.71559
1.74756
1.79008
1.83528
1.8833
1.93381
1.98884
2.04669
2.10857
2.17488
2.24609
2.32275
2.40545
2.49493
2.59202
4.54919
4.55984
4.57155
4.5847
4.59903
4.61461
4.63146
4.64976
4.66938
4.69035
4.71272
4.73654
4.76172
4.78858
4.81696
4.84678
4.87837
2.2747
2.219
2.18601
2.14501
2.10606
2.06901
2.03376
2.0002
1.96822
1.93774
1.90868
1.88094
1.84706
1.82921
1.80507
1.77941
1.75881
1.73808
1.7169
1.73561
1.77994
1.82423
1.8718
1.92199
1.97545
2.03252
2.09353
2.1589
2.22906
2.30455
2.38381
2.46968
2.56301
4.55383
4.56452
4.57631
4.5894
4.60381
4.61944
4.63631
4.65454
4.67415
4.69517
4.71757
4.74142
4.76673
4.79351
4.82186
4.85182
4.88335
2.26825
2.2288
2.18564
2.14465
2.10571
2.06867
2.03343
1.99988
1.96791
1.93744
1.90838
1.88066
1.8542
1.82893
1.80481
1.78176
1.75974
1.73823
1.71847
1.72851
1.76992
1.8138
1.8604
1.90924
1.96096
2.01649
2.07605
2.13997
2.20866
2.2826
2.36238
2.44864
2.54218
4.55974
4.57036
4.5821
4.59529
4.60972
4.6253
4.64217
4.66058
4.68023
4.7012
4.72364
4.74753
4.77285
4.79963
4.82802
4.858
4.88972
2.27467
2.22916
2.18598
2.14499
2.10603
2.06899
2.03374
2.00018
1.9682
1.93772
1.9003
1.88092
1.85446
1.82919
1.80505
1.78083
1.75943
1.73892
1.72602
1.75754
1.89253
1.94791
2.00705
2.07064
2.13891
2.21236
2.29156
2.37754
2.47075
2.57216
2.68311
4.54905
4.55734
4.56682
4.57748
4.58934
4.60246
4.61687
4.63248
4.64942
4.66778
4.68731
4.70845
4.7309
4.75473
4.78015
4.80711
4.83546
4.86553
4.89723
2.2758
2.23025
2.18704
2.14601
2.10703
2.06995
2.03468
2.00109
1.95818
1.93858
1.90604
1.88122
1.85474
1.82842
1.80735
1.95499
2.01208
2.07317
2.13866
2.20899
2.28465
2.36645
2.39997
2.55085
2.65541
2.78248
4.53395
4.53619
4.53978
3.35501
4.55033
3.75819
4.56553
4.57502
4.5857
4.59766
4.61077
4.62521
4.64093
4.65791
4.67622
4.69593
4.71695
4.7393
4.76339
4.78888
4.8158
4.84431
4.8743
4.90614
2.2777
2.23209
2.18792
2.14244
2.09646
2.07104
2.03516
2.00146
1.96992
1.94054
1.91341
2.08631
2.15036
2.21901
2.23004
2.37233
2.45819
2.4909
2.65224
2.76236
2.88267
3.02106
4.54568
4.54334
4.54219
4.54219
4.54334
4.18829
4.54908
4.55388
4.55969
4.56674
4.57505
4.58447
4.59521
4.60713
4.62035
4.63475
4.65041
4.66748
4.68585
4.70563
4.72671
4.7493
4.77328
4.79877
4.82565
4.85422
4.88441
4.91617
2.2793
2.23293
2.18937
2.14848
2.11015
2.07431
2.16264
2.2279
2.30515
2.38564
2.47035
2.56196
2.65432
2.73902
2.88749
3.01569
4.59518
4.58574
4.57738
4.57035
4.5645
4.55976
4.55622
4.55391
4.55281
4.55281
4.55391
4.55622
4.55976
4.5645
4.57035
4.57738
4.58574
4.59518
4.60594
4.61789
4.6311
4.64556
4.66126
4.6784
4.69681
4.71658
4.73765
4.76041
4.78445
4.80995
4.83695
4.86567
4.89582
4.92773
2.28244
2.23812
2.19671
2.38589
2.48111
2.5721
2.67051
2.77803
2.89483
3.02291
4.69057
4.6734
4.65762
4.64301
4.62973
4.61783
4.60712
4.5976
4.58933
4.58218
4.57625
4.5715
4.56805
4.56577
4.56457
4.56457
4.56577
4.56805
4.5715
4.57625
4.58218
4.58933
4.5976
4.60712
4.61783
4.62973
4.64301
4.65762
4.6734
4.69057
4.70901
4.72882
4.75006
4.7727
4.79687
4.82245
4.84961
4.87823
4.90857
4.94054
4.95469
4.9226
4.89222
4.86341
4.83624
4.81046
4.7864
4.76369
4.74232
4.72243
4.70392
4.68681
4.67094
4.65636
4.64313
4.63105
4.62028
4.61072
4.60242
4.59523
4.5894
4.58464
4.58117
4.57871
4.57768
4.57768
4.57871
4.58117
4.58464
4.5894
4.59523
4.60242
4.61072
4.62028
4.63105
4.64313
4.65636
4.67094
4.68681
4.70392
4.72243
4.74232
4.76369
4.7864
4.81046
4.83624
4.86341
4.89222
4.9226
4.95469
4.97017
4.93796
4.9075
4.87866
4.85138
4.82554
4.80137
4.77857
4.75715
4.73715
4.7186
4.70148
4.68555
4.67088
4.65764
4.64554
4.63475
4.62513
4.61676
4.60959
4.60381
4.59904
4.59535
4.59312
4.59194
4.59194
4.59312
4.59535
4.59904
4.60381
4.60959
4.61676
4.62513
4.63475
4.64554
4.65764
4.67088
4.68555
4.70148
4.7186
4.73715
4.75715
4.77857
4.80137
4.82554
4.85138
4.87866
4.9075
4.93796
4.97017
4.98698
4.95475
4.92416
4.89523
4.86777
4.8419
4.81768
4.79475
4.77328
4.75335
4.7347
4.71728
4.70143
4.68682
4.67339
4.66129
4.65052
4.64086
4.6324
4.62524
4.61944
4.61467
4.61109
4.60872
4.60747
4.60747
4.60872
4.61109
4.61467
4.61944
4.62524
4.6324
4.64086
4.65052
4.66129
4.67339
4.68682
4.70143
4.71728
4.7347
4.75335
4.77328
4.79475
4.81768
4.8419
4.86777
4.89523
4.92416
4.95475
4.98698
5.00522
4.9729
4.94222
4.91316
4.88557
4.85973
4.83533
4.81234
4.79087
4.77075
4.75204
4.73471
4.71866
4.70399
4.69059
4.67841
4.66748
4.65784
4.64953
4.64231
4.63636
4.6316
4.62799
4.62561
4.62433
4.62433
4.62561
4.62799
4.6316
4.63636
4.64231
4.64953
4.65784
4.66748
4.67841
4.69059
4.70399
4.71866
4.73471
4.75204
4.77075
4.79087
4.81234
4.83533
4.85973
4.88557
4.91316
4.94222
4.9729
5.00522
5.02494
4.9924
4.96167
4.93248
4.90468
4.87884
4.85427
4.83133
4.80973
4.7895
4.77078
4.75334
4.73726
4.72251
4.70902
4.69682
4.68589
4.67623
4.66783
4.66062
4.65463
4.64971
4.64622
4.64383
4.64267
4.64267
4.64383
4.64622
4.64971
4.65463
4.66062
4.66783
4.67623
4.68589
4.69682
4.70902
4.72251
4.73726
4.75334
4.77078
4.7895
4.80973
4.83133
4.85427
4.87884
4.90468
4.93248
4.96167
4.9924
5.02494
5.04619
5.01352
4.98256
4.95323
4.92557
4.89943
4.87474
4.85166
4.82996
4.8097
4.79087
4.77336
4.75715
4.74226
4.72885
4.71665
4.70553
4.69587
4.68742
4.68019
4.67415
4.66937
4.66578
4.66335
4.66211
4.66211
4.66335
4.66578
4.66937
4.67415
4.68019
4.68742
4.69587
4.70553
4.71665
4.72885
4.74226
4.75715
4.77336
4.79087
4.8097
4.82996
4.85166
4.87474
4.89943
4.92557
4.95323
4.98256
5.01352
5.04619
5.06874
5.03604
5.00494
4.97547
4.94765
4.92145
4.89664
4.87345
4.85157
4.83132
4.8123
4.79476
4.77856
4.76371
4.7501
4.73783
4.72677
4.717
4.70854
4.70107
4.69521
4.69036
4.68664
4.68433
4.68308
4.68308
4.68433
4.68664
4.69036
4.69521
4.70107
4.70854
4.717
4.72677
4.73783
4.7501
4.76371
4.77856
4.79476
4.8123
4.83132
4.85157
4.87345
4.89664
4.92145
4.94765
4.97547
5.00494
5.03604
5.06874
5.09291
5.05997
5.02883
4.99918
4.97117
4.94488
4.91999
4.89666
4.87477
4.85427
4.8353
4.81767
4.80135
4.78643
4.77277
4.76042
4.74929
4.7395
4.73092
4.72354
4.71757
4.71274
4.70906
4.70665
4.7055
4.7055
4.70665
4.70906
4.71274
4.71757
4.72354
4.73092
4.7395
4.74929
4.76042
4.77277
4.78643
4.80135
4.81767
4.8353
4.85427
4.87477
4.89666
4.91999
4.94488
4.97117
4.99918
5.02883
5.05997
5.09291
5.11873
5.08549
5.05415
5.02444
4.99635
4.96984
4.94486
4.92145
4.89936
4.87888
4.85966
4.84199
4.82563
4.81049
4.79679
4.78443
4.77332
4.76344
4.75483
4.74753
4.7414
4.73655
4.73283
4.73028
4.72921
4.72921
4.73028
4.73283
4.73655
4.7414
4.74753
4.75483
4.76344
4.77332
4.78443
4.79679
4.81049
4.82563
4.84199
4.85966
4.87888
4.89936
4.92145
4.94486
4.96984
4.99635
5.02444
5.05415
5.08549
5.11873
5.14604
5.11271
5.08118
5.05132
5.02301
4.99633
4.97128
4.94769
4.92554
4.90491
4.8857
4.86776
4.8513
4.83623
4.8224
4.80994
4.79877
4.78885
4.78022
4.77281
4.7667
4.76177
4.75808
4.75563
4.75445
4.75445
4.75563
4.75808
4.76177
4.7667
4.77281
4.78022
4.78885
4.79877
4.80994
4.8224
4.83623
4.8513
4.86776
4.8857
4.90491
4.92554
4.94769
4.97128
4.99633
5.02301
5.05132
5.08118
5.11271
5.14604
5.17485
5.14152
5.10977
5.07972
5.05124
5.02444
4.9992
4.97553
4.95323
4.93254
4.91315
4.89519
4.87863
4.86331
4.8496
4.83698
4.8258
4.81579
4.80702
4.79962
4.7935
4.78853
4.78486
4.78241
4.7812
4.7812
4.78241
4.78486
4.78853
4.7935
4.79962
4.80702
4.81579
4.8258
4.83698
4.8496
4.86331
4.87863
4.89519
4.91315
4.93254
4.95323
4.97553
4.9992
5.02444
5.05124
5.07972
5.10977
5.14152
5.17485
5.20561
5.17193
5.13997
5.10979
5.08121
5.05419
5.02873
5.00491
4.98253
4.9617
4.94217
4.92415
4.90746
4.89225
4.87826
4.86566
4.85432
4.84423
4.83555
4.82793
4.8219
4.81682
4.81314
4.81066
4.80953
4.80953
4.81066
4.81314
4.81682
4.8219
4.82793
4.83555
4.84423
4.85432
4.86566
4.87826
4.89225
4.90746
4.92415
4.94217
4.9617
4.98253
5.00491
5.02873
5.05419
5.08121
5.10979
5.13997
5.17193
5.20561
5.23786
5.204
5.17185
5.14144
5.11264
5.08553
5.06004
5.03606
5.01344
4.99248
4.97291
4.95467
4.93796
4.92262
4.90853
4.89588
4.88442
4.87431
4.86559
4.85806
4.85177
4.84681
4.84297
4.84057
4.83932
4.83932
4.84057
4.84297
4.84681
4.85177
4.85806
4.86559
4.87431
4.88442
4.89588
4.90853
4.92262
4.93796
4.95467
4.97291
4.99248
5.01344
5.03606
5.06004
5.08553
5.11264
5.14144
5.17185
5.204
5.23786
5.27193
5.23792
5.20554
5.1749
5.14603
5.11866
5.09296
5.06885
5.04621
5.02504
5.0052
4.98688
4.97014
4.95467
4.94047
4.92775
4.91615
4.90612
4.89726
4.88972
4.88341
4.87834
4.87464
4.872
4.87086
4.87086
4.872
4.87464
4.87834
4.88341
4.88972
4.89726
4.90612
4.91615
4.92775
4.94047
4.95467
4.97014
4.98688
5.0052
5.02504
5.04621
5.06885
5.09296
5.11866
5.14603
5.1749
5.20554
5.23792
5.27193
