Label: Box
Position: -2.03919, -0.635365, -0.176733
Orientation (Quaternion): -0.406896, -0.433497, -0.79494, 0.120772
5.27193
5.23792
5.20554
5.1749
5.14603
5.11866
5.09296
5.06885
5.04621
5.02504
5.0052
4.98688
4.97014
4.95467
4.94047
4.92775
4.91615
4.90612
4.89726
4.88972
4.88341
4.87834
4.87464
4.872
4.87086
4.87086
4.872
4.87464
4.87834
4.88341
4.88972
4.89726
4.90612
4.91615
4.92775
4.94047
4.95467
4.97014
4.98688
5.0052
5.02504
5.04621
5.06885
5.09296
5.11866
5.14603
5.1749
5.20554
5.23792
5.27193
5.23786
5.204
5.17185
5.14144
5.11264
5.08553
5.06004
5.03606
5.01344
4.99248
4.97291
4.95467
4.93796
4.92262
4.90853
4.89588
4.88442
4.87431
4.86559
4.85806
4.85177
4.84681
4.84297
4.84057
4.83932
4.83932
4.84057
4.84297
4.84681
4.85177
4.85806
4.86559
4.87431
4.88442
4.89588
4.90853
4.92262
4.93796
4.95467
4.97291
4.99248
5.01344
5.03606
5.06004
5.08553
5.11264
5.14144
5.17185
5.204
5.23786
5.20561
5.17193
5.13997
5.10979
5.08121
5.05419
5.02873
5.00491
4.98253
4.9617
4.94217
4.92415
4.90746
4.89225
4.87826
4.86566
4.85432
4.84423
4.83555
4.82793
4.8219
4.81682
4.81314
4.81066
4.80953
4.80953
4.81066
4.81314
4.81682
4.8219
4.82793
4.83555
4.84423
4.85432
4.86566
4.87826
4.89225
4.90746
4.92415
4.94217
4.9617
4.98253
5.00491
5.02873
5.05419
5.08121
5.10979
5.13997
5.17193
5.20561
5.17485
5.14152
5.10977
5.07972
5.05124
5.02444
4.9992
4.97553
4.95323
4.93254
4.91315
4.89519
4.87863
4.86331
4.8496
4.83698
4.8258
4.81579
4.80702
4.79962
4.7935
4.78853
4.78486
4.78241
4.7812
4.7812
4.78241
4.78486
4.78853
4.7935
4.79962
4.80702
4.81579
4.8258
4.83698
4.8496
4.86331
4.87863
4.89519
4.91315
4.93254
4.95323
4.97553
4.9992
5.02444
5.05124
5.07972
5.10977
5.14152
5.17485
5.14604
5.11271
5.08118
5.05132
5.02301
4.99633
4.97128
4.94769
4.92554
4.90491
4.8857
4.86776
4.8513
4.83623
4.8224
4.80994
4.79877
4.78885
4.78022
4.77281
4.7667
4.76177
4.75808
4.75563
4.75445
4.75445
4.75563
4.75808
4.76177
4.7667
4.77281
4.78022
4.78885
4.79877
4.80994
4.8224
4.83623
4.8513
4.86776
4.8857
4.90491
4.92554
4.94769
4.97128
4.99633
5.02301
5.05132
5.08118
5.11271
5.14604
5.11873
5.08549
5.05415
5.02444
4.99635
4.96984
4.94486
4.92145
4.89936
4.87888
4.85966
4.84199
4.82563
4.81049
4.79679
4.78443
4.77332
4.76344
4.75483
4.74753
4.7414
4.73655
4.73283
4.73028
4.72921
4.72921
4.73028
4.73283
4.73655
4.7414
4.74753
4.75483
4.76344
4.77332
4.78443
4.79679
4.81049
4.82563
4.84199
4.85966
4.87888
4.89936
4.92145
4.94486
4.96984
4.99635
5.02444
5.05415
5.08549
5.11873
5.09291
5.05997
5.02883
4.99918
4.97117
4.94488
4.91999
4.89666
4.87477
4.85427
4.8353
4.81767
4.80135
4.78643
4.77277
4.76042
4.74929
4.7395
4.73092
4.72354
4.71757
4.71274
4.70906
4.70665
4.7055
4.7055
4.70665
4.70906
4.71274
4.71757
4.72354
4.73092
4.7395
4.74929
4.76042
4.77277
4.78643
4.80135
4.81767
4.8353
4.85427
4.87477
4.89666
4.91999
4.94488
4.97117
4.99918
5.02883
5.05997
5.09291
5.06874
5.03604
5.00494
4.97547
4.94765
4.92145
4.89664
4.87345
4.85157
4.83132
4.8123
4.79476
4.77856
4.76371
4.7501
4.73783
4.72677
4.717
4.70854
4.70107
4.69521
4.69036
4.68664
4.68433
4.68308
4.68308
4.68433
4.68664
4.69036
4.69521
4.70107
4.70854
4.717
4.72677
4.73783
4.7501
4.76371
4.77856
4.79476
4.8123
4.83132
4.85157
4.87345
4.89664
4.92145
4.94765
4.97547
5.00494
5.03604
5.06874
5.04619
5.01352
4.98256
4.95323
4.92557
4.89943
4.87474
4.85166
4.82996
4.8097
4.79087
4.77336
4.75715
4.74226
4.72885
4.71665
4.70553
4.69587
4.68742
4.68019
4.67415
4.66937
4.66578
4.66335
4.66211
4.66211
4.66335
4.66578
4.66937
4.67415
4.68019
4.68742
4.69587
4.70553
4.71665
4.72885
4.74226
4.75715
4.77336
4.79087
4.8097
4.82996
4.85166
4.87474
4.89943
4.92557
4.95323
4.98256
5.01352
5.04619
5.02494
4.9924
4.96167
4.93248
4.90468
4.87884
4.85427
4.83133
4.80973
4.7895
4.77078
4.75334
4.73726
4.72251
4.70902
4.69682
4.68589
4.67623
4.66783
4.66062
4.65463
4.64971
4.64622
4.64383
4.64267
4.64267
4.64383
4.64622
4.64971
4.65463
4.66062
4.66783
4.67623
4.68589
4.69682
4.70902
4.72251
4.73726
4.75334
4.77078
4.7895
4.80973
4.83133
4.85427
4.87884
4.90468
4.93248
4.96167
4.9924
5.02494
5.00522
4.9729
4.94222
4.91316
4.88557
4.85973
4.83533
4.81234
4.79087
4.77075
4.75204
4.73471
4.71866
4.70399
4.69059
4.67841
4.66748
4.65784
4.64953
4.64231
4.63636
4.6316
4.62799
4.62561
4.62433
4.62433
4.62561
4.62799
4.6316
4.63636
4.64231
4.64953
4.65784
4.66748
4.67841
4.69059
4.70399
4.71866
4.73471
4.75204
4.77075
4.79087
4.81234
4.83533
4.85973
4.88557
4.91316
4.94222
4.9729
5.00522
4.98698
4.95475
4.92416
4.89523
4.86777
4.8419
4.81768
4.79475
4.77328
4.75335
4.7347
4.71728
4.70143
4.68682
4.67339
4.66129
4.65052
4.64086
4.6324
4.62524
4.61944
4.61467
4.61109
4.60872
4.60747
4.60747
4.60872
4.61109
4.61467
4.61944
4.62524
4.6324
4.64086
4.65052
4.66129
4.67339
4.68682
4.70143
4.71728
4.7347
4.75335
4.77328
4.79475
4.81768
4.8419
4.86777
4.89523
4.92416
4.95475
4.98698
4.97017
4.93796
4.9075
4.87866
4.85138
4.82554
4.80137
4.77857
4.75715
4.73715
4.7186
4.70148
4.68555
4.67088
4.65764
4.64554
4.63475
4.62513
4.61676
4.60959
4.60381
4.59904
4.59535
4.59312
4.59194
4.59194
4.59312
4.59535
4.59904
4.60381
4.60959
4.61676
4.62513
4.63475
4.64554
4.65764
4.67088
4.68555
4.70148
4.7186
4.73715
4.75715
4.77857
4.80137
4.82554
4.85138
4.87866
4.9075
4.93796
4.97017
4.95469
4.9226
4.89222
4.86341
4.83624
4.81046
4.7864
4.76369
4.74232
4.72243
4.70392
4.68681
4.67094
4.65636
4.64313
4.63105
4.62028
4.61072
4.60242
4.59523
4.5894
4.58464
4.58117
4.57871
4.57768
4.57768
4.57871
4.58117
4.58464
4.5894
4.59523
4.60242
4.61072
4.62028
4.63105
4.64313
4.65636
4.67094
4.68681
4.70392
4.72243
4.74232
4.76369
4.7864
4.81046
4.83624
4.86341
4.89222
4.9226
4.95469
4.94054
4.90857
4.87823
4.84961
4.82245
4.79687
4.7727
4.75006
4.72882
4.70901
4.69057
4.6734
4.65762
4.64301
4.62973
4.61783
4.60712
4.5976
4.58933
4.58218
4.57625
4.5715
4.56805
4.56577
4.56457
4.56457
4.56577
4.56805
4.5715
4.57625
4.58218
4.58933
4.5976
4.60712
4.61783
4.62973
4.64301
4.65762
4.6734
4.69057
4.70901
4.72882
4.75006
4.7727
4.79687
4.82245
4.84961
4.87823
4.90857
4.94054
4.92773
4.89582
4.86567
4.83695
4.80995
4.78445
4.76041
4.73765
4.71658
4.69681
4.6784
4.66126
4.64556
4.6311
4.61789
4.60594
4.59518
4.58574
4.57738
4.57035
4.5645
4.55976
4.55622
4.55391
4.55281
4.55281
4.55391
4.55622
4.55976
4.5645
4.57035
4.57738
4.58574
4.59518
4.60594
4.61789
4.6311
4.64556
4.66126
4.6784
4.69681
4.71658
4.73765
4.76041
4.78445
4.80995
4.83695
4.86567
4.89582
4.92773
4.91617
4.88441
4.85422
4.82565
4.79877
4.77328
4.7493
4.72671
4.70563
4.68585
4.66748
4.65041
4.63475
4.62035
4.60713
4.59521
4.58447
4.57505
4.56674
4.55969
4.55388
4.54908
4.54568
4.54334
4.54219
4.54219
4.54334
4.54568
4.54908
4.55388
4.55969
4.56674
4.57505
4.58447
4.59521
4.60713
4.62035
4.63475
4.65041
4.66748
4.68585
4.70563
4.72671
4.7493
4.77328
4.79877
4.82565
4.85422
4.88441
4.91617
4.90614
4.8743
4.84431
4.8158
4.78888
4.76339
4.7393
4.71695
4.69593
4.67622
4.65791
4.64093
4.62521
4.61077
4.59766
4.5857
4.57502
4.56553
4.5574
4.55033
4.54443
4.53978
4.53619
4.53395
4.5328
4.5328
4.53395
4.53619
4.53978
4.54443
4.55033
4.5574
4.56553
4.57502
4.5857
4.59766
4.61077
4.62521
4.64093
4.65791
4.67622
4.69593
4.71695
4.7393
4.76339
4.78888
4.8158
4.84431
4.8743
4.90614
4.89723
4.86553
4.83546
4.80711
4.78015
4.75473
4.7309
4.70845
4.68731
4.66778
4.64942
4.63248
4.61687
4.60246
4.58934
4.57748
4.56682
4.55734
4.54905
2.064
2.06864
2.07383
4.52813
2.08591
4.52459
4.52459
4.52579
4.52813
4.53154
4.53631
4.54197
4.54905
4.55734
4.56682
4.57748
4.58934
4.60246
4.61687
4.63248
4.64942
4.66778
4.68731
4.70845
4.7309
4.75473
4.78015
4.80711
4.83546
4.86553
4.89723
4.88972
4.858
4.82802
4.79963
4.77285
4.74753
4.72364
4.7012
4.68023
4.66058
4.64217
4.6253
4.60972
4.59529
4.5821
4.57036
4.55974
2.02707
2.03047
2.03439
2.03886
2.04388
2.04945
4.51874
4.51767
4.51767
4.51874
4.52112
4.52461
4.52929
4.53508
4.54212
4.55032
4.55974
4.57036
4.5821
4.59529
4.60972
4.6253
4.64217
4.66058
4.68023
4.7012
4.72364
4.74753
4.77285
4.79963
4.82802
4.858
4.88972
4.88335
4.85182
4.82186
4.79351
4.76673
4.74142
4.71757
4.69517
4.67415
4.65454
4.63631
4.61944
4.60381
4.5894
4.57631
4.56452
1.99637
1.9991
2.00235
2.00612
2.01043
2.01528
2.02067
2.02661
4.51184
4.51184
4.51288
4.51525
4.51881
4.52344
4.52923
4.53629
4.54452
4.55383
4.56452
4.57631
4.5894
4.60381
4.61944
4.63631
4.65454
4.67415
4.69517
4.71757
4.74142
4.76673
4.79351
4.82186
4.85182
4.88335
4.87837
4.84678
4.81696
4.78858
4.76172
4.73654
4.71272
4.69035
4.66938
4.64976
4.63146
4.61461
4.59903
4.5847
4.57155
1.96794
1.96977
1.97237
1.97548
1.97912
1.98328
1.98797
1.99319
1.99896
2.00527
4.50722
4.50831
2.02761
4.51417
4.51881
4.52461
4.53163
4.53979
4.54919
4.55984
4.57155
4.5847
4.59903
4.61461
4.63146
4.64976
4.66938
4.69035
4.71272
4.73654
4.76172
4.78858
4.81696
4.84678
4.87837
4.87451
4.84302
4.81305
4.78486
4.75808
4.73288
4.70899
4.68675
4.66579
4.64624
4.62791
4.61109
4.59551
4.5812
1.94089
1.94237
1.94435
1.94683
1.94982
1.95332
1.95734
1.96188
1.96694
1.97255
1.97869
1.98538
1.99264
4.50715
2.00886
4.51526
4.52111
4.52811
4.53626
4.5456
4.55632
4.56808
4.5812
4.59551
4.61109
4.62791
4.64624
4.66579
4.68675
4.70899
4.73288
4.75808
4.78486
4.81305
4.84302
4.87451
4.87209
4.84054
4.81064
4.78238
4.75568
4.73044
4.70656
4.68427
4.66335
4.64374
4.62561
1.91562
1.91552
1.91591
1.91679
1.91817
1.92004
1.92241
1.92529
1.92866
1.93255
1.93695
1.94187
1.94732
1.9533
1.95982
1.96689
1.97453
1.98273
4.51288
4.51876
4.52582
4.53399
4.5434
4.55392
4.56561
4.57879
4.5931
4.6087
4.62561
4.64374
4.66335
4.68427
4.70656
4.73044
4.75568
4.78238
4.81064
4.84054
4.87209
4.87073
4.83939
4.80942
4.78106
4.75444
4.72918
4.70545
4.68307
4.66219
4.64247
4.62437
1.89289
1.89264
1.89295
1.89375
1.89504
1.89681
1.89908
1.90184
1.9051
1.90886
1.91313
1.91791
1.92321
1.92903
1.93539
1.9423
1.94976
1.95778
1.96637
4.51766
4.52458
4.53279
4.54218
4.55279
4.56458
4.57765
4.59186
4.60752
4.62437
4.64247
4.66219
4.68307
4.70545
4.72918
4.75444
4.78106
4.80942
4.83939
4.87073
4.87073
4.83939
4.80942
4.78106
4.75444
4.72918
4.70545
4.68307
4.66219
4.64247
1.87173
1.87101
1.87076
1.871
1.87171
1.87291
1.87459
1.87676
1.87942
1.88257
1.88621
1.89035
1.89501
1.90017
1.90585
1.91206
1.91881
1.92609
1.93394
1.94234
1.95279
4.52458
4.53279
4.54218
4.55279
4.56458
4.57765
4.59186
4.60752
4.62437
4.64247
4.66219
4.68307
4.70545
4.72918
4.75444
4.78106
4.80942
4.83939
4.87073
4.87209
4.84054
4.81064
4.78238
4.75568
4.73044
4.70656
4.68427
1.85393
1.85219
1.85093
1.85014
1.84983
1.85
1.85064
1.85175
1.85335
1.85543
1.85798
1.86103
1.86456
1.86859
1.87312
1.87815
1.8837
1.88976
1.89635
1.90349
1.91116
1.9194
1.9282
1.93758
4.53399
1.95815
4.55392
4.56561
4.57879
4.5931
4.6087
4.62561
4.64374
4.66335
4.68427
4.70656
4.73044
4.75568
4.78238
4.81064
4.84054
4.87209
4.87451
4.84302
4.81305
4.78486
4.75808
4.73288
4.70899
1.83649
1.83412
1.83233
1.83102
1.83018
1.82981
1.82991
1.83048
1.83152
1.83304
1.83503
1.83749
1.84044
1.84387
1.84778
1.85219
1.85711
1.86252
1.86845
1.8749
1.88188
1.8894
1.89747
1.9061
1.91531
1.9251
1.93549
4.55632
4.56808
4.5812
4.59551
4.61109
4.62791
4.64624
4.66579
4.68675
4.70899
4.73288
4.75808
4.78486
4.81305
4.84302
4.87451
4.87837
4.84678
4.81696
4.78858
4.76172
4.73654
1.82024
1.81747
1.81517
1.81334
1.81198
1.81109
1.81066
1.8107
1.81121
1.81218
1.81361
1.81552
1.8179
1.82075
1.82408
1.8279
1.8322
1.83699
1.84229
1.84809
1.8544
1.86124
1.86861
1.87653
1.88499
1.89403
1.90364
1.91384
1.92466
1.93609
4.5847
4.59903
4.61461
4.63146
4.64976
4.66938
4.69035
4.71272
4.73654
4.76172
4.78858
4.81696
4.84678
4.87837
4.88335
4.85182
4.82186
4.79351
1.81854
1.80526
1.80169
1.79937
1.79704
1.79517
1.79377
1.79283
1.79235
1.79233
1.79277
1.79367
1.79504
1.79687
1.79917
1.80193
1.80517
1.80889
1.81308
1.81777
1.82295
1.82863
1.83482
1.84152
1.84875
1.85652
1.86483
1.8737
1.88315
1.89317
1.9038
1.91504
1.92691
4.60381
4.61944
4.63631
4.65454
4.67415
4.69517
4.71757
4.74142
4.76673
4.79351
4.82186
4.85182
4.88335
4.88972
4.858
4.82802
1.79622
1.79196
1.78819
1.78267
1.77734
1.77278
1.77301
1.77567
1.77536
1.77484
1.77476
1.77515
1.77599
1.77728
1.77904
1.78126
1.78394
1.78709
1.79072
1.79482
1.7994
1.80447
1.81003
1.8161
1.82268
1.82978
1.83741
1.84557
1.85429
1.86357
1.87343
1.88388
1.89494
1.90662
4.60972
4.6253
4.64217
4.66058
4.68023
4.7012
4.72364
4.74753
4.77285
4.79963
4.82802
4.858
4.88972
4.89723
4.86553
1.78449
1.77974
1.77548
1.77168
1.76836
1.76551
1.76311
1.76117
1.75969
1.75867
1.75809
1.75797
1.7583
1.75908
1.76031
1.762
1.76415
1.76675
1.76982
1.77336
1.77736
1.78185
1.78682
1.79227
1.79822
1.80468
1.81166
1.81915
1.82718
1.83575
1.84488
1.85458
1.86487
1.87575
1.88725
1.89939
4.63248
1.92563
1.93978
4.68731
4.70845
4.7309
4.75473
4.78015
4.80711
4.83546
4.86553
4.89723
4.90614
1.77398
1.76874
1.76398
1.75971
1.7559
1.75256
1.74968
1.74726
1.74529
1.74377
1.7427
1.74209
1.74192
1.74219
1.74292
1.74409
1.74572
1.7478
1.75033
1.75332
1.75677
1.76069
1.76508
1.76995
1.77531
1.78115
1.7875
1.79435
1.80172
1.80962
1.81805
1.82704
1.83659
1.84672
1.85744
1.86877
1.88072
1.89332
1.90658
4.67622
4.69593
4.71695
4.7393
4.76339
4.78888
4.8158
4.84431
4.8743
4.90614
1.76465
1.75892
1.75369
1.74893
1.74464
1.74081
1.73746
1.73455
1.7321
1.73011
1.72856
1.72745
1.7268
1.72658
1.72681
1.72748
1.7286
1.73016
1.73218
1.73464
1.73756
1.74093
1.74477
1.74907
1.75385
1.75911
1.76485
1.77109
1.77783
1.78508
1.79285
1.80116
1.81001
1.81942
1.8294
1.83996
1.85113
1.86291
1.87533
1.8884
1.90215
4.70563
4.72671
4.7493
4.77328
4.79877
4.82565
4.85422
4.88441
4.91617
1.75027
1.74454
1.7393
1.73453
1.73023
1.7264
1.72302
1.7201
1.71763
1.7156
1.71402
1.71289
1.71219
1.71193
1.71212
1.71274
1.71381
1.71531
1.71726
1.71966
1.72251
1.72581
1.72957
1.73379
1.73848
1.74365
1.74929
1.75543
1.76206
1.7692
1.77686
1.78504
1.79376
1.80304
1.81287
1.82329
1.8343
1.84592
1.85817
1.87107
1.88464
1.89889
4.73765
4.76041
4.78445
4.80995
4.83695
4.86567
4.89582
4.92773
1.73547
1.72992
1.72496
1.72058
1.71648
1.71263
1.70924
1.7063
1.70381
1.70176
1.70015
1.69898
1.69825
1.69795
1.69809
1.69867
1.69968
1.70114
1.70303
1.70537
1.70815
1.71138
1.71507
1.71921
1.72382
1.7289
1.73445
1.74049
1.74702
1.75406
1.7616
1.76967
1.77827
1.78741
1.79712
1.80739
1.81826
1.82973
1.84182
1.85455
1.86794
1.88201
1.89679
4.7727
4.79687
4.82245
4.84961
4.87823
4.90857
4.94054
1.72341
1.71769
1.71244
1.70767
1.70335
1.69949
1.69609
1.69313
1.69062
1.68854
1.68691
1.68571
1.68494
1.68461
1.68471
1.68524
1.68621
1.68762
1.68945
1.69173
1.69445
1.69762
1.70124
1.70531
1.70984
1.71483
1.7203
1.72625
1.73268
1.73962
1.74706
1.75501
1.7635
1.77252
1.7821
1.79224
1.80297
1.81429
1.82623
1.83881
1.85203
1.86593
1.88053
1.89585
4.81046
4.83624
4.86341
4.89222
4.9226
4.95469
1.7109
1.70517
1.69993
1.69515
1.69083
1.68696
1.68354
1.68057
1.67803
1.67594
1.67428
1.67305
1.67226
1.67189
1.67195
1.67245
1.67337
1.67472
1.67651
1.67874
1.6814
1.6845
1.68805
1.69205
1.69651
1.70143
1.70681
1.71268
1.71902
1.72586
1.7332
1.74105
1.74943
1.75833
1.76779
1.77781
1.78841
1.79959
1.81139
1.82381
1.83688
1.85062
1.86505
1.88019
1.89607
4.85138
4.87866
4.9075
4.93796
4.97017
1.69897
1.69325
1.688
1.68321
1.67889
1.67501
1.67158
1.66859
1.66604
1.66393
1.66225
1.66099
1.66017
1.65977
1.6598
1.66025
1.66113
1.66244
1.66418
1.66635
1.66896
1.67201
1.6755
1.67943
1.68382
1.68866
1.69397
1.69975
1.70601
1.71276
1.72001
1.72776
1.73603
1.74483
1.75417
1.76407
1.77454
1.7856
1.79726
1.80954
1.82247
1.83605
1.85031
1.86529
1.88145
4.86777
4.89523
4.92416
4.95475
4.98698
1.6876
1.68188
1.67663
1.67185
1.66752
1.66363
1.6602
1.65719
1.65463
1.65249
1.65079
1.64951
1.64866
1.64823
1.64822
1.64864
1.64948
1.65075
1.65245
1.65457
1.65713
1.66012
1.66355
1.66742
1.67174
1.67651
1.68175
1.68745
1.69363
1.7003
1.70745
1.71511
1.72328
1.73198
1.74122
1.75101
1.76136
1.76908
1.78383
1.79597
1.80875
1.82219
1.8363
1.85112
4.85973
4.88557
4.91316
4.94222
4.9729
5.00522
1.67678
1.67107
1.66582
1.66104
1.6567
1.65281
1.64936
1.64635
1.64377
1.64161
1.63989
1.63859
1.63771
1.63725
1.63722
1.6376
1.63841
1.63964
1.64129
1.64336
1.64587
1.64881
1.65218
1.656
1.66026
1.66497
1.67013
1.67576
1.68187
1.68845
1.69552
1.70309
1.71117
1.71977
1.72891
1.73859
1.74385
1.75965
1.77106
1.78308
1.79573
1.80903
1.823
4.85427
4.87884
4.90468
4.93248
4.96167
4.9924
5.02494
1.6665
1.66079
1.65555
1.65076
1.64642
1.64252
1.63906
1.63604
1.63345
1.63128
1.62953
1.62821
1.62731
1.62682
1.62676
1.62711
1.62788
1.62907
1.63069
1.63272
1.63518
1.63807
1.64139
1.64515
1.64935
1.654
1.6591
1.66466
1.67069
1.6772
1.68419
1.69168
1.69967
1.70818
1.71722
1.7268
1.73371
1.74765
1.75894
1.77084
1.78337
1.79653
1.81052
4.87474
4.89943
4.92557
4.95323
4.98256
5.01352
5.04619
1.65673
1.65103
1.64579
1.641
1.63665
1.63275
1.62929
1.62625
1.62365
1.62146
1.6197
1.61836
1.61744
1.61693
1.61684
1.61716
1.6179
1.61905
1.62063
1.62262
1.62504
1.62788
1.63115
1.63486
1.639
1.64359
1.64864
1.65413
1.6601
1.66653
1.67345
1.68086
1.68877
1.69719
1.70614
1.71562
1.72412
1.73627
1.74745
1.75924
1.77165
1.78469
4.87345
4.89664
4.92145
4.94765
4.97547
5.00494
5.03604
5.06874
1.64814
1.64178
1.63654
1.63175
1.6274
1.6235
1.62002
1.61698
1.61436
1.61216
1.61038
1.60903
1.60808
1.60755
1.60743
1.60773
1.60843
1.60956
1.61109
1.61305
1.61543
1.61823
1.62145
1.62511
1.6292
1.63374
1.63872
1.64416
1.65006
1.65642
1.66327
1.6706
1.67844
1.68678
1.69564
1.70504
1.71498
1.72549
1.73657
1.74825
1.76055
4.87477
4.89666
4.91999
4.94488
4.97117
4.99918
5.02883
5.05997
5.09291
1.8993
1.63329
1.62778
1.62299
1.61864
1.61473
1.61125
1.6082
1.60557
1.60336
1.60157
1.60019
1.59922
1.59867
1.59853
1.5988
1.59948
1.60057
1.60207
1.604
1.60575
1.60909
1.61227
1.61589
1.61993
1.62442
1.62934
1.63472
1.64056
1.64687
1.65365
1.66091
1.66867
1.67693
1.68571
1.6914
1.70488
1.7153
1.72629
1.73787
4.87888
4.89936
4.92145
4.94486
4.96984
4.99635
5.02444
5.05415
5.08549
5.11873
2.10784
1.86717
1.61961
1.61472
1.61037
1.60645
1.60297
1.5999
1.59727
1.59505
1.59324
1.59184
1.59086
1.59029
1.59012
1.59037
1.59102
1.59208
1.59264
1.59544
1.59435
1.60047
1.60361
1.60718
1.61118
1.61561
1.62049
1.62581
1.6316
1.63784
1.64456
1.65176
1.65945
1.66764
1.66923
1.68558
1.69535
1.70568
1.71658
1.72848
4.90491
4.92554
4.94769
4.97128
4.99633
5.02301
5.05132
5.08118
5.11271
5.14604
5.17485
2.15045
1.84096
1.60694
1.60256
1.59864
1.59515
1.59208
1.58944
1.5872
1.58538
1.58397
1.58297
1.58238
1.5822
1.58242
1.58203
1.58182
1.58199
1.58738
1.58348
1.5848
1.59544
1.59897
1.60292
1.60731
1.61214
1.61742
1.62315
1.62933
1.63599
1.64313
1.65075
1.65888
1.66228
1.67667
1.68637
1.69662
1.70743
4.91315
4.93254
4.95323
4.97553
4.9992
5.02444
5.05124
5.07972
5.10977
5.14152
5.17485
5.20561
2.53852
2.05709
1.8206
1.59522
1.59129
1.5878
1.58472
1.58207
1.57983
1.57799
1.57657
1.57556
1.57495
1.57384
1.57494
1.57555
1.57655
1.57186
1.5798
1.58204
1.58469
1.58775
1.59124
1.59516
1.59951
1.60429
1.60952
1.6152
1.62134
1.62794
1.63502
1.64067
1.6419
1.65921
1.6683
1.67792
1.6881
4.92415
4.94217
4.9617
4.98253
5.00491
5.02873
5.05419
5.08121
5.10979
5.13997
5.17193
5.20561
5.23786
5.204
2.49127
2.0703
1.80549
1.58441
1.5809
1.57782
1.57515
1.5729
1.57106
1.56962
1.56859
1.56797
1.56774
1.56341
1.56851
1.56949
1.56797
1.57268
1.57489
1.57751
1.58055
1.584
1.58788
1.59219
1.59693
1.60211
1.60775
1.61383
1.62039
1.62741
1.63174
1.64292
1.65143
1.66045
1.67
4.93796
4.95467
4.97291
4.99248
5.01344
5.03606
5.06004
5.08553
5.11264
5.14144
5.17185
5.204
5.23786
5.27193
5.23792
5.20554
2.46492
2.05854
1.79532
1.57448
1.57135
1.56868
1.56642
1.56457
1.56168
1.55932
1.56144
1.55578
1.55798
1.55823
1.56289
1.56023
1.56603
1.56821
1.5708
1.57154
1.57723
1.58107
1.58534
1.59004
1.59519
1.60077
1.60682
1.61332
1.62029
1.62775
1.63564
1.64415
1.65311
4.95467
4.97014
4.98688
5.0052
5.02504
5.04621
5.06885
5.09296
5.11866
5.14603
5.1749
5.20554
5.23792
5.27193
