Label: Sphere
Position: -3.08628, -0.140477, -0.981567
Orientation (Quaternion): 0.876337, -0.21786, -0.424861, -0.0637465
-4.49988, 1.86391, -2.01748
-4.49995, 1.86394, -1.92665
-4.49991, 1.86392, -1.8369
-4.49989, 1.86392, -1.74825
-4.49995, 1.86394, -1.66064
-4.49991, 1.86392, -1.57395
-4.49993, 1.86393, -1.48817
-4.49998, 1.86395, -1.40324
-4.5, 1.86396, -1.31907
-4.49999, 1.86396, -1.23563
-4.49988, 1.86391, -1.15283
-4.49984, 1.86389, -1.07069
-4.49995, 1.86394, -0.989151
-4.49997, 1.86395, -0.908122
-4.49991, 1.86392, -0.827559
-4.49997, 1.86395, -0.747458
-4.49984, 1.86389, -0.667718
-4.49996, 1.86394, -0.588365
-4.49994, 1.86394, -0.509301
-4.49997, 1.86395, -0.430504
-4.49996, 1.86394, -0.351928
-4.49991, 1.86392, -0.273531
-4.49997, 1.86395, -0.195281
-4.49984, 1.86389, -0.117125
-4.49994, 1.86394, -0.039036
-4.49994, 1.86394, 0.039036
-4.49984, 1.86389, 0.117125
-4.49997, 1.86395, 0.195281
-4.49991, 1.86392, 0.273531
-4.49996, 1.86394, 0.351928
-4.49997, 1.86395, 0.430504
-4.49994, 1.86394, 0.509301
-4.49996, 1.86394, 0.588365
-4.49984, 1.86389, 0.667718
-4.49997, 1.86395, 0.747458
-4.49991, 1.86392, 0.827559
-4.49997, 1.86395, 0.908122
-4.49995, 1.86394, 0.989151
-4.49984, 1.86389, 1.07069
-4.49988, 1.86391, 1.15283
-4.49999, 1.86396, 1.23563
-4.5, 1.86396, 1.31907
-4.49998, 1.86395, 1.40324
-4.49993, 1.86393, 1.48817
-4.49991, 1.86392, 1.57395
-4.49995, 1.86394, 1.66064
-4.49989, 1.86392, 1.74825
-4.49991, 1.86392, 1.8369
-4.49995, 1.86394, 1.92665
-4.49988, 1.86391, 2.01748
-4.4999, 1.77997, -2.00444
-4.49992, 1.77997, -1.91417
-4.4999, 1.77997, -1.82502
-4.49991, 1.77997, -1.73695
-4.49987, 1.77996, -1.64987
-4.49989, 1.77996, -1.56376
-4.49995, 1.77999, -1.47855
-4.49998, 1.78, -1.39416
-4.49988, 1.77996, -1.31051
-4.49994, 1.77998, -1.22762
-4.49995, 1.77999, -1.1454
-4.49988, 1.77996, -1.06377
-4.49993, 1.77998, -0.982747
-4.49997, 1.78, -0.902247
-4.49993, 1.77998, -0.82221
-4.49997, 1.78, -0.742623
-4.49991, 1.77997, -0.663409
-4.49988, 1.77996, -0.58455
-4.49995, 1.77999, -0.506007
-4.49994, 1.77998, -0.427717
-4.4999, 1.77997, -0.349647
-4.49993, 1.77998, -0.271763
-4.49983, 1.77994, -0.194012
-4.49992, 1.77998, -0.11637
-4.49991, 1.77997, -0.0387832
-4.49991, 1.77997, 0.0387832
-4.49992, 1.77998, 0.11637
-4.49983, 1.77994, 0.194012
-4.49993, 1.77998, 0.271763
-4.4999, 1.77997, 0.349647
-4.49994, 1.77998, 0.427717
-4.49995, 1.77999, 0.506007
-4.49988, 1.77996, 0.58455
-4.49991, 1.77997, 0.663409
-4.49997, 1.78, 0.742623
-4.49993, 1.77998, 0.82221
-4.49997, 1.78, 0.902247
-4.49993, 1.77998, 0.982747
-4.49988, 1.77996, 1.06377
-4.49995, 1.77999, 1.1454
-4.49994, 1.77998, 1.22762
-4.49988, 1.77996, 1.31051
-4.49998, 1.78, 1.39416
-4.49995, 1.77999, 1.47855
-4.49989, 1.77996, 1.56376
-4.49987, 1.77996, 1.64987
-4.49991, 1.77997, 1.73695
-4.4999, 1.77997, 1.82502
-4.49992, 1.77997, 1.91417
-4.4999, 1.77997, 2.00444
-4.49997, 1.6971, -1.9921
-4.49996, 1.6971, -1.90237
-4.49993, 1.69709, -1.81377
-4.49998, 1.6971, -1.72625
-4.49998, 1.6971, -1.63973
-4.49993, 1.69709, -1.55412
-4.49988, 1.69707, -1.4694
-4.49992, 1.69708, -1.38554
-4.49991, 1.69708, -1.30243
-4.49998, 1.6971, -1.22005
-4.49991, 1.69708, -1.13831
-4.49993, 1.69709, -1.05722
-4.49991, 1.69708, -0.976678
-4.49999, 1.69711, -0.896681
-4.49995, 1.69709, -0.817139
-4.49998, 1.6971, -0.73804
-4.49996, 1.6971, -0.659321
-4.49989, 1.69707, -0.580943
-4.49995, 1.69709, -0.502883
-4.49981, 1.69704, -0.425065
-4.49998, 1.6971, -0.347495
-4.49987, 1.69706, -0.270081
-4.49989, 1.69707, -0.192817
-4.49989, 1.69707, -0.115651
-4.49999, 1.69711, -0.0385444
-4.49999, 1.69711, 0.0385444
-4.49989, 1.69707, 0.115651
-4.49989, 1.69707, 0.192817
-4.49987, 1.69706, 0.270081
-4.49998, 1.6971, 0.347495
-4.49981, 1.69704, 0.425065
-4.49995, 1.69709, 0.502883
-4.49989, 1.69707, 0.580943
-4.49996, 1.6971, 0.659321
-4.49998, 1.6971, 0.73804
-4.49995, 1.69709, 0.817139
-4.49999, 1.69711, 0.896681
-4.49991, 1.69708, 0.976678
-4.49993, 1.69709, 1.05722
-4.49991, 1.69708, 1.13831
-4.49998, 1.6971, 1.22005
-4.49991, 1.69708, 1.30243
-4.49992, 1.69708, 1.38554
-4.49988, 1.69707, 1.4694
-4.49993, 1.69709, 1.55412
-4.49998, 1.6971, 1.63973
-4.49998, 1.6971, 1.72625
-4.49993, 1.69709, 1.81377
-4.49996, 1.6971, 1.90237
-4.49997, 1.6971, 1.9921
-4.49985, 1.61516, -1.98033
-4.49997, 1.6152, -1.89119
-4.49996, 1.6152, -1.80311
-4.49997, 1.6152, -1.7161
-4.4999, 1.61518, -1.63005
-4.49991, 1.61518, -1.54498
-4.49992, 1.61518, -1.46077
-4.49997, 1.6152, -1.3774
-4.49991, 1.61518, -1.29477
-4.49999, 1.61521, -1.21288
-4.49995, 1.6152, -1.13163
-4.49994, 1.61519, -1.051
-4.49994, 1.61519, -0.97094
-4.49983, 1.61515, -0.891377
-4.49998, 1.61521, -0.812338
-4.49992, 1.61518, -0.73369
-4.49998, 1.61521, -0.655447
-4.49994, 1.61519, -0.577532
-4.49986, 1.61516, -0.499916
-4.49989, 1.61517, -0.422572
-4.49994, 1.61519, -0.345447
-4.49991, 1.61518, -0.268495
-4.49992, 1.61519, -0.191684
-4.49993, 1.61519, -0.114971
-4.49995, 1.61519, -0.0383174
-4.49995, 1.61519, 0.0383174
-4.49993, 1.61519, 0.114971
-4.49992, 1.61519, 0.191684
-4.49991, 1.61518, 0.268495
-4.49994, 1.61519, 0.345447
-4.49989, 1.61517, 0.422572
-4.49986, 1.61516, 0.499916
-4.49994, 1.61519, 0.577532
-4.49998, 1.61521, 0.655447
-4.49992, 1.61518, 0.73369
-4.49998, 1.61521, 0.812338
-4.49983, 1.61515, 0.891377
-4.49994, 1.61519, 0.97094
-4.49994, 1.61519, 1.051
-4.49995, 1.6152, 1.13163
-4.49999, 1.61521, 1.21288
-4.49991, 1.61518, 1.29477
-4.49997, 1.6152, 1.3774
-4.49992, 1.61518, 1.46077
-4.49991, 1.61518, 1.54498
-4.4999, 1.61518, 1.63005
-4.49997, 1.6152, 1.7161
-4.49996, 1.6152, 1.80311
-4.49997, 1.6152, 1.89119
-4.49985, 1.61516, 1.98033
-4.49997, 1.53424, -1.96931
-4.49993, 1.53423, -1.88059
-4.49995, 1.53423, -1.79302
-4.49998, 1.53424, -1.7065
-4.49993, 1.53423, -1.62095
-4.49991, 1.53422, -1.53633
-4.49996, 1.53424, -1.45261
-4.49996, 1.53424, -1.3697
-4.49993, 1.53423, -1.28753
-4.49995, 1.53423, -1.20609
-4.49998, 1.53424, -1.12531
-4.49989, 1.53421, -1.04511
-4.4999, 1.53422, -0.9655
-4.49995, 1.53423, -0.886415
-4.49991, 1.53422, -0.807781
-4.49993, 1.53423, -0.729588
-4.49994, 1.53423, -0.651776
-4.49993, 1.53423, -0.574301
-4.49995, 1.53423, -0.497129
-4.49992, 1.53422, -0.420211
-4.49995, 1.53423, -0.343517
-4.49992, 1.53422, -0.266994
-4.49991, 1.53422, -0.190612
-4.4999, 1.53422, -0.114328
-4.49994, 1.53423, -0.038103
-4.49994, 1.53423, 0.038103
-4.4999, 1.53422, 0.114328
-4.49991, 1.53422, 0.190612
-4.49992, 1.53422, 0.266994
-4.49995, 1.53423, 0.343517
-4.49992, 1.53422, 0.420211
-4.49995, 1.53423, 0.497129
-4.49993, 1.53423, 0.574301
-4.49994, 1.53423, 0.651776
-4.49993, 1.53423, 0.729588
-4.49991, 1.53422, 0.807781
-4.49995, 1.53423, 0.886415
-4.4999, 1.53422, 0.9655
-4.49989, 1.53421, 1.04511
-4.49998, 1.53424, 1.12531
-4.49995, 1.53423, 1.20609
-4.49993, 1.53423, 1.28753
-4.49996, 1.53424, 1.3697
-4.49996, 1.53424, 1.45261
-4.49991, 1.53422, 1.53633
-4.49993, 1.53423, 1.62095
-4.49998, 1.53424, 1.7065
-4.49995, 1.53423, 1.79302
-4.49993, 1.53423, 1.88059
-4.49997, 1.53424, 1.96931
-4.49997, 1.45416, -1.95885
-4.49985, 1.45412, -1.87058
-4.4999, 1.45414, -1.78348
-4.49992, 1.45414, -1.69742
-4.49993, 1.45414, -1.61234
-4.49993, 1.45415, -1.52819
-4.49993, 1.45415, -1.44489
-4.49998, 1.45416, -1.36243
-4.49989, 1.45413, -1.28068
-4.49996, 1.45416, -1.19969
-4.49989, 1.45413, -1.11931
-4.49995, 1.45415, -1.03958
-4.49997, 1.45416, -0.960391
-4.49988, 1.45413, -0.881697
-4.4999, 1.45414, -0.803493
-4.49995, 1.45415, -0.725718
-4.49997, 1.45416, -0.64832
-4.49994, 1.45415, -0.571254
-4.49993, 1.45415, -0.494489
-4.49997, 1.45416, -0.417985
-4.49995, 1.45415, -0.341693
-4.49998, 1.45416, -0.26558
-4.49991, 1.45414, -0.1896
-4.4998, 1.4541, -0.113718
-4.49994, 1.45415, -0.0379008
-4.49994, 1.45415, 0.0379008
-4.4998, 1.4541, 0.113718
-4.49991, 1.45414, 0.1896
-4.49998, 1.45416, 0.26558
-4.49995, 1.45415, 0.341693
-4.49997, 1.45416, 0.417985
-4.49993, 1.45415, 0.494489
-4.49994, 1.45415, 0.571254
-4.49997, 1.45416, 0.64832
-4.49995, 1.45415, 0.725718
-4.4999, 1.45414, 0.803493
-4.49988, 1.45413, 0.881697
-4.49997, 1.45416, 0.960391
-4.49995, 1.45415, 1.03958
-4.49989, 1.45413, 1.11931
-4.49996, 1.45416, 1.19969
-4.49989, 1.45413, 1.28068
-4.49998, 1.45416, 1.36243
-4.49993, 1.45415, 1.44489
-4.49993, 1.45415, 1.52819
-4.49993, 1.45414, 1.61234
-4.49992, 1.45414, 1.69742
-4.4999, 1.45414, 1.78348
-4.49985, 1.45412, 1.87058
-4.49997, 1.45416, 1.95885
-4.49989, 1.37488, -1.94897
-4.49988, 1.37488, -1.86119
-4.49997, 1.3749, -1.77455
-4.49991, 1.37488, -1.68889
-4.49986, 1.37487, -1.60422
-4.49995, 1.3749, -1.52051
-4.49992, 1.37489, -1.43763
-4.49993, 1.37489, -1.35557
-4.49992, 1.37489, -1.27426
-4.49987, 1.37487, -1.19364
-4.49994, 1.37489, -1.1137
-4.49996, 1.3749, -1.03436
-4.49995, 1.3749, -0.955559
-4.49999, 1.37491, -0.877287
-4.49998, 1.3749, -0.799468
-4.49998, 1.37491, -0.722076
-4.49992, 1.37489, -0.645055
-4.49994, 1.37489, -0.568383
-4.49992, 1.37489, -0.492002
-4.49985, 1.37487, -0.415874
-4.49995, 1.3749, -0.339976
-4.49997, 1.3749, -0.264245
-4.49993, 1.37489, -0.188648
-4.49994, 1.37489, -0.11315
-4.49999, 1.37491, -0.0377107
-4.49999, 1.37491, 0.0377107
-4.49994, 1.37489, 0.11315
-4.49993, 1.37489, 0.188648
-4.49997, 1.3749, 0.264245
-4.49995, 1.3749, 0.339976
-4.49985, 1.37487, 0.415874
-4.49992, 1.37489, 0.492002
-4.49994, 1.37489, 0.568383
-4.49992, 1.37489, 0.645055
-4.49998, 1.37491, 0.722076
-4.49998, 1.3749, 0.799468
-4.49999, 1.37491, 0.877287
-4.49995, 1.3749, 0.955559
-4.49996, 1.3749, 1.03436
-4.49994, 1.37489, 1.1137
-4.49987, 1.37487, 1.19364
-4.49992, 1.37489, 1.27426
-4.49993, 1.37489, 1.35557
-4.49992, 1.37489, 1.43763
-4.49995, 1.3749, 1.52051
-4.49986, 1.37487, 1.60422
-4.49991, 1.37488, 1.68889
-4.49997, 1.3749, 1.77455
-4.49988, 1.37488, 1.86119
-4.49989, 1.37488, 1.94897
-4.49988, 1.29639, -1.93972
-4.49996, 1.29642, -1.85239
-4.49995, 1.29641, -1.76612
-4.49993, 1.29641, -1.68088
-4.49993, 1.29641, -1.59663
-4.49999, 1.29642, -1.51331
-4.49991, 1.2964, -1.43081
-4.49996, 1.29642, -1.34914
-4.49987, 1.29639, -1.26819
-4.49996, 1.29642, -1.18799
-4.4999, 1.2964, -1.1084
-4.49992, 1.29641, -1.02944
-4.49995, 1.29641, -0.951024
-4.49999, 1.29642, -0.873122
-4.49996, 1.29642, -0.795671
-4.49999, 1.29642, -0.71865
-4.49995, 1.29641, -0.641997
-4.49994, 1.29641, -0.565685
-4.49999, 1.29642, -0.489675
-4.4998, 1.29637, -0.413896
-4.49998, 1.29642, -0.338364
-4.49995, 1.29641, -0.26299
-4.49986, 1.29639, -0.18775
-4.49996, 1.29642, -0.112614
-4.49991, 1.2964, -0.0375311
-4.49991, 1.2964, 0.0375311
-4.49996, 1.29642, 0.112614
-4.49986, 1.29639, 0.18775
-4.49995, 1.29641, 0.26299
-4.49998, 1.29642, 0.338364
-4.4998, 1.29637, 0.413896
-4.49999, 1.29642, 0.489675
-4.49994, 1.29641, 0.565685
-4.49995, 1.29641, 0.641997
-4.49999, 1.29642, 0.71865
-4.49996, 1.29642, 0.795671
-4.49999, 1.29642, 0.873122
-4.49995, 1.29641, 0.951024
-4.49992, 1.29641, 1.02944
-4.4999, 1.2964, 1.1084
-4.49996, 1.29642, 1.18799
-4.49987, 1.29639, 1.26819
-4.49996, 1.29642, 1.34914
-4.49991, 1.2964, 1.43081
-4.49999, 1.29642, 1.51331
-4.49993, 1.29641, 1.59663
-4.49993, 1.29641, 1.68088
-4.49995, 1.29641, 1.76612
-4.49996, 1.29642, 1.85239
-4.49988, 1.29639, 1.93972
-4.49998, 1.21866, -1.93109
-4.49995, 1.21865, -1.8441
-4.49994, 1.21865, -1.75822
-4.49991, 1.21864, -1.67336
-4.49996, 1.21865, -1.5895
-4.49996, 1.21866, -1.50654
-4.4999, 1.21864, -1.42441
-4.49994, 1.21865, -1.34311
-4.49994, 1.21865, -1.26255
-4.49993, 1.21865, -1.18268
-4.49997, 1.21866, -1.10347
-4.49995, 1.21865, -1.02484
-4.4999, 1.21864, -0.946763
-4.49984, 1.21862, -0.869191
-4.49994, 1.21865, -0.792112
-4.49998, 1.21866, -0.715437
-4.49984, 1.21862, -0.639112
-4.49988, 1.21863, -0.56315
-4.49991, 1.21864, -0.487479
-4.49992, 1.21864, -0.412057
-4.4999, 1.21864, -0.336847
-4.49993, 1.21865, -0.261814
-4.49994, 1.21865, -0.186914
-4.49991, 1.21864, -0.112109
-4.49987, 1.21863, -0.037363
-4.49987, 1.21863, 0.037363
-4.49991, 1.21864, 0.112109
-4.49994, 1.21865, 0.186914
-4.49993, 1.21865, 0.261814
-4.4999, 1.21864, 0.336847
-4.49992, 1.21864, 0.412057
-4.49991, 1.21864, 0.487479
-4.49988, 1.21863, 0.56315
-4.49984, 1.21862, 0.639112
-4.49998, 1.21866, 0.715437
-4.49994, 1.21865, 0.792112
-4.49984, 1.21862, 0.869191
-4.4999, 1.21864, 0.946763
-4.49995, 1.21865, 1.02484
-4.49997, 1.21866, 1.10347
-4.49993, 1.21865, 1.18268
-4.49994, 1.21865, 1.26255
-4.49994, 1.21865, 1.34311
-4.4999, 1.21864, 1.42441
-4.49996, 1.21866, 1.50654
-4.49996, 1.21865, 1.5895
-4.49991, 1.21864, 1.67336
-4.49994, 1.21865, 1.75822
-4.49995, 1.21865, 1.8441
-4.49998, 1.21866, 1.93109
-4.4999, 1.14155, -1.92296
-4.49987, 1.14154, -1.83634
-4.49994, 1.14156, -1.75085
-4.49994, 1.14156, -1.66635
-4.49974, 1.14151, -1.58276
-4.49992, 1.14155, -1.5002
-4.49988, 1.14154, -1.41843
-4.49997, 1.14157, -1.33748
-4.49996, 1.14157, -1.25726
-4.4999, 1.14155, -1.17771
-4.49996, 1.14157, -1.09884
-4.49995, 1.14156, -1.02054
-4.49995, 1.14156, -0.942803
-4.49996, 1.14157, -0.86557
-4.49995, 1.14156, -0.788791
-4.49994, 1.14156, -0.71243
-4.49993, 1.14156, -0.636444
-4.49994, 1.14156, -0.560795
-4.49998, 1.14157, -0.48544
-4.49998, 1.14157, -0.410334
-4.49999, 1.14157, -0.33544
-4.49986, 1.14154, -0.260711
-4.49995, 1.14156, -0.18613
-4.49995, 1.14156, -0.11164
-4.49998, 1.14157, -0.0372072
-4.49998, 1.14157, 0.0372072
-4.49995, 1.14156, 0.11164
-4.49995, 1.14156, 0.18613
-4.49986, 1.14154, 0.260711
-4.49999, 1.14157, 0.33544
-4.49998, 1.14157, 0.410334
-4.49998, 1.14157, 0.48544
-4.49994, 1.14156, 0.560795
-4.49993, 1.14156, 0.636444
-4.49994, 1.14156, 0.71243
-4.49995, 1.14156, 0.788791
-4.49996, 1.14157, 0.86557
-4.49995, 1.14156, 0.942803
-4.49995, 1.14156, 1.02054
-4.49996, 1.14157, 1.09884
-4.4999, 1.14155, 1.17771
-4.49996, 1.14157, 1.25726
-4.49997, 1.14157, 1.33748
-4.49988, 1.14154, 1.41843
-4.49992, 1.14155, 1.5002
-4.49974, 1.14151, 1.58276
-4.49994, 1.14156, 1.66635
-4.49994, 1.14156, 1.75085
-4.49987, 1.14154, 1.83634
-4.4999, 1.14155, 1.92296
-4.49989, 1.06508, -1.91542
-4.49994, 1.0651, -1.82917
-4.49996, 1.0651, -1.74399
-4.49997, 1.0651, -1.65983
-4.49986, 1.06508, -1.57659
-4.49995, 1.0651, -1.49433
-4.49997, 1.0651, -1.41289
-4.49993, 1.06509, -1.33223
-4.49996, 1.0651, -1.25233
-4.49994, 1.0651, -1.1731
-4.49994, 1.0651, -1.09452
-4.49997, 1.0651, -1.01655
-4.49993, 1.06509, -0.939102
-4.49997, 1.0651, -0.862176
-4.49999, 1.06511, -0.785704
-4.49995, 1.0651, -0.709637
-4.4999, 1.06508, -0.633944
-4.4999, 1.06508, -0.55859
-4.49998, 1.0651, -0.483537
-4.49995, 1.0651, -0.408722
-4.49997, 1.0651, -0.334123
-4.49998, 1.0651, -0.259696
-4.49994, 1.0651, -0.1854
-4.49995, 1.0651, -0.111202
-4.49985, 1.06507, -0.0370602
-4.49985, 1.06507, 0.0370602
-4.49995, 1.0651, 0.111202
-4.49994, 1.0651, 0.1854
-4.49998, 1.0651, 0.259696
-4.49997, 1.0651, 0.334123
-4.49995, 1.0651, 0.408722
-4.49998, 1.0651, 0.483537
-4.4999, 1.06508, 0.55859
-4.4999, 1.06508, 0.633944
-4.49995, 1.0651, 0.709637
-4.49999, 1.06511, 0.785704
-4.49997, 1.0651, 0.862176
-4.49993, 1.06509, 0.939102
-4.49997, 1.0651, 1.01655
-4.49994, 1.0651, 1.09452
-4.49994, 1.0651, 1.1731
-4.49996, 1.0651, 1.25233
-4.49993, 1.06509, 1.33223
-4.49997, 1.0651, 1.41289
-4.49995, 1.0651, 1.49433
-4.49986, 1.06508, 1.57659
-4.49997, 1.0651, 1.65983
-4.49996, 1.0651, 1.74399
-4.49994, 1.0651, 1.82917
-4.49989, 1.06508, 1.91542
-4.49993, 0.989205, -1.90844
-4.49995, 0.98921, -1.82249
-4.49995, 0.989209, -1.73761
-4.49997, 0.989215, -1.65377
-4.4999, 0.9892, -1.57085
-4.49987, 0.989192, -1.48884
-4.49998, 0.989216, -1.40773
-4.49992, 0.989203, -1.32736
-4.49987, 0.989193, -1.24773
-4.49996, 0.989212, -1.16882
-4.49995, 0.989211, -1.09053
-4.49983, 0.989183, -1.0128
-4.49993, 0.989207, -0.935673
-4.49998, 0.989217, -0.859029
-4.49992, 0.989203, -0.782822
-4.49991, 0.989201, -0.707039
-4.49998, 0.989217, -0.63164
-4.49993, 0.989205, -0.556554
-4.49984, 0.989186, -0.481756
-4.49984, 0.989185, -0.407219
-4.49998, 0.989217, -0.332904
-4.49996, 0.989213, -0.258747
-4.49995, 0.98921, -0.184723
-4.49994, 0.989208, -0.110796
-4.49988, 0.989195, -0.0369251
-4.49988, 0.989195, 0.0369251
-4.49994, 0.989208, 0.110796
-4.49995, 0.98921, 0.184723
-4.49996, 0.989213, 0.258747
-4.49998, 0.989217, 0.332904
-4.49984, 0.989185, 0.407219
-4.49984, 0.989186, 0.481756
-4.49993, 0.989205, 0.556554
-4.49998, 0.989217, 0.63164
-4.49991, 0.989201, 0.707039
-4.49992, 0.989203, 0.782822
-4.49998, 0.989217, 0.859029
-4.49993, 0.989207, 0.935673
-4.49983, 0.989183, 1.0128
-4.49995, 0.989211, 1.09053
-4.49996, 0.989212, 1.16882
-4.49987, 0.989193, 1.24773
-4.49992, 0.989203, 1.32736
-4.49998, 0.989216, 1.40773
-4.49987, 0.989192, 1.48884
-4.4999, 0.9892, 1.57085
-4.49997, 0.989215, 1.65377
-4.49995, 0.989209, 1.73761
-4.49995, 0.98921, 1.82249
-4.49993, 0.989205, 1.90844
-4.49998, 0.913863, -1.902
-4.49993, 0.913852, -1.81631
-4.49994, 0.913855, -1.73173
-4.49997, 0.91386, -1.64817
-4.49998, 0.913862, -1.56556
-4.49989, 0.913843, -1.48381
-4.49996, 0.913859, -1.40297
-4.49996, 0.913858, -1.32288
-4.49989, 0.913844, -1.24351
-4.49985, 0.913836, -1.16484
-4.49988, 0.913841, -1.08682
-4.49998, 0.913863, -1.00941
-4.49996, 0.913858, -0.932512
-4.4999, 0.913846, -0.856108
-4.49998, 0.913862, -0.780184
-4.49993, 0.913853, -0.704651
-4.49994, 0.913855, -0.629498
-4.4999, 0.913846, -0.554668
-4.49987, 0.91384, -0.48013
-4.49983, 0.913832, -0.405841
-4.49998, 0.913862, -0.331777
-4.49995, 0.913856, -0.25787
-4.49981, 0.913828, -0.184093
-4.49994, 0.913854, -0.110421
-4.49994, 0.913854, -0.0368007
-4.49994, 0.913854, 0.0368007
-4.49994, 0.913854, 0.110421
-4.49981, 0.913828, 0.184093
-4.49995, 0.913856, 0.25787
-4.49998, 0.913862, 0.331777
-4.49983, 0.913832, 0.405841
-4.49987, 0.91384, 0.48013
-4.4999, 0.913846, 0.554668
-4.49994, 0.913855, 0.629498
-4.49993, 0.913853, 0.704651
-4.49998, 0.913862, 0.780184
-4.4999, 0.913846, 0.856108
-4.49996, 0.913858, 0.932512
-4.49998, 0.913863, 1.00941
-4.49988, 0.913841, 1.08682
-4.49985, 0.913836, 1.16484
-4.49989, 0.913844, 1.24351
-4.49996, 0.913858, 1.32288
-4.49996, 0.913859, 1.40297
-4.49989, 0.913843, 1.48381
-4.49998, 0.913862, 1.56556
-4.49997, 0.91386, 1.64817
-4.49994, 0.913855, 1.73173
-4.49993, 0.913852, 1.81631
-4.49998, 0.913863, 1.902
-4.49999, 0.838998, -1.89608
-4.49996, 0.838992, -1.81066
-4.49996, 0.838993, -1.72634
-4.49993, 0.838987, -1.64302
-4.49996, 0.838993, -1.56068
-4.49985, 0.838973, -1.47918
-4.49996, 0.838993, -1.39859
-4.49997, 0.838994, -1.31876
-4.49989, 0.83898, -1.23964
-4.49989, 0.83898, -1.16122
-4.49991, 0.838983, -1.08344
-4.49996, 0.838994, -1.00626
-4.49996, 0.838992, -0.929605
-4.49993, 0.838988, -0.853446
-4.49998, 0.838997, -0.777753
-4.49992, 0.838985, -0.702452
-4.49992, 0.838985, -0.627533
-4.4999, 0.838982, -0.552939
-4.49992, 0.838985, -0.478638
-4.49984, 0.83897, -0.404577
-4.49992, 0.838986, -0.330739
-4.49988, 0.838979, -0.257063
-4.49995, 0.838991, -0.183525
-4.49984, 0.838971, -0.110074
-4.49999, 0.838998, -0.0366863
-4.49999, 0.838998, 0.0366863
-4.49984, 0.838971, 0.110074
-4.49995, 0.838991, 0.183525
-4.49988, 0.838979, 0.257063
-4.49992, 0.838986, 0.330739
-4.49984, 0.83897, 0.404577
-4.49992, 0.838985, 0.478638
-4.4999, 0.838982, 0.552939
-4.49992, 0.838985, 0.627533
-4.49992, 0.838985, 0.702452
-4.49998, 0.838997, 0.777753
-4.49993, 0.838988, 0.853446
-4.49996, 0.838992, 0.929605
-4.49996, 0.838994, 1.00626
-4.49991, 0.838983, 1.08344
-4.49989, 0.83898, 1.16122
-4.49989, 0.83898, 1.23964
-4.49997, 0.838994, 1.31876
-4.49996, 0.838993, 1.39859
-4.49985, 0.838973, 1.47918
-4.49996, 0.838993, 1.56068
-4.49993, 0.838987, 1.64302
-4.49996, 0.838993, 1.72634
-4.49996, 0.838992, 1.81066
-4.49999, 0.838998, 1.89608
-4.49997, 0.764576, -1.89066
-4.49996, 0.764574, -1.8055
-4.49993, 0.764568, -1.72141
-4.49999, 0.764579, -1.63836
-4.49995, 0.764573, -1.55622
-4.49998, 0.764577, -1.475
-4.49991, 0.764566, -1.39459
-4.49993, 0.764569, -1.31499
-4.49991, 0.764565, -1.23611
-4.49993, 0.764569, -1.15792
-4.49996, 0.764575, -1.08036
-4.49993, 0.764569, -1.00338
-4.49996, 0.764574, -0.926955
-4.49987, 0.764559, -0.851
-4.49983, 0.764552, -0.775509
-4.4999, 0.764564, -0.700447
-4.49994, 0.764571, -0.625746
-4.49993, 0.764569, -0.551366
-4.49996, 0.764573, -0.477277
-4.4999, 0.764564, -0.403428
-4.49986, 0.764557, -0.329791
-4.49982, 0.76455, -0.256326
-4.49989, 0.764562, -0.182999
-4.49996, 0.764573, -0.109763
-4.49994, 0.76457, -0.0365813
-4.49994, 0.76457, 0.0365813
-4.49996, 0.764573, 0.109763
-4.49989, 0.764562, 0.182999
-4.49982, 0.76455, 0.256326
-4.49986, 0.764557, 0.329791
-4.4999, 0.764564, 0.403428
-4.49996, 0.764573, 0.477277
-4.49993, 0.764569, 0.551366
-4.49994, 0.764571, 0.625746
-4.4999, 0.764564, 0.700447
-4.49983, 0.764552, 0.775509
-4.49987, 0.764559, 0.851
-4.49996, 0.764574, 0.926955
-4.49993, 0.764569, 1.00338
-4.49996, 0.764575, 1.08036
-4.49993, 0.764569, 1.15792
-4.49991, 0.764565, 1.23611
-4.49993, 0.764569, 1.31499
-4.49991, 0.764566, 1.39459
-4.49998, 0.764577, 1.475
-4.49995, 0.764573, 1.55622
-4.49999, 0.764579, 1.63836
-4.49993, 0.764568, 1.72141
-4.49996, 0.764574, 1.8055
-4.49997, 0.764576, 1.89066
-4.49996, 0.690558, -1.88576
-4.49992, 0.690553, -1.80081
-4.49999, 0.690564, -1.71697
-4.49989, 0.690548, -1.63408
-4.49994, 0.690556, -1.55219
-4.49996, 0.69056, -1.47118
-4.49997, 0.690561, -1.391
-4.49981, 0.690536, -1.31155
-4.49991, 0.690552, -1.23291
-4.49993, 0.690554, -1.15492
-4.49994, 0.690556, -1.07756
-4.49989, 0.690548, -1.00078
-4.49995, 0.690557, -0.924553
-4.49997, 0.690561, -0.848816
-4.49997, 0.69056, -0.773525
-4.49997, 0.69056, -0.698644
-4.49992, 0.690554, -0.624124
-4.49997, 0.690561, -0.549944
-4.49988, 0.690547, -0.476034
-4.49993, 0.690554, -0.402387
-4.49996, 0.690559, -0.328945
-4.49991, 0.690552, -0.255668
-4.49989, 0.690548, -0.182525
-4.49991, 0.690552, -0.109478
-4.49999, 0.690563, -0.036487
-4.49999, 0.690563, 0.036487
-4.49991, 0.690552, 0.109478
-4.49989, 0.690548, 0.182525
-4.49991, 0.690552, 0.255668
-4.49996, 0.690559, 0.328945
-4.49993, 0.690554, 0.402387
-4.49988, 0.690547, 0.476034
-4.49997, 0.690561, 0.549944
-4.49992, 0.690554, 0.624124
-4.49997, 0.69056, 0.698644
-4.49997, 0.69056, 0.773525
-4.49997, 0.690561, 0.848816
-4.49995, 0.690557, 0.924553
-4.49989, 0.690548, 1.00078
-4.49994, 0.690556, 1.07756
-4.49993, 0.690554, 1.15492
-4.49991, 0.690552, 1.23291
-4.49981, 0.690536, 1.31155
-4.49997, 0.690561, 1.391
-4.49996, 0.69056, 1.47118
-4.49994, 0.690556, 1.55219
-4.49989, 0.690548, 1.63408
-4.49999, 0.690564, 1.71697
-4.49992, 0.690553, 1.80081
-4.49996, 0.690558, 1.88576
-4.49986, 0.616895, -1.88134
-4.4999, 0.616899, -1.79662
-4.49986, 0.616894, -1.71293
-4.49985, 0.616892, -1.63026
-4.49994, 0.616905, -1.54858
-4.49993, 0.616903, -1.46775
-4.49994, 0.616904, -1.38775
-4.49989, 0.616898, -1.30852
-4.49993, 0.616904, -1.23005
-4.49989, 0.616898, -1.15222
-4.4999, 0.6169, -1.07505
-4.49988, 0.616896, -0.998446
-4.49995, 0.616906, -0.922403
-4.49999, 0.616912, -0.846846
-4.49995, 0.616906, -0.771723
-4.49995, 0.616906, -0.697016
-4.4999, 0.616899, -0.622669
-4.49994, 0.616906, -0.548662
-4.49989, 0.616898, -0.474928
-4.4999, 0.616899, -0.401448
-4.49995, 0.616907, -0.32818
-4.49983, 0.61689, -0.255069
-4.49994, 0.616905, -0.182103
-4.49994, 0.616905, -0.109224
-4.49996, 0.616907, -0.0364019
-4.49996, 0.616907, 0.0364019
-4.49994, 0.616905, 0.109224
-4.49994, 0.616905, 0.182103
-4.49983, 0.61689, 0.255069
-4.49995, 0.616907, 0.32818
-4.4999, 0.616899, 0.401448
-4.49989, 0.616898, 0.474928
-4.49994, 0.616906, 0.548662
-4.4999, 0.616899, 0.622669
-4.49995, 0.616906, 0.697016
-4.49995, 0.616906, 0.771723
-4.49999, 0.616912, 0.846846
-4.49995, 0.616906, 0.922403
-4.49988, 0.616896, 0.998446
-4.4999, 0.6169, 1.07505
-4.49989, 0.616898, 1.15222
-4.49993, 0.616904, 1.23005
-4.49989, 0.616898, 1.30852
-4.49994, 0.616904, 1.38775
-4.49993, 0.616903, 1.46775
-4.49994, 0.616905, 1.54858
-4.49985, 0.616892, 1.63026
-4.49986, 0.616894, 1.71293
-4.4999, 0.616899, 1.79662
-4.49986, 0.616895, 1.88134
-4.49997, 0.54358, -1.8775
-4.49987, 0.543568, -1.7929
-4.49997, 0.54358, -1.70944
-4.49995, 0.543578, -1.62694
-4.49996, 0.543579, -1.54539
-4.4999, 0.543572, -1.46471
-4.49975, 0.543554, -1.38483
-4.49989, 0.543571, -1.30582
-4.49994, 0.543577, -1.22751
-4.49993, 0.543576, -1.14986
-4.49996, 0.543579, -1.07284
-4.49999, 0.543583, -0.99641
-4.49998, 0.543581, -0.920505
-4.49995, 0.543579, -0.845091
-4.49998, 0.543582, -0.770136
-4.49993, 0.543575, -0.695574
-4.49991, 0.543573, -0.621385
-4.49987, 0.543568, -0.54752
-4.49997, 0.543581, -0.473956
-4.49995, 0.543578, -0.400624
-4.4999, 0.543572, -0.327498
-4.49992, 0.543575, -0.254547
-4.49984, 0.543565, -0.181723
-4.49993, 0.543576, -0.108998
-4.49995, 0.543578, -0.0363267
-4.49995, 0.543578, 0.0363267
-4.49993, 0.543576, 0.108998
-4.49984, 0.543565, 0.181723
-4.49992, 0.543575, 0.254547
-4.4999, 0.543572, 0.327498
-4.49995, 0.543578, 0.400624
-4.49997, 0.543581, 0.473956
-4.49987, 0.543568, 0.54752
-4.49991, 0.543573, 0.621385
-4.49993, 0.543575, 0.695574
-4.49998, 0.543582, 0.770136
-4.49995, 0.543579, 0.845091
-4.49998, 0.543581, 0.920505
-4.49999, 0.543583, 0.99641
-4.49996, 0.543579, 1.07284
-4.49993, 0.543576, 1.14986
-4.49994, 0.543577, 1.22751
-4.49989, 0.543571, 1.30582
-4.49975, 0.543554, 1.38483
-4.4999, 0.543572, 1.46471
-4.49996, 0.543579, 1.54539
-4.49995, 0.543578, 1.62694
-4.49997, 0.54358, 1.70944
-4.49987, 0.543568, 1.7929
-4.49997, 0.54358, 1.8775
-4.49991, 0.470529, -1.87409
-4.4999, 0.470528, -1.78967
-2.87583, 0.300709, -1.09049
-2.8507, 0.29808, -1.0288
-2.8448, 0.297464, -0.975207
-2.85258, 0.298277, -0.926833
-2.87181, 0.300289, -0.882226
-2.90422, 0.303677, -0.841254
-2.95698, 0.309194, -0.805159
-4.49993, 0.470531, -1.14778
-4.49988, 0.470526, -1.07089
-4.49992, 0.47053, -0.994597
-4.49998, 0.470536, -0.918844
-4.49995, 0.470534, -0.843566
-4.49996, 0.470534, -0.768743
-4.49998, 0.470536, -0.694327
-4.49997, 0.470535, -0.620272
-4.49991, 0.470529, -0.546537
-4.49985, 0.470523, -0.473088
-4.4998, 0.470518, -0.399888
-4.49999, 0.470537, -0.326913
-4.49988, 0.470525, -0.254085
-4.49997, 0.470535, -0.1814
-4.49995, 0.470533, -0.108802
-4.49992, 0.47053, -0.0362609
-4.49992, 0.47053, 0.0362609
-4.49995, 0.470533, 0.108802
-4.49997, 0.470535, 0.1814
-4.49988, 0.470525, 0.254085
-4.49999, 0.470537, 0.326913
-4.4998, 0.470518, 0.399888
-4.49985, 0.470523, 0.473088
-4.49991, 0.470529, 0.546537
-4.49997, 0.470535, 0.620272
-4.49998, 0.470536, 0.694327
-4.49996, 0.470534, 0.768743
-4.49995, 0.470534, 0.843566
-4.49998, 0.470536, 0.918844
-4.49992, 0.47053, 0.994597
-4.49988, 0.470526, 1.07089
-4.49993, 0.470531, 1.14778
-4.4998, 0.470517, 1.22525
-4.4999, 0.470528, 1.30347
-4.4999, 0.470528, 1.38238
-4.49983, 0.470521, 1.46204
-4.49988, 0.470525, 1.54257
-4.49994, 0.470532, 1.624
-4.49987, 0.470524, 1.70631
-4.4999, 0.470528, 1.78967
-4.49991, 0.470529, 1.87409
-2.85526, 0.252365, -1.1873
-2.79827, 0.247328, -1.11119
-2.77572, 0.245335, -1.05091
-2.76475, 0.244365, -0.996237
-2.7642, 0.244316, -0.946112
-2.77353, 0.245142, -0.899757
-2.79017, 0.246612, -0.855822
-2.81679, 0.248965, -0.814666
-2.85423, 0.252274, -0.77598
-2.90268, 0.256557, -0.739233
-2.97688, 0.263114, -0.707346
-4.49989, 0.397727, -0.993054
-4.49997, 0.397734, -0.917422
-4.4999, 0.397728, -0.842253
-4.49982, 0.397721, -0.767531
-4.49994, 0.397731, -0.693248
-4.49994, 0.397732, -0.61931
-4.49994, 0.397732, -0.545696
-4.49994, 0.397732, -0.472367
-4.49992, 0.39773, -0.399281
-4.49997, 0.397734, -0.326407
-4.49995, 0.397732, -0.253697
-4.49995, 0.397732, -0.181119
-4.49989, 0.397728, -0.108633
-4.49998, 0.397736, -0.0362054
-4.49998, 0.397736, 0.0362054
-4.49989, 0.397728, 0.108633
-4.49995, 0.397732, 0.181119
-4.49995, 0.397732, 0.253697
-4.49997, 0.397734, 0.326407
-4.49992, 0.39773, 0.399281
-4.49994, 0.397732, 0.472367
-4.49994, 0.397732, 0.545696
-4.49994, 0.397732, 0.61931
-4.49994, 0.397731, 0.693248
-4.49982, 0.397721, 0.767531
-4.4999, 0.397728, 0.842253
-4.49997, 0.397734, 0.917422
-4.49989, 0.397727, 0.993054
-4.49982, 0.397721, 1.06922
-4.49994, 0.397732, 1.14601
-4.49996, 0.397733, 1.2234
-4.49992, 0.39773, 1.30146
-4.49994, 0.397732, 1.38025
-4.49998, 0.397735, 1.45983
-4.49996, 0.397734, 1.54022
-4.4999, 0.397728, 1.62147
-4.49989, 0.397727, 1.70369
-4.49989, 0.397727, 1.7869
-4.49997, 0.397734, 1.87121
-2.75806, 0.19928, -1.14541
-2.72826, 0.197127, -1.082
-2.71783, 0.196373, -1.02766
-2.71657, 0.196282, -0.977617
-2.72051, 0.196567, -0.92996
-2.7303, 0.197274, -0.884593
-2.74631, 0.198431, -0.841283
-2.76851, 0.200035, -0.799673
-2.79653, 0.20206, -0.759316
-2.82975, 0.20446, -0.719731
-2.88543, 0.208483, -0.684735
-2.95931, 0.213821, -0.652231
-4.49999, 0.325141, -0.916246
-4.49992, 0.325136, -0.841173
-4.49992, 0.325136, -0.766561
-4.49997, 0.32514, -0.692361
-4.4999, 0.325135, -0.618507
-4.49999, 0.325141, -0.545
-4.49996, 0.325139, -0.47176
-4.49991, 0.325136, -0.398766
-4.49994, 0.325138, -0.325985
-4.49997, 0.32514, -0.253372
-4.4999, 0.325134, -0.180884
-4.49984, 0.32513, -0.108492
-4.49996, 0.325139, -0.0361587
-4.49996, 0.325139, 0.0361587
-4.49984, 0.32513, 0.108492
-4.4999, 0.325134, 0.180884
-4.49997, 0.32514, 0.253372
-4.49994, 0.325138, 0.325985
-4.49991, 0.325136, 0.398766
-4.49996, 0.325139, 0.47176
-4.49999, 0.325141, 0.545
-4.4999, 0.325135, 0.618507
-4.49997, 0.32514, 0.692361
-4.49992, 0.325136, 0.766561
-4.49992, 0.325136, 0.841173
-4.49999, 0.325141, 0.916246
-4.49998, 0.32514, 0.991796
-4.49993, 0.325136, 1.06787
-4.4999, 0.325134, 1.14452
-4.4999, 0.325135, 1.22182
-4.49993, 0.325137, 1.29979
-4.49995, 0.325138, 1.37848
-4.49997, 0.32514, 1.45795
-4.49998, 0.32514, 1.53824
-4.49995, 0.325138, 1.61941
-4.49994, 0.325138, 1.70151
-4.49995, 0.325138, 1.78463
-4.4999, 0.325135, 1.86878
-2.70047, 0.151655, -1.12033
-2.68848, 0.150982, -1.06512
-2.68003, 0.150507, -1.01233
-2.67976, 0.150492, -0.963378
-2.68501, 0.150787, -0.91688
-2.69525, 0.151362, -0.872337
-2.7105, 0.152218, -0.82946
-2.73088, 0.153363, -0.787993
-2.75657, 0.154806, -0.747696
-2.7906, 0.156716, -0.709043
-2.83059, 0.158963, -0.671032
-2.88752, 0.16216, -0.635755
-2.97084, 0.166839, -0.604273
-4.49995, 0.252712, -0.840313
-4.49987, 0.252707, -0.765764
-4.49999, 0.252714, -0.691651
-4.49994, 0.252711, -0.617877
-4.49993, 0.252711, -0.544432
-4.49996, 0.252712, -0.471276
-4.49995, 0.252712, -0.39836
-4.49997, 0.252713, -0.325652
-4.49998, 0.252713, -0.253112
-4.49993, 0.25271, -0.180699
-4.49991, 0.25271, -0.108382
-4.49999, 0.252714, -0.0361217
-4.49999, 0.252714, 0.0361217
-4.49991, 0.25271, 0.108382
-4.49993, 0.25271, 0.180699
-4.49998, 0.252713, 0.253112
-4.49997, 0.252713, 0.325652
-4.49995, 0.252712, 0.39836
-4.49996, 0.252712, 0.471276
-4.49993, 0.252711, 0.544432
-4.49994, 0.252711, 0.617877
-4.49999, 0.252714, 0.691651
-4.49987, 0.252707, 0.765764
-4.49995, 0.252712, 0.840313
-4.49994, 0.252711, 0.915293
-4.4999, 0.252709, 0.990759
-4.49985, 0.252706, 1.06675
-4.49991, 0.25271, 1.14335
-4.49994, 0.252711, 1.22057
-4.49995, 0.252712, 1.29845
-4.49995, 0.252712, 1.37706
-4.49997, 0.252713, 1.45645
-4.49988, 0.252708, 1.53663
-4.49995, 0.252712, 1.61774
-4.49999, 0.252714, 1.69978
-4.49991, 0.252709, 1.78278
-4.49994, 0.252711, 1.86687
-2.67025, 0.107058, -1.10694
-2.65661, 0.106511, -1.05168
-2.65186, 0.10632, -1.00091
-2.65228, 0.106337, -0.952763
-2.65681, 0.106519, -0.906551
-2.66576, 0.106878, -0.862129
-2.68115, 0.107495, -0.819845
-2.70217, 0.108337, -0.779106
-2.72733, 0.109346, -0.739193
-2.75776, 0.110566, -0.700159
-2.79558, 0.112083, -0.66222
-2.84203, 0.113945, -0.625256
-2.90813, 0.116595, -0.591061
-3.01104, 0.120721, -0.561844
-4.49993, 0.180415, -0.765183
-4.49998, 0.180417, -0.691117
-4.49987, 0.180412, -0.61739
-4.4999, 0.180414, -0.544009
-4.49995, 0.180415, -0.470911
-4.49994, 0.180415, -0.398051
-4.4999, 0.180414, -0.325396
-4.49993, 0.180415, -0.252914
-4.49992, 0.180414, -0.180559
-4.49991, 0.180414, -0.108298
-4.49983, 0.180411, -0.0360926
-4.49983, 0.180411, 0.0360926
-4.49991, 0.180414, 0.108298
-4.49992, 0.180414, 0.180559
-4.49993, 0.180415, 0.252914
-4.4999, 0.180414, 0.325396
-4.49994, 0.180415, 0.398051
-4.49995, 0.180415, 0.470911
-4.4999, 0.180414, 0.544009
-4.49987, 0.180412, 0.61739
-4.49998, 0.180417, 0.691117
-4.49993, 0.180415, 0.765183
-4.49998, 0.180417, 0.83967
-4.49996, 0.180416, 0.914593
-4.49995, 0.180415, 0.990004
-4.49987, 0.180412, 1.06593
-4.49997, 0.180416, 1.14248
-4.49995, 0.180416, 1.21963
-4.49997, 0.180416, 1.29746
-4.49986, 0.180412, 1.37597
-4.49996, 0.180416, 1.45532
-4.49991, 0.180414, 1.53545
-4.49993, 0.180415, 1.61648
-4.49981, 0.18041, 1.6984
-4.49988, 0.180413, 1.78139
-4.49985, 0.180411, 1.86539
-2.64343, 0.0635676, -1.09526
-2.63373, 0.0633344, -1.04209
-2.62876, 0.063215, -0.991688
-2.63087, 0.0632656, -0.944586
-2.63703, 0.0634138, -0.899341
-2.64751, 0.0636659, -0.855787
-2.66201, 0.0640146, -0.813576
-2.68044, 0.0644576, -0.772444
-2.70209, 0.0649783, -0.731976
-2.73324, 0.0657275, -0.693579
-2.76861, 0.0665779, -0.655494
-2.81257, 0.067635, -0.618457
-2.86438, 0.0688811, -0.581871
-2.94845, 0.0709027, -0.549881
-3.10116, 0.074575, -0.527061
-4.49993, 0.108212, -0.690754
-4.5, 0.108213, -0.617091
-4.49996, 0.108213, -0.543737
-4.49997, 0.108213, -0.470672
-4.49991, 0.108211, -0.397844
-4.49985, 0.10821, -0.325225
-4.49993, 0.108212, -0.252783
-4.49992, 0.108211, -0.180466
-4.49991, 0.108211, -0.108243
-4.49991, 0.108211, -0.0360746
-4.49991, 0.108211, 0.0360746
-4.49991, 0.108211, 0.108243
-4.49992, 0.108211, 0.180466
-4.49993, 0.108212, 0.252783
-4.49985, 0.10821, 0.325225
-4.49991, 0.108211, 0.397844
-4.49997, 0.108213, 0.470672
-4.49996, 0.108213, 0.543737
-4.5, 0.108213, 0.617091
-4.49993, 0.108212, 0.690754
-4.49981, 0.108209, 0.764769
-4.49992, 0.108212, 0.839228
-4.49991, 0.108211, 0.914113
-4.49993, 0.108212, 0.989491
-4.49994, 0.108212, 1.0654
-4.49986, 0.10821, 1.14187
-4.49991, 0.108211, 1.21899
-4.49989, 0.108211, 1.29677
-4.49985, 0.10821, 1.37526
-4.49995, 0.108212, 1.45457
-4.49995, 0.108212, 1.53468
-4.49991, 0.108211, 1.61565
-4.49987, 0.10821, 1.69755
-4.49989, 0.108211, 1.78048
-4.49992, 0.108212, 1.86447
-2.62502, 0.021038, -1.08735
-2.61539, 0.0209609, -1.03457
-2.61238, 0.0209367, -0.985253
-2.61492, 0.0209571, -0.93862
-2.62011, 0.0209987, -0.89334
-2.62946, 0.0210737, -0.849734
-2.64407, 0.0211908, -0.807885
-2.66371, 0.0213481, -0.767427
-2.6871, 0.0215356, -0.727728
-2.71285, 0.021742, -0.688228
-2.74856, 0.0220281, -0.650579
-2.78932, 0.0223548, -0.613187
-2.84127, 0.0227712, -0.577027
-2.90991, 0.0233213, -0.542554
-3.02311, 0.0242285, -0.513663
-4.49996, 0.0360647, -0.690582
-4.49995, 0.0360645, -0.616926
-4.49993, 0.0360644, -0.543594
-4.4999, 0.0360642, -0.470543
-4.49998, 0.0360648, -0.397748
-4.49997, 0.0360647, -0.32515
-4.49999, 0.0360649, -0.252722
-4.49983, 0.0360636, -0.180417
-4.4999, 0.0360642, -0.108215
-4.5, 0.036065, -0.0360661
-4.5, 0.036065, 0.0360661
-4.4999, 0.0360642, 0.108215
-4.49983, 0.0360636, 0.180417
-4.49999, 0.0360649, 0.252722
-4.49997, 0.0360647, 0.32515
-4.49998, 0.0360648, 0.397748
-4.4999, 0.0360642, 0.470543
-4.49993, 0.0360644, 0.543594
-4.49995, 0.0360645, 0.616926
-4.49996, 0.0360647, 0.690582
-4.49994, 0.0360645, 0.764595
-4.49995, 0.0360646, 0.839019
-4.49985, 0.0360638, 0.913866
-4.49993, 0.0360644, 0.989237
-4.4999, 0.0360641, 1.06512
-4.49978, 0.0360632, 1.14156
-4.49994, 0.0360645, 1.21869
-4.4999, 0.0360641, 1.29644
-4.49994, 0.0360645, 1.37494
-4.49991, 0.0360643, 1.45419
-4.49994, 0.0360645, 1.53428
-4.49982, 0.0360635, 1.6152
-4.49989, 0.0360641, 1.69712
-4.49998, 0.0360648, 1.78006
-4.49982, 0.0360636, 1.86395
-2.6112, -0.0209273, -1.08163
-2.60151, -0.0208496, -1.02908
-2.60077, -0.0208437, -0.980874
-2.60097, -0.0208453, -0.933612
-2.60911, -0.0209106, -0.889591
-2.61986, -0.0209967, -0.846631
-2.63396, -0.0211097, -0.804794
-2.65109, -0.021247, -0.763791
-2.67345, -0.0214262, -0.724033
-2.70124, -0.0216489, -0.685282
-2.73253, -0.0218997, -0.646785
-2.77358, -0.0222287, -0.609728
-2.8227, -0.0226224, -0.573256
-2.88153, -0.0230938, -0.537262
-2.98156, -0.0238955, -0.506604
-4.49996, -0.0360647, -0.690582
-4.49995, -0.0360645, -0.616926
-4.49993, -0.0360644, -0.543594
-4.4999, -0.0360642, -0.470543
-4.49998, -0.0360648, -0.397748
-4.49997, -0.0360647, -0.32515
-4.49999, -0.0360649, -0.252722
-4.49983, -0.0360636, -0.180417
-4.4999, -0.0360642, -0.108215
-4.5, -0.036065, -0.0360661
-4.5, -0.036065, 0.0360661
-4.4999, -0.0360642, 0.108215
-4.49983, -0.0360636, 0.180417
-4.49999, -0.0360649, 0.252722
-4.49997, -0.0360647, 0.32515
-4.49998, -0.0360648, 0.397748
-4.4999, -0.0360642, 0.470543
-4.49993, -0.0360644, 0.543594
-4.49995, -0.0360645, 0.616926
-4.49996, -0.0360647, 0.690582
-4.49994, -0.0360645, 0.764595
-4.49995, -0.0360646, 0.839019
-4.49985, -0.0360638, 0.913866
-4.49993, -0.0360644, 0.989237
-4.4999, -0.0360641, 1.06512
-4.49978, -0.0360632, 1.14156
-4.49994, -0.0360645, 1.21869
-4.4999, -0.0360641, 1.29644
-4.49994, -0.0360645, 1.37494
-4.49991, -0.0360643, 1.45419
-4.49994, -0.0360645, 1.53428
-4.49982, -0.0360635, 1.6152
-4.49989, -0.0360641, 1.69712
-4.49998, -0.0360648, 1.78006
-4.49982, -0.0360636, 1.86395
-2.60161, -0.0625621, -1.07793
-2.59399, -0.0623789, -1.02637
-2.59162, -0.0623218, -0.977675
-2.59439, -0.0623883, -0.931488
-2.60127, -0.0625538, -0.887144
-2.61036, -0.0627724, -0.843777
-2.62486, -0.0631213, -0.802222
-2.64376, -0.0635756, -0.761874
-2.66406, -0.0640638, -0.721674
-2.69219, -0.0647403, -0.683161
-2.72231, -0.0654645, -0.644532
-2.76284, -0.0664392, -0.607522
-2.80947, -0.0675605, -0.570716
-2.86832, -0.0689757, -0.534937
-2.9592, -0.0711611, -0.502933
-4.49993, -0.108212, -0.690754
-4.5, -0.108213, -0.617091
-4.49996, -0.108213, -0.543737
-4.49997, -0.108213, -0.470672
-4.49991, -0.108211, -0.397844
-4.49985, -0.10821, -0.325225
-4.49993, -0.108212, -0.252783
-4.49992, -0.108211, -0.180466
-4.49991, -0.108211, -0.108243
-4.49991, -0.108211, -0.0360746
-4.49991, -0.108211, 0.0360746
-4.49991, -0.108211, 0.108243
-4.49992, -0.108211, 0.180466
-4.49993, -0.108212, 0.252783
-4.49985, -0.10821, 0.325225
-4.49991, -0.108211, 0.397844
-4.49997, -0.108213, 0.470672
-4.49996, -0.108213, 0.543737
-4.5, -0.108213, 0.617091
-4.49993, -0.108212, 0.690754
-4.49981, -0.108209, 0.764769
-4.49992, -0.108212, 0.839228
-4.49991, -0.108211, 0.914113
-4.49993, -0.108212, 0.989491
-4.49994, -0.108212, 1.0654
-4.49986, -0.10821, 1.14187
-4.49991, -0.108211, 1.21899
-4.49989, -0.108211, 1.29677
-4.49985, -0.10821, 1.37526
-4.49995, -0.108212, 1.45457
-4.49995, -0.108212, 1.53468
-4.49991, -0.108211, 1.61565
-4.49987, -0.10821, 1.69755
-4.49989, -0.108211, 1.78048
-4.49992, -0.108212, 1.86447
-2.59597, -0.10408, -1.07615
-2.58937, -0.103815, -1.02507
-2.58608, -0.103683, -0.976087
-2.59016, -0.103847, -0.93045
-2.59549, -0.104061, -0.885631
-2.6068, -0.104514, -0.843059
-2.6201, -0.105047, -0.801178
-2.63858, -0.105788, -0.760772
-2.66002, -0.106648, -0.720951
-2.68671, -0.107718, -0.682121
-2.7184, -0.108988, -0.643937
-2.75693, -0.110533, -0.606535
-2.80297, -0.112379, -0.569688
-2.86166, -0.114732, -0.533969
-2.94864, -0.118219, -0.501397
-4.49998, -0.180417, -0.691117
-4.49987, -0.180412, -0.61739
-4.4999, -0.180414, -0.544009
-4.49995, -0.180415, -0.470911
-4.49994, -0.180415, -0.398051
-4.4999, -0.180414, -0.325396
-4.49993, -0.180415, -0.252914
-4.49992, -0.180414, -0.180559
-4.49991, -0.180414, -0.108298
-4.49983, -0.180411, -0.0360926
-4.49983, -0.180411, 0.0360926
-4.49991, -0.180414, 0.108298
-4.49992, -0.180414, 0.180559
-4.49993, -0.180415, 0.252914
-4.4999, -0.180414, 0.325396
-4.49994, -0.180415, 0.398051
-4.49995, -0.180415, 0.470911
-4.4999, -0.180414, 0.544009
-4.49987, -0.180412, 0.61739
-4.49998, -0.180417, 0.691117
-4.49993, -0.180415, 0.765183
-4.49998, -0.180417, 0.83967
-4.49996, -0.180416, 0.914593
-4.49995, -0.180415, 0.990004
-4.49987, -0.180412, 1.06593
-4.49997, -0.180416, 1.14248
-4.49995, -0.180416, 1.21963
-4.49997, -0.180416, 1.29746
-4.49986, -0.180412, 1.37597
-4.49996, -0.180416, 1.45532
-4.49991, -0.180414, 1.53545
-4.49993, -0.180415, 1.61648
-4.49981, -0.18041, 1.6984
-4.49988, -0.180413, 1.78139
-4.49985, -0.180411, 1.86539
-2.59483, -0.145722, -1.07651
-2.58802, -0.14534, -1.02532
-2.58492, -0.145166, -0.976402
-2.58875, -0.145381, -0.93066
-2.59446, -0.145702, -0.88596
-2.60489, -0.146288, -0.843093
-2.61819, -0.147034, -0.80121
-2.63734, -0.14811, -0.761003
-2.65851, -0.149299, -0.721096
-2.68545, -0.150812, -0.682327
-2.71724, -0.152597, -0.644159
-2.75568, -0.154755, -0.606726
-2.80172, -0.157341, -0.569874
-2.86046, -0.16064, -0.534157
-2.94809, -0.165561, -0.50169
-4.49999, -0.252714, -0.691651
-4.49994, -0.252711, -0.617877
-4.49993, -0.252711, -0.544432
-4.49996, -0.252712, -0.471276
-4.49995, -0.252712, -0.39836
-4.49997, -0.252713, -0.325652
-4.49998, -0.252713, -0.253112
-4.49993, -0.25271, -0.180699
-4.49991, -0.25271, -0.108382
-4.49999, -0.252714, -0.0361217
-4.49999, -0.252714, 0.0361217
-4.49991, -0.25271, 0.108382
-4.49993, -0.25271, 0.180699
-4.49998, -0.252713, 0.253112
-4.49997, -0.252713, 0.325652
-4.49995, -0.252712, 0.39836
-4.49996, -0.252712, 0.471276
-4.49993, -0.252711, 0.544432
-4.49994, -0.252711, 0.617877
-4.49999, -0.252714, 0.691651
-4.49987, -0.252707, 0.765764
-4.49995, -0.252712, 0.840313
-4.49994, -0.252711, 0.915293
-4.4999, -0.252709, 0.990759
-4.49985, -0.252706, 1.06675
-4.49991, -0.25271, 1.14335
-4.49994, -0.252711, 1.22057
-4.49995, -0.252712, 1.29845
-4.49995, -0.252712, 1.37706
-4.49997, -0.252713, 1.45645
-4.49988, -0.252708, 1.53663
-4.49995, -0.252712, 1.61774
-4.49999, -0.252714, 1.69978
-4.49991, -0.252709, 1.78278
-4.49994, -0.252711, 1.86687
-2.59799, -0.187715, -1.07893
-2.58985, -0.187127, -1.02711
-2.58796, -0.18699, -0.978557
-2.58993, -0.187132, -0.932043
-2.59739, -0.187671, -0.887874
-2.60712, -0.188374, -0.844684
-2.62141, -0.189407, -0.803023
-2.63958, -0.19072, -0.762433
-2.65935, -0.192148, -0.722067
-2.68825, -0.194236, -0.683743
-2.7179, -0.196378, -0.644979
-2.75908, -0.199354, -0.6081
-2.80632, -0.202767, -0.571397
-2.86467, -0.206983, -0.535494
-2.95779, -0.213711, -0.503858
-4.49997, -0.32514, -0.692361
-4.4999, -0.325135, -0.618507
-4.49999, -0.325141, -0.545
-4.49996, -0.325139, -0.47176
-4.49991, -0.325136, -0.398766
-4.49994, -0.325138, -0.325985
-4.49997, -0.32514, -0.253372
-4.4999, -0.325134, -0.180884
-4.49984, -0.32513, -0.108492
-4.49996, -0.325139, -0.0361587
-4.49996, -0.325139, 0.0361587
-4.49984, -0.32513, 0.108492
-4.4999, -0.325134, 0.180884
-4.49997, -0.32514, 0.253372
-4.49994, -0.325138, 0.325985
-4.49991, -0.325136, 0.398766
-4.49996, -0.325139, 0.47176
-4.49999, -0.325141, 0.545
-4.4999, -0.325135, 0.618507
-4.49997, -0.32514, 0.692361
-4.49992, -0.325136, 0.766561
-4.49992, -0.325136, 0.841173
-4.49999, -0.325141, 0.916246
-4.49998, -0.32514, 0.991796
-4.49993, -0.325136, 1.06787
-4.4999, -0.325134, 1.14452
-4.4999, -0.325135, 1.22182
-4.49993, -0.325137, 1.29979
-4.49995, -0.325138, 1.37848
-4.49997, -0.32514, 1.45795
-4.49998, -0.32514, 1.53824
-4.49995, -0.325138, 1.61941
-4.49994, -0.325138, 1.70151
-4.49995, -0.325138, 1.78463
-4.4999, -0.325135, 1.86878
-2.60502, -0.230247, -1.08324
-2.59435, -0.229304, -1.03022
-2.59421, -0.229292, -0.982186
-2.5952, -0.22938, -0.935143
-2.60166, -0.22995, -0.890479
-2.61271, -0.230927, -0.847585
-2.62669, -0.232162, -0.805676
-2.64336, -0.233637, -0.764509
-2.66728, -0.23575, -0.725154
-2.69429, -0.238137, -0.68616
-2.72691, -0.241021, -0.647952
-2.76736, -0.244596, -0.610712
-2.8172, -0.249002, -0.574352
-2.87812, -0.254386, -0.538702
-2.98075, -0.263457, -0.508424
-4.49994, -0.397731, -0.693248
-4.49994, -0.397732, -0.61931
-4.49994, -0.397732, -0.545696
-4.49994, -0.397732, -0.472367
-4.49992, -0.39773, -0.399281
-4.49997, -0.397734, -0.326407
-4.49995, -0.397732, -0.253697
-4.49995, -0.397732, -0.181119
-4.49989, -0.397728, -0.108633
-4.49998, -0.397736, -0.0362054
-4.49998, -0.397736, 0.0362054
-4.49989, -0.397728, 0.108633
-4.49995, -0.397732, 0.181119
-4.49995, -0.397732, 0.253697
-4.49997, -0.397734, 0.326407
-4.49992, -0.39773, 0.399281
-4.49994, -0.397732, 0.472367
-4.49994, -0.397732, 0.545696
-4.49994, -0.397732, 0.61931
-4.49994, -0.397731, 0.693248
-4.49982, -0.397721, 0.767531
-4.4999, -0.397728, 0.842253
-4.49997, -0.397734, 0.917422
-4.49989, -0.397727, 0.993054
-4.49982, -0.397721, 1.06922
-4.49994, -0.397732, 1.14601
-4.49996, -0.397733, 1.2234
-4.49992, -0.39773, 1.30146
-4.49994, -0.397732, 1.38025
-4.49998, -0.397735, 1.45983
-4.49996, -0.397734, 1.54022
-4.4999, -0.397728, 1.62147
-4.49989, -0.397727, 1.70369
-4.49989, -0.397727, 1.7869
-4.49997, -0.397734, 1.87121
-2.61645, -0.273587, -1.08968
-2.60708, -0.272607, -1.03687
-2.60254, -0.272132, -0.986863
-2.60575, -0.272468, -0.940399
-2.61157, -0.273077, -0.895257
-2.62129, -0.274093, -0.851686
-2.63578, -0.275608, -0.809716
-2.65486, -0.277603, -0.769021
-2.67778, -0.28, -0.729136
-2.7033, -0.282669, -0.689522
-2.73975, -0.286479, -0.652009
-2.7806, -0.29075, -0.614582
-2.83311, -0.296242, -0.578489
-2.90546, -0.303807, -0.54466
-3.02577, -0.316387, -0.516902
-4.49998, -0.470536, -0.694327
-4.49997, -0.470535, -0.620272
-4.49991, -0.470529, -0.546537
-4.49985, -0.470523, -0.473088
-4.4998, -0.470518, -0.399888
-4.49999, -0.470537, -0.326913
-4.49988, -0.470525, -0.254085
-4.49997, -0.470535, -0.1814
-4.49995, -0.470533, -0.108802
-4.49992, -0.47053, -0.0362609
-4.49992, -0.47053, 0.0362609
-4.49995, -0.470533, 0.108802
-4.49997, -0.470535, 0.1814
-4.49988, -0.470525, 0.254085
-4.49999, -0.470537, 0.326913
-4.4998, -0.470518, 0.399888
-4.49985, -0.470523, 0.473088
-4.49991, -0.470529, 0.546537
-4.49997, -0.470535, 0.620272
-4.49998, -0.470536, 0.694327
-4.49996, -0.470534, 0.768743
-4.49995, -0.470534, 0.843566
-4.49998, -0.470536, 0.918844
-4.49992, -0.47053, 0.994597
-4.49988, -0.470526, 1.07089
-4.49993, -0.470531, 1.14778
-4.4998, -0.470517, 1.22525
-4.4999, -0.470528, 1.30347
-4.4999, -0.470528, 1.38238
-4.49983, -0.470521, 1.46204
-4.49988, -0.470525, 1.54257
-4.49994, -0.470532, 1.624
-4.49987, -0.470524, 1.70631
-4.4999, -0.470528, 1.78967
-4.49991, -0.470529, 1.87409
-2.63323, -0.318084, -1.09865
-2.62268, -0.316811, -1.04496
-2.6182, -0.31627, -0.994597
-2.61709, -0.316136, -0.946198
-2.62457, -0.317039, -0.901338
-2.63562, -0.318373, -0.857888
-2.64966, -0.320069, -0.81545
-2.66902, -0.322408, -0.77452
-2.69145, -0.325118, -0.734183
-2.72197, -0.328804, -0.695537
-2.75741, -0.333086, -0.657399
-2.80259, -0.338543, -0.620564
-2.85601, -0.344996, -0.584219
-2.94444, -0.355678, -0.552966
-4.49998, -0.543582, -0.770136
-4.49993, -0.543575, -0.695574
-4.49991, -0.543573, -0.621385
-4.49987, -0.543568, -0.54752
-4.49997, -0.543581, -0.473956
-4.49995, -0.543578, -0.400624
-4.4999, -0.543572, -0.327498
-4.49992, -0.543575, -0.254547
-4.49984, -0.543565, -0.181723
-4.49993, -0.543576, -0.108998
-4.49995, -0.543578, -0.0363267
-4.49995, -0.543578, 0.0363267
-4.49993, -0.543576, 0.108998
-4.49984, -0.543565, 0.181723
-4.49992, -0.543575, 0.254547
-4.4999, -0.543572, 0.327498
-4.49995, -0.543578, 0.400624
-4.49997, -0.543581, 0.473956
-4.49987, -0.543568, 0.54752
-4.49991, -0.543573, 0.621385
-4.49993, -0.543575, 0.695574
-4.49998, -0.543582, 0.770136
-4.49995, -0.543579, 0.845091
-4.49998, -0.543581, 0.920505
-4.49999, -0.543583, 0.99641
-4.49996, -0.543579, 1.07284
-4.49993, -0.543576, 1.14986
-4.49994, -0.543577, 1.22751
-4.49989, -0.543571, 1.30582
-4.49975, -0.543554, 1.38483
-4.4999, -0.543572, 1.46471
-4.49996, -0.543579, 1.54539
-4.49995, -0.543578, 1.62694
-4.49997, -0.54358, 1.70944
-4.49987, -0.543568, 1.7929
-4.49997, -0.54358, 1.8775
-2.6577, -0.364349, -1.11115
-2.64372, -0.362432, -1.05552
-2.63833, -0.361693, -1.00432
-2.63862, -0.361734, -0.955956
-2.64389, -0.362455, -0.90985
-2.65378, -0.363811, -0.865586
-2.66875, -0.365863, -0.823024
-2.68867, -0.368595, -0.781838
-2.7136, -0.372012, -0.741755
-2.74408, -0.376191, -0.702638
-2.78354, -0.381601, -0.665002
-2.82871, -0.387793, -0.627643
-2.90142, -0.397761, -0.594736
-3.01717, -0.413629, -0.567796
-4.49995, -0.616906, -0.771723
-4.49995, -0.616906, -0.697016
-4.4999, -0.616899, -0.622669
-4.49994, -0.616906, -0.548662
-4.49989, -0.616898, -0.474928
-4.4999, -0.616899, -0.401448
-4.49995, -0.616907, -0.32818
-4.49983, -0.61689, -0.255069
-4.49994, -0.616905, -0.182103
-4.49994, -0.616905, -0.109224
-4.49996, -0.616907, -0.0364019
-4.49996, -0.616907, 0.0364019
-4.49994, -0.616905, 0.109224
-4.49994, -0.616905, 0.182103
-4.49983, -0.61689, 0.255069
-4.49995, -0.616907, 0.32818
-4.4999, -0.616899, 0.401448
-4.49989, -0.616898, 0.474928
-4.49994, -0.616906, 0.548662
-4.4999, -0.616899, 0.622669
-4.49995, -0.616906, 0.697016
-4.49995, -0.616906, 0.771723
-4.49999, -0.616912, 0.846846
-4.49995, -0.616906, 0.922403
-4.49988, -0.616896, 0.998446
-4.4999, -0.6169, 1.07505
-4.49989, -0.616898, 1.15222
-4.49993, -0.616904, 1.23005
-4.49989, -0.616898, 1.30852
-4.49994, -0.616904, 1.38775
-4.49993, -0.616903, 1.46775
-4.49994, -0.616905, 1.54858
-4.49985, -0.616892, 1.63026
-4.49986, -0.616894, 1.71293
-4.4999, -0.616899, 1.79662
-4.49986, -0.616895, 1.88134
-2.691, -0.412958, -1.1277
-2.67347, -0.410268, -1.06989
-2.66606, -0.40913, -1.01724
-2.66372, -0.408772, -0.967298
-2.66895, -0.409575, -0.920618
-2.67916, -0.411142, -0.875903
-2.6944, -0.413479, -0.832872
-2.71475, -0.416603, -0.791262
-2.74172, -0.420742, -0.751189
-2.77596, -0.425996, -0.712458
-2.81477, -0.431952, -0.67403
-2.87941, -0.441872, -0.640382
-2.97275, -0.456195, -0.610777
-4.49997, -0.690561, -0.848816
-4.49997, -0.69056, -0.773525
-4.49997, -0.69056, -0.698644
-4.49992, -0.690554, -0.624124
-4.49997, -0.690561, -0.549944
-4.49988, -0.690547, -0.476034
-4.49993, -0.690554, -0.402387
-4.49996, -0.690559, -0.328945
-4.49991, -0.690552, -0.255668
-4.49989, -0.690548, -0.182525
-4.49991, -0.690552, -0.109478
-4.49999, -0.690563, -0.036487
-4.49999, -0.690563, 0.036487
-4.49991, -0.690552, 0.109478
-4.49989, -0.690548, 0.182525
-4.49991, -0.690552, 0.255668
-4.49996, -0.690559, 0.328945
-4.49993, -0.690554, 0.402387
-4.49988, -0.690547, 0.476034
-4.49997, -0.690561, 0.549944
-4.49992, -0.690554, 0.624124
-4.49997, -0.69056, 0.698644
-4.49997, -0.69056, 0.773525
-4.49997, -0.690561, 0.848816
-4.49995, -0.690557, 0.924553
-4.49989, -0.690548, 1.00078
-4.49994, -0.690556, 1.07756
-4.49993, -0.690554, 1.15492
-4.49991, -0.690552, 1.23291
-4.49981, -0.690536, 1.31155
-4.49997, -0.690561, 1.391
-4.49996, -0.69056, 1.47118
-4.49994, -0.690556, 1.55219
-4.49989, -0.690548, 1.63408
-4.49999, -0.690564, 1.71697
-4.49992, -0.690553, 1.80081
-4.49996, -0.690558, 1.88576
-2.74987, -0.467221, -1.15536
-2.71846, -0.461885, -1.09072
-2.69974, -0.458704, -1.03276
-2.69923, -0.458617, -0.982735
-2.70368, -0.459374, -0.935017
-2.7137, -0.461076, -0.889495
-2.72959, -0.463775, -0.845939
-2.75134, -0.467471, -0.804006
-2.77862, -0.472107, -0.763275
-2.81904, -0.478974, -0.725392
-2.87635, -0.488712, -0.690563
-2.96246, -0.503343, -0.660562
-4.49996, -0.764574, -0.926955
-4.49987, -0.764559, -0.851
-4.49983, -0.764552, -0.775509
-4.4999, -0.764564, -0.700447
-4.49994, -0.764571, -0.625746
-4.49993, -0.764569, -0.551366
-4.49996, -0.764573, -0.477277
-4.4999, -0.764564, -0.403428
-4.49986, -0.764557, -0.329791
-4.49982, -0.76455, -0.256326
-4.49989, -0.764562, -0.182999
-4.49996, -0.764573, -0.109763
-4.49994, -0.76457, -0.0365813
-4.49994, -0.76457, 0.0365813
-4.49996, -0.764573, 0.109763
-4.49989, -0.764562, 0.182999
-4.49982, -0.76455, 0.256326
-4.49986, -0.764557, 0.329791
-4.4999, -0.764564, 0.403428
-4.49996, -0.764573, 0.477277
-4.49993, -0.764569, 0.551366
-4.49994, -0.764571, 0.625746
-4.4999, -0.764564, 0.700447
-4.49983, -0.764552, 0.775509
-4.49987, -0.764559, 0.851
-4.49996, -0.764574, 0.926955
-4.49993, -0.764569, 1.00338
-4.49996, -0.764575, 1.08036
-4.49993, -0.764569, 1.15792
-4.49991, -0.764565, 1.23611
-4.49993, -0.764569, 1.31499
-4.49991, -0.764566, 1.39459
-4.49998, -0.764577, 1.475
-4.49995, -0.764573, 1.55622
-4.49999, -0.764579, 1.63836
-4.49993, -0.764568, 1.72141
-4.49996, -0.764574, 1.8055
-4.49997, -0.764576, 1.89066
-4.49999, -0.838998, -1.89608
-2.79545, -0.521197, -1.12482
-2.76518, -0.515552, -1.06082
-2.75394, -0.513457, -1.00552
-2.75321, -0.513322, -0.954869
-2.76071, -0.514719, -0.907493
-2.77954, -0.51823, -0.863884
-2.80613, -0.523188, -0.822365
-2.84366, -0.530185, -0.783376
-2.89758, -0.540239, -0.747736
-2.99162, -0.557771, -0.720291
-4.49996, -0.838994, -1.00626
-4.49996, -0.838992, -0.929605
-4.49993, -0.838988, -0.853446
-4.49998, -0.838997, -0.777753
-4.49992, -0.838985, -0.702452
-4.49992, -0.838985, -0.627533
-4.4999, -0.838982, -0.552939
-4.49992, -0.838985, -0.478638
-4.49984, -0.83897, -0.404577
-4.49992, -0.838986, -0.330739
-4.49988, -0.838979, -0.257063
-4.49995, -0.838991, -0.183525
-4.49984, -0.838971, -0.110074
-4.49999, -0.838998, -0.0366863
-4.49999, -0.838998, 0.0366863
-4.49984, -0.838971, 0.110074
-4.49995, -0.838991, 0.183525
-4.49988, -0.838979, 0.257063
-4.49992, -0.838986, 0.330739
-4.49984, -0.83897, 0.404577
-4.49992, -0.838985, 0.478638
-4.4999, -0.838982, 0.552939
-4.49992, -0.838985, 0.627533
-4.49992, -0.838985, 0.702452
-4.49998, -0.838997, 0.777753
-4.49993, -0.838988, 0.853446
-4.49996, -0.838992, 0.929605
-4.49996, -0.838994, 1.00626
-4.49991, -0.838983, 1.08344
-4.49989, -0.83898, 1.16122
-4.49989, -0.83898, 1.23964
-4.49997, -0.838994, 1.31876
-4.49996, -0.838993, 1.39859
-4.49985, -0.838973, 1.47918
-4.49996, -0.838993, 1.56068
-4.49993, -0.838987, 1.64302
-4.49996, -0.838993, 1.72634
-4.49996, -0.838992, 1.81066
-4.49999, -0.838998, 1.89608
-4.49998, -0.913863, -1.902
-4.49993, -0.913852, -1.81631
-4.49994, -0.913855, -1.73173
-2.85429, -0.579653, -1.04542
-2.84318, -0.577397, -0.989155
-2.84889, -0.578557, -0.939408
-2.86982, -0.582807, -0.894731
-2.90444, -0.589838, -0.853836
-2.97463, -0.604093, -0.822018
-4.49985, -0.913836, -1.16484
-4.49988, -0.913841, -1.08682
-4.49998, -0.913863, -1.00941
-4.49996, -0.913858, -0.932512
-4.4999, -0.913846, -0.856108
-4.49998, -0.913862, -0.780184
-4.49993, -0.913853, -0.704651
-4.49994, -0.913855, -0.629498
-4.4999, -0.913846, -0.554668
-4.49987, -0.91384, -0.48013
-4.49983, -0.913832, -0.405841
-4.49998, -0.913862, -0.331777
-4.49995, -0.913856, -0.25787
-4.49981, -0.913828, -0.184093
-4.49994, -0.913854, -0.110421
-4.49994, -0.913854, -0.0368007
-4.49994, -0.913854, 0.0368007
-4.49994, -0.913854, 0.110421
-4.49981, -0.913828, 0.184093
-4.49995, -0.913856, 0.25787
-4.49998, -0.913862, 0.331777
-4.49983, -0.913832, 0.405841
-4.49987, -0.91384, 0.48013
-4.4999, -0.913846, 0.554668
-4.49994, -0.913855, 0.629498
-4.49993, -0.913853, 0.704651
-4.49998, -0.913862, 0.780184
-4.4999, -0.913846, 0.856108
-4.49996, -0.913858, 0.932512
-4.49998, -0.913863, 1.00941
-4.49988, -0.913841, 1.08682
-4.49985, -0.913836, 1.16484
-4.49989, -0.913844, 1.24351
-4.49996, -0.913858, 1.32288
-4.49996, -0.913859, 1.40297
-4.49989, -0.913843, 1.48381
-4.49998, -0.913862, 1.56556
-4.49997, -0.91386, 1.64817
-4.49994, -0.913855, 1.73173
-4.49993, -0.913852, 1.81631
-4.49998, -0.913863, 1.902
-4.49993, -0.989205, -1.90844
-4.49995, -0.98921, -1.82249
-4.49995, -0.989209, -1.73761
-4.49997, -0.989215, -1.65377
-4.4999, -0.9892, -1.57085
-4.49987, -0.989192, -1.48884
-4.49998, -0.989216, -1.40773
-4.49992, -0.989203, -1.32736
-4.49987, -0.989193, -1.24773
-4.49996, -0.989212, -1.16882
-4.49995, -0.989211, -1.09053
-4.49983, -0.989183, -1.0128
-4.49993, -0.989207, -0.935673
-4.49998, -0.989217, -0.859029
-4.49992, -0.989203, -0.782822
-4.49991, -0.989201, -0.707039
-4.49998, -0.989217, -0.63164
-4.49993, -0.989205, -0.556554
-4.49984, -0.989186, -0.481756
-4.49984, -0.989185, -0.407219
-4.49998, -0.989217, -0.332904
-4.49996, -0.989213, -0.258747
-4.49995, -0.98921, -0.184723
-4.49994, -0.989208, -0.110796
-4.49988, -0.989195, -0.0369251
-4.49988, -0.989195, 0.0369251
-4.49994, -0.989208, 0.110796
-4.49995, -0.98921, 0.184723
-4.49996, -0.989213, 0.258747
-4.49998, -0.989217, 0.332904
-4.49984, -0.989185, 0.407219
-4.49984, -0.989186, 0.481756
-4.49993, -0.989205, 0.556554
-4.49998, -0.989217, 0.63164
-4.49991, -0.989201, 0.707039
-4.49992, -0.989203, 0.782822
-4.49998, -0.989217, 0.859029
-4.49993, -0.989207, 0.935673
-4.49983, -0.989183, 1.0128
-4.49995, -0.989211, 1.09053
-4.49996, -0.989212, 1.16882
-4.49987, -0.989193, 1.24773
-4.49992, -0.989203, 1.32736
-4.49998, -0.989216, 1.40773
-4.49987, -0.989192, 1.48884
-4.4999, -0.9892, 1.57085
-4.49997, -0.989215, 1.65377
-4.49995, -0.989209, 1.73761
-4.49995, -0.98921, 1.82249
-4.49993, -0.989205, 1.90844
-4.49989, -1.06508, -1.91542
-4.49994, -1.0651, -1.82917
-4.49996, -1.0651, -1.74399
-4.49997, -1.0651, -1.65983
-4.49986, -1.06508, -1.57659
-4.49995, -1.0651, -1.49433
-4.49997, -1.0651, -1.41289
-4.49993, -1.06509, -1.33223
-4.49996, -1.0651, -1.25233
-4.49994, -1.0651, -1.1731
-4.49994, -1.0651, -1.09452
-4.49997, -1.0651, -1.01655
-4.49993, -1.06509, -0.939102
-4.49997, -1.0651, -0.862176
-4.49999, -1.06511, -0.785704
-4.49995, -1.0651, -0.709637
-4.4999, -1.06508, -0.633944
-4.4999, -1.06508, -0.55859
-4.49998, -1.0651, -0.483537
-4.49995, -1.0651, -0.408722
-4.49997, -1.0651, -0.334123
-4.49998, -1.0651, -0.259696
-4.49994, -1.0651, -0.1854
-4.49995, -1.0651, -0.111202
-4.49985, -1.06507, -0.0370602
-4.49985, -1.06507, 0.0370602
-4.49995, -1.0651, 0.111202
-4.49994, -1.0651, 0.1854
-4.49998, -1.0651, 0.259696
-4.49997, -1.0651, 0.334123
-4.49995, -1.0651, 0.408722
-4.49998, -1.0651, 0.483537
-4.4999, -1.06508, 0.55859
-4.4999, -1.06508, 0.633944
-4.49995, -1.0651, 0.709637
-4.49999, -1.06511, 0.785704
-4.49997, -1.0651, 0.862176
-4.49993, -1.06509, 0.939102
-4.49997, -1.0651, 1.01655
-4.49994, -1.0651, 1.09452
-4.49994, -1.0651, 1.1731
-4.49996, -1.0651, 1.25233
-4.49993, -1.06509, 1.33223
-4.49997, -1.0651, 1.41289
-4.49995, -1.0651, 1.49433
-4.49986, -1.06508, 1.57659
-4.49997, -1.0651, 1.65983
-4.49996, -1.0651, 1.74399
-4.49994, -1.0651, 1.82917
-4.49989, -1.06508, 1.91542
-4.4999, -1.14155, -1.92296
-4.49987, -1.14154, -1.83634
-4.49994, -1.14156, -1.75085
-4.49994, -1.14156, -1.66635
-4.49974, -1.14151, -1.58276
-4.49992, -1.14155, -1.5002
-4.49988, -1.14154, -1.41843
-4.49997, -1.14157, -1.33748
-4.49996, -1.14157, -1.25726
-4.4999, -1.14155, -1.17771
-4.49996, -1.14157, -1.09884
-4.49995, -1.14156, -1.02054
-4.49995, -1.14156, -0.942803
-4.49996, -1.14157, -0.86557
-4.49995, -1.14156, -0.788791
-4.49994, -1.14156, -0.71243
-4.49993, -1.14156, -0.636444
-4.49994, -1.14156, -0.560795
-4.49998, -1.14157, -0.48544
-4.49998, -1.14157, -0.410334
-4.49999, -1.14157, -0.33544
-4.49986, -1.14154, -0.260711
-4.49995, -1.14156, -0.18613
-4.49995, -1.14156, -0.11164
-4.49998, -1.14157, -0.0372072
-4.49998, -1.14157, 0.0372072
-4.49995, -1.14156, 0.11164
-4.49995, -1.14156, 0.18613
-4.49986, -1.14154, 0.260711
-4.49999, -1.14157, 0.33544
-4.49998, -1.14157, 0.410334
-4.49998, -1.14157, 0.48544
-4.49994, -1.14156, 0.560795
-4.49993, -1.14156, 0.636444
-4.49994, -1.14156, 0.71243
-4.49995, -1.14156, 0.788791
-4.49996, -1.14157, 0.86557
-4.49995, -1.14156, 0.942803
-4.49995, -1.14156, 1.02054
-4.49996, -1.14157, 1.09884
-4.4999, -1.14155, 1.17771
-4.49996, -1.14157, 1.25726
-4.49997, -1.14157, 1.33748
-4.49988, -1.14154, 1.41843
-4.49992, -1.14155, 1.5002
-4.49974, -1.14151, 1.58276
-4.49994, -1.14156, 1.66635
-4.49994, -1.14156, 1.75085
-4.49987, -1.14154, 1.83634
-4.4999, -1.14155, 1.92296
-4.49998, -1.21866, -1.93109
-4.49995, -1.21865, -1.8441
-4.49994, -1.21865, -1.75822
-4.49991, -1.21864, -1.67336
-4.49996, -1.21865, -1.5895
-4.49996, -1.21866, -1.50654
-4.4999, -1.21864, -1.42441
-4.49994, -1.21865, -1.34311
-4.49994, -1.21865, -1.26255
-4.49993, -1.21865, -1.18268
-4.49997, -1.21866, -1.10347
-4.49995, -1.21865, -1.02484
-4.4999, -1.21864, -0.946763
-4.49984, -1.21862, -0.869191
-4.49994, -1.21865, -0.792112
-4.49998, -1.21866, -0.715437
-4.49984, -1.21862, -0.639112
-4.49988, -1.21863, -0.56315
-4.49991, -1.21864, -0.487479
-4.49992, -1.21864, -0.412057
-4.4999, -1.21864, -0.336847
-4.49993, -1.21865, -0.261814
-4.49994, -1.21865, -0.186914
-4.49991, -1.21864, -0.112109
-4.49987, -1.21863, -0.037363
-4.49987, -1.21863, 0.037363
-4.49991, -1.21864, 0.112109
-4.49994, -1.21865, 0.186914
-4.49993, -1.21865, 0.261814
-4.4999, -1.21864, 0.336847
-4.49992, -1.21864, 0.412057
-4.49991, -1.21864, 0.487479
-4.49988, -1.21863, 0.56315
-4.49984, -1.21862, 0.639112
-4.49998, -1.21866, 0.715437
-4.49994, -1.21865, 0.792112
-4.49984, -1.21862, 0.869191
-4.4999, -1.21864, 0.946763
-4.49995, -1.21865, 1.02484
-4.49997, -1.21866, 1.10347
-4.49993, -1.21865, 1.18268
-4.49994, -1.21865, 1.26255
-4.49994, -1.21865, 1.34311
-4.4999, -1.21864, 1.42441
-4.49996, -1.21866, 1.50654
-4.49996, -1.21865, 1.5895
-4.49991, -1.21864, 1.67336
-4.49994, -1.21865, 1.75822
-4.49995, -1.21865, 1.8441
-4.49998, -1.21866, 1.93109
-4.49988, -1.29639, -1.93972
-4.49996, -1.29642, -1.85239
-4.49995, -1.29641, -1.76612
-4.49993, -1.29641, -1.68088
-4.49993, -1.29641, -1.59663
-4.49999, -1.29642, -1.51331
-4.49991, -1.2964, -1.43081
-4.49996, -1.29642, -1.34914
-4.49987, -1.29639, -1.26819
-4.49996, -1.29642, -1.18799
-4.4999, -1.2964, -1.1084
-4.49992, -1.29641, -1.02944
-4.49995, -1.29641, -0.951024
-4.49999, -1.29642, -0.873122
-4.49996, -1.29642, -0.795671
-4.49999, -1.29642, -0.71865
-4.49995, -1.29641, -0.641997
-4.49994, -1.29641, -0.565685
-4.49999, -1.29642, -0.489675
-4.4998, -1.29637, -0.413896
-4.49998, -1.29642, -0.338364
-4.49995, -1.29641, -0.26299
-4.49986, -1.29639, -0.18775
-4.49996, -1.29642, -0.112614
-4.49991, -1.2964, -0.0375311
-4.49991, -1.2964, 0.0375311
-4.49996, -1.29642, 0.112614
-4.49986, -1.29639, 0.18775
-4.49995, -1.29641, 0.26299
-4.49998, -1.29642, 0.338364
-4.4998, -1.29637, 0.413896
-4.49999, -1.29642, 0.489675
-4.49994, -1.29641, 0.565685
-4.49995, -1.29641, 0.641997
-4.49999, -1.29642, 0.71865
-4.49996, -1.29642, 0.795671
-4.49999, -1.29642, 0.873122
-4.49995, -1.29641, 0.951024
-4.49992, -1.29641, 1.02944
-4.4999, -1.2964, 1.1084
-4.49996, -1.29642, 1.18799
-4.49987, -1.29639, 1.26819
-4.49996, -1.29642, 1.34914
-4.49991, -1.2964, 1.43081
-4.49999, -1.29642, 1.51331
-4.49993, -1.29641, 1.59663
-4.49993, -1.29641, 1.68088
-4.49995, -1.29641, 1.76612
-4.49996, -1.29642, 1.85239
-4.49988, -1.29639, 1.93972
-4.49989, -1.37488, -1.94897
-4.49988, -1.37488, -1.86119
-4.49997, -1.3749, -1.77455
-4.49991, -1.37488, -1.68889
-4.49986, -1.37487, -1.60422
-4.49995, -1.3749, -1.52051
-4.49992, -1.37489, -1.43763
-4.49993, -1.37489, -1.35557
-4.49992, -1.37489, -1.27426
-4.49987, -1.37487, -1.19364
-4.49994, -1.37489, -1.1137
-4.49996, -1.3749, -1.03436
-4.49995, -1.3749, -0.955559
-4.49999, -1.37491, -0.877287
-4.49998, -1.3749, -0.799468
-4.49998, -1.37491, -0.722076
-4.49992, -1.37489, -0.645055
-4.49994, -1.37489, -0.568383
-4.49992, -1.37489, -0.492002
-4.49985, -1.37487, -0.415874
-4.49995, -1.3749, -0.339976
-4.49997, -1.3749, -0.264245
-4.49993, -1.37489, -0.188648
-4.49994, -1.37489, -0.11315
-4.49999, -1.37491, -0.0377107
-4.49999, -1.37491, 0.0377107
-4.49994, -1.37489, 0.11315
-4.49993, -1.37489, 0.188648
-4.49997, -1.3749, 0.264245
-4.49995, -1.3749, 0.339976
-4.49985, -1.37487, 0.415874
-4.49992, -1.37489, 0.492002
-4.49994, -1.37489, 0.568383
-4.49992, -1.37489, 0.645055
-4.49998, -1.37491, 0.722076
-4.49998, -1.3749, 0.799468
-4.49999, -1.37491, 0.877287
-4.49995, -1.3749, 0.955559
-4.49996, -1.3749, 1.03436
-4.49994, -1.37489, 1.1137
-4.49987, -1.37487, 1.19364
-4.49992, -1.37489, 1.27426
-4.49993, -1.37489, 1.35557
-4.49992, -1.37489, 1.43763
-4.49995, -1.3749, 1.52051
-4.49986, -1.37487, 1.60422
-4.49991, -1.37488, 1.68889
-4.49997, -1.3749, 1.77455
-4.49988, -1.37488, 1.86119
-4.49989, -1.37488, 1.94897
-4.49997, -1.45416, -1.95885
-4.49985, -1.45412, -1.87058
-4.4999, -1.45414, -1.78348
-4.49992, -1.45414, -1.69742
-4.49993, -1.45414, -1.61234
-4.49993, -1.45415, -1.52819
-4.49993, -1.45415, -1.44489
-4.49998, -1.45416, -1.36243
-4.49989, -1.45413, -1.28068
-4.49996, -1.45416, -1.19969
-4.49989, -1.45413, -1.11931
-4.49995, -1.45415, -1.03958
-4.49997, -1.45416, -0.960391
-4.49988, -1.45413, -0.881697
-4.4999, -1.45414, -0.803493
-4.49995, -1.45415, -0.725718
-4.49997, -1.45416, -0.64832
-4.49994, -1.45415, -0.571254
-4.49993, -1.45415, -0.494489
-4.49997, -1.45416, -0.417985
-4.49995, -1.45415, -0.341693
-4.49998, -1.45416, -0.26558
-4.49991, -1.45414, -0.1896
-4.4998, -1.4541, -0.113718
-4.49994, -1.45415, -0.0379008
-4.49994, -1.45415, 0.0379008
-4.4998, -1.4541, 0.113718
-4.49991, -1.45414, 0.1896
-4.49998, -1.45416, 0.26558
-4.49995, -1.45415, 0.341693
-4.49997, -1.45416, 0.417985
-4.49993, -1.45415, 0.494489
-4.49994, -1.45415, 0.571254
-4.49997, -1.45416, 0.64832
-4.49995, -1.45415, 0.725718
-4.4999, -1.45414, 0.803493
-4.49988, -1.45413, 0.881697
-4.49997, -1.45416, 0.960391
-4.49995, -1.45415, 1.03958
-4.49989, -1.45413, 1.11931
-4.49996, -1.45416, 1.19969
-4.49989, -1.45413, 1.28068
-4.49998, -1.45416, 1.36243
-4.49993, -1.45415, 1.44489
-4.49993, -1.45415, 1.52819
-4.49993, -1.45414, 1.61234
-4.49992, -1.45414, 1.69742
-4.4999, -1.45414, 1.78348
-4.49985, -1.45412, 1.87058
-4.49997, -1.45416, 1.95885
-4.49997, -1.53424, -1.96931
-4.49993, -1.53423, -1.88059
-4.49995, -1.53423, -1.79302
-4.49998, -1.53424, -1.7065
-4.49993, -1.53423, -1.62095
-4.49991, -1.53422, -1.53633
-4.49996, -1.53424, -1.45261
-4.49996, -1.53424, -1.3697
-4.49993, -1.53423, -1.28753
-4.49995, -1.53423, -1.20609
-4.49998, -1.53424, -1.12531
-4.49989, -1.53421, -1.04511
-4.4999, -1.53422, -0.9655
-4.49995, -1.53423, -0.886415
-4.49991, -1.53422, -0.807781
-4.49993, -1.53423, -0.729588
-4.49994, -1.53423, -0.651776
-4.49993, -1.53423, -0.574301
-4.49995, -1.53423, -0.497129
-4.49992, -1.53422, -0.420211
-4.49995, -1.53423, -0.343517
-4.49992, -1.53422, -0.266994
-4.49991, -1.53422, -0.190612
-4.4999, -1.53422, -0.114328
-4.49994, -1.53423, -0.038103
-4.49994, -1.53423, 0.038103
-4.4999, -1.53422, 0.114328
-4.49991, -1.53422, 0.190612
-4.49992, -1.53422, 0.266994
-4.49995, -1.53423, 0.343517
-4.49992, -1.53422, 0.420211
-4.49995, -1.53423, 0.497129
-4.49993, -1.53423, 0.574301
-4.49994, -1.53423, 0.651776
-4.49993, -1.53423, 0.729588
-4.49991, -1.53422, 0.807781
-4.49995, -1.53423, 0.886415
-4.4999, -1.53422, 0.9655
-4.49989, -1.53421, 1.04511
-4.49998, -1.53424, 1.12531
-4.49995, -1.53423, 1.20609
-4.49993, -1.53423, 1.28753
-4.49996, -1.53424, 1.3697
-4.49996, -1.53424, 1.45261
-4.49991, -1.53422, 1.53633
-4.49993, -1.53423, 1.62095
-4.49998, -1.53424, 1.7065
-4.49995, -1.53423, 1.79302
-4.49993, -1.53423, 1.88059
-4.49997, -1.53424, 1.96931
-4.49985, -1.61516, -1.98033
-4.49997, -1.6152, -1.89119
-4.49996, -1.6152, -1.80311
-4.49997, -1.6152, -1.7161
-4.4999, -1.61518, -1.63005
-4.49991, -1.61518, -1.54498
-4.49992, -1.61518, -1.46077
-4.49997, -1.6152, -1.3774
-4.49991, -1.61518, -1.29477
-4.49999, -1.61521, -1.21288
-4.49995, -1.6152, -1.13163
-4.49994, -1.61519, -1.051
-4.49994, -1.61519, -0.97094
-4.49983, -1.61515, -0.891377
-4.49998, -1.61521, -0.812338
-4.49992, -1.61518, -0.73369
-4.49998, -1.61521, -0.655447
-4.49994, -1.61519, -0.577532
-4.49986, -1.61516, -0.499916
-4.49989, -1.61517, -0.422572
-4.49994, -1.61519, -0.345447
-4.49991, -1.61518, -0.268495
-4.49992, -1.61519, -0.191684
-4.49993, -1.61519, -0.114971
-4.49995, -1.61519, -0.0383174
-4.49995, -1.61519, 0.0383174
-4.49993, -1.61519, 0.114971
-4.49992, -1.61519, 0.191684
-4.49991, -1.61518, 0.268495
-4.49994, -1.61519, 0.345447
-4.49989, -1.61517, 0.422572
-4.49986, -1.61516, 0.499916
-4.49994, -1.61519, 0.577532
-4.49998, -1.61521, 0.655447
-4.49992, -1.61518, 0.73369
-4.49998, -1.61521, 0.812338
-4.49983, -1.61515, 0.891377
-4.49994, -1.61519, 0.97094
-4.49994, -1.61519, 1.051
-4.49995, -1.6152, 1.13163
-4.49999, -1.61521, 1.21288
-4.49991, -1.61518, 1.29477
-4.49997, -1.6152, 1.3774
-4.49992, -1.61518, 1.46077
-4.49991, -1.61518, 1.54498
-4.4999, -1.61518, 1.63005
-4.49997, -1.6152, 1.7161
-4.49996, -1.6152, 1.80311
-4.49997, -1.6152, 1.89119
-4.49985, -1.61516, 1.98033
-4.49997, -1.6971, -1.9921
-4.49996, -1.6971, -1.90237
-4.49993, -1.69709, -1.81377
-4.49998, -1.6971, -1.72625
-4.49998, -1.6971, -1.63973
-4.49993, -1.69709, -1.55412
-4.49988, -1.69707, -1.4694
-4.49992, -1.69708, -1.38554
-4.49991, -1.69708, -1.30243
-4.49998, -1.6971, -1.22005
-4.49991, -1.69708, -1.13831
-4.49993, -1.69709, -1.05722
-4.49991, -1.69708, -0.976678
-4.49999, -1.69711, -0.896681
-4.49995, -1.69709, -0.817139
-4.49998, -1.6971, -0.73804
-4.49996, -1.6971, -0.659321
-4.49989, -1.69707, -0.580943
-4.49995, -1.69709, -0.502883
-4.49981, -1.69704, -0.425065
-4.49998, -1.6971, -0.347495
-4.49987, -1.69706, -0.270081
-4.49989, -1.69707, -0.192817
-4.49989, -1.69707, -0.115651
-4.49999, -1.69711, -0.0385444
-4.49999, -1.69711, 0.0385444
-4.49989, -1.69707, 0.115651
-4.49989, -1.69707, 0.192817
-4.49987, -1.69706, 0.270081
-4.49998, -1.6971, 0.347495
-4.49981, -1.69704, 0.425065
-4.49995, -1.69709, 0.502883
-4.49989, -1.69707, 0.580943
-4.49996, -1.6971, 0.659321
-4.49998, -1.6971, 0.73804
-4.49995, -1.69709, 0.817139
-4.49999, -1.69711, 0.896681
-4.49991, -1.69708, 0.976678
-4.49993, -1.69709, 1.05722
-4.49991, -1.69708, 1.13831
-4.49998, -1.6971, 1.22005
-4.49991, -1.69708, 1.30243
-4.49992, -1.69708, 1.38554
-4.49988, -1.69707, 1.4694
-4.49993, -1.69709, 1.55412
-4.49998, -1.6971, 1.63973
-4.49998, -1.6971, 1.72625
-4.49993, -1.69709, 1.81377
-4.49996, -1.6971, 1.90237
-4.49997, -1.6971, 1.9921
-4.4999, -1.77997, -2.00444
-4.49992, -1.77997, -1.91417
-4.4999, -1.77997, -1.82502
-4.49991, -1.77997, -1.73695
-4.49987, -1.77996, -1.64987
-4.49989, -1.77996, -1.56376
-4.49995, -1.77999, -1.47855
-4.49998, -1.78, -1.39416
-4.49988, -1.77996, -1.31051
-4.49994, -1.77998, -1.22762
-4.49995, -1.77999, -1.1454
-4.49988, -1.77996, -1.06377
-4.49993, -1.77998, -0.982747
-4.49997, -1.78, -0.902247
-4.49993, -1.77998, -0.82221
-4.49997, -1.78, -0.742623
-4.49991, -1.77997, -0.663409
-4.49988, -1.77996, -0.58455
-4.49995, -1.77999, -0.506007
-4.49994, -1.77998, -0.427717
-4.4999, -1.77997, -0.349647
-4.49993, -1.77998, -0.271763
-4.49983, -1.77994, -0.194012
-4.49992, -1.77998, -0.11637
-4.49991, -1.77997, -0.0387832
-4.49991, -1.77997, 0.0387832
-4.49992, -1.77998, 0.11637
-4.49983, -1.77994, 0.194012
-4.49993, -1.77998, 0.271763
-4.4999, -1.77997, 0.349647
-4.49994, -1.77998, 0.427717
-4.49995, -1.77999, 0.506007
-4.49988, -1.77996, 0.58455
-4.49991, -1.77997, 0.663409
-4.49997, -1.78, 0.742623
-4.49993, -1.77998, 0.82221
-4.49997, -1.78, 0.902247
-4.49993, -1.77998, 0.982747
-4.49988, -1.77996, 1.06377
-4.49995, -1.77999, 1.1454
-4.49994, -1.77998, 1.22762
-4.49988, -1.77996, 1.31051
-4.49998, -1.78, 1.39416
-4.49995, -1.77999, 1.47855
-4.49989, -1.77996, 1.56376
-4.49987, -1.77996, 1.64987
-4.49991, -1.77997, 1.73695
-4.4999, -1.77997, 1.82502
-4.49992, -1.77997, 1.91417
-4.4999, -1.77997, 2.00444
-4.49988, -1.86391, -2.01748
-4.49995, -1.86394, -1.92665
-4.49991, -1.86392, -1.8369
-4.49989, -1.86392, -1.74825
-4.49995, -1.86394, -1.66064
-4.49991, -1.86392, -1.57395
-4.49993, -1.86393, -1.48817
-4.49998, -1.86395, -1.40324
-4.5, -1.86396, -1.31907
-4.49999, -1.86396, -1.23563
-4.49988, -1.86391, -1.15283
-4.49984, -1.86389, -1.07069
-4.49995, -1.86394, -0.989151
-4.49997, -1.86395, -0.908122
-4.49991, -1.86392, -0.827559
-4.49997, -1.86395, -0.747458
-4.49984, -1.86389, -0.667718
-4.49996, -1.86394, -0.588365
-4.49994, -1.86394, -0.509301
-4.49997, -1.86395, -0.430504
-4.49996, -1.86394, -0.351928
-4.49991, -1.86392, -0.273531
-4.49997, -1.86395, -0.195281
-4.49984, -1.86389, -0.117125
-4.49994, -1.86394, -0.039036
-4.49994, -1.86394, 0.039036
-4.49984, -1.86389, 0.117125
-4.49997, -1.86395, 0.195281
-4.49991, -1.86392, 0.273531
-4.49996, -1.86394, 0.351928
-4.49997, -1.86395, 0.430504
-4.49994, -1.86394, 0.509301
-4.49996, -1.86394, 0.588365
-4.49984, -1.86389, 0.667718
-4.49997, -1.86395, 0.747458
-4.49991, -1.86392, 0.827559
-4.49997, -1.86395, 0.908122
-4.49995, -1.86394, 0.989151
-4.49984, -1.86389, 1.07069
-4.49988, -1.86391, 1.15283
-4.49999, -1.86396, 1.23563
-4.5, -1.86396, 1.31907
-4.49998, -1.86395, 1.40324
-4.49993, -1.86393, 1.48817
-4.49991, -1.86392, 1.57395
-4.49995, -1.86394, 1.66064
-4.49989, -1.86392, 1.74825
-4.49991, -1.86392, 1.8369
-4.49995, -1.86394, 1.92665
-4.49988, -1.86391, 2.01748
